0 0
1 0
2 0
3 0
4 0
5 0
6 0
7 0
8 0
9 0
10 0
11 0
12 0
13 0
14 0
15 0
16 0
17 0
18 0
19 0
20 0
21 0
22 0
23 0
24 0
25 0
26 0
27 0
28 0
29 0
30 0
31 0
32 0
33 0
34 0
35 0
36 0
37 0
38 0
39 0
40 0
41 0
42 0
43 0
44 0
45 0
46 0
47 0
48 0
49 0
50 0
51 0
52 0
53 0
54 0
55 0
56 0
57 0
58 0
59 0
60 0
61 0
62 0
63 0
64 0
65 0
66 0
67 0
68 0
69 0
70 0
71 0
72 0
73 0
74 0
75 0
76 0
77 0
78 0
79 0
80 0
81 0
82 0
83 0
84 0
85 0
86 0
87 0
88 0
89 0
90 0
91 0
92 0
93 0
94 0
95 0
96 0
97 0
98 0
99 0
100 0
101 0
102 0
103 0
104 0
105 0
106 0
107 0
108 0
109 0
110 0
111 0
112 0
113 0
114 0
115 0
116 0
117 0
118 0
119 0
120 0
121 0
122 0
123 0
124 0
125 0
126 0
127 1.01524e-75
128 1.30578e-73
129 9.38831e-72
130 4.89494e-70
131 2.02559e-68
132 6.95537e-67
133 2.03859e-65
134 5.20689e-64
135 1.17784e-62
136 2.39046e-61
137 4.39907e-60
138 7.40507e-59
139 1.14864e-57
140 1.6521e-56
141 2.21528e-55
142 2.78217e-54
143 3.28611e-53
144 3.66345e-52
145 3.86728e-51
146 3.8768e-50
147 3.70015e-49
148 3.37022e-48
149 2.93571e-47
150 2.45033e-46
151 1.96321e-45
152 1.51233e-44
153 1.1218e-43
154 8.02379e-43
155 5.54114e-42
156 3.69909e-41
157 2.38974e-40
158 1.49562e-39
159 9.07671e-39
160 5.34652e-38
161 3.0593e-37
162 1.70189e-36
163 9.21152e-36
164 4.85437e-35
165 2.49248e-34
166 1.24768e-33
167 6.09281e-33
168 2.90416e-32
169 1.35192e-31
170 6.14943e-31
171 2.73456e-30
172 1.18935e-29
173 5.06178e-29
174 2.10886e-28
175 8.60442e-28
176 3.4395e-27
177 1.3475e-26
178 5.17579e-26
179 1.94979e-25
180 7.2061e-25
181 2.61368e-24
182 9.30617e-24
183 3.25373e-23
184 1.11738e-22
185 3.77003e-22
186 1.25003e-21
187 4.07411e-21
188 1.30551e-20
189 4.11399e-20
190 1.27517e-19
191 3.88853e-19
192 1.16681e-18
193 3.4458e-18
194 1.00169e-17
195 2.86687e-17
196 8.07941e-17
197 2.24242e-16
198 6.13038e-16
199 1.65101e-15
200 4.38089e-15
201 1.14547e-14
202 2.95164e-14
203 7.49642e-14
204 1.87674e-13
205 4.63187e-13
206 1.12708e-12
207 2.70421e-12
208 6.39808e-12
209 1.49285e-11
210 3.43538e-11
211 7.79748e-11
212 1.74575e-10
213 3.85551e-10
214 8.39999e-10
215 1.80547e-09
216 3.82855e-09
217 8.00986e-09
218 1.65339e-08
219 3.36738e-08
220 6.76681e-08
221 1.34169e-07
222 2.62482e-07
223 5.06663e-07
224 9.64957e-07
225 1.81324e-06
226 3.3616e-06
227 6.14845e-06
228 1.10941e-05
229 1.97468e-05
230 3.46698e-05
231 6.00373e-05
232 0.000102533
233 0.000172677
234 0.000286734
235 0.000469392
236 0.000757422
237 0.0012045
238 0.00188738
239 0.00291338
240 0.00442903
241 0.00662936
242 0.00976664
243 0.014157
244 0.0201822
245 0.0282833
246 0.0389421
247 0.0526453
248 0.069828
249 0.0907921
250 0.115601
251 0.143954
252 0.175048
253 0.20745
254 0.239
255 0.266785
256 0.287207
257 0.296201
258 0.289602
259 0.263686
260 0.215848
261 0.145343
262 0.0539938
263 -0.0532894
264 -0.168341
265 -0.280077
266 -0.375449
267 -0.441014
268 -0.465021
269 -0.439735
270 -0.363601
271 -0.24275
272 -0.0913745
273 0.0694253
274 0.214409
275 0.318373
276 0.361091
277 0.332079
278 0.234018
279 0.0837882
280 -0.0895866
281 -0.250118
282 -0.362393
283 -0.399933
284 -0.352328
285 -0.229099
286 -0.0587748
287 0.117186
288 0.254576
289 0.318328
290 0.29283
291 0.187447
292 0.0350456
293 -0.116759
294 -0.219604
295 -0.239682
296 -0.169461
297 -0.0315912
298 0.12707
299 0.250181
300 0.291076
301 0.229982
302 0.0829347
303 -0.101615
304 -0.258365
305 -0.328226
306 -0.280848
307 -0.128026
308 0.0779862
309 0.261868
310 0.352877
311 0.312657
312 0.15217
313 -0.0698963
314 -0.268026
315 -0.362952
316 -0.314171
317 -0.138348
318 0.0950479
319 0.290529
320 0.365777
321 0.287155
322 0.0859213
323 -0.15306
324 -0.326639
325 -0.358325
326 -0.233173
327 -0.00631966
328 0.220018
329 0.342005
330 0.302048
331 0.116776
332 -0.128926
333 -0.320422
334 -0.367288
335 -0.247252
336 -0.0183624
337 0.207814
338 0.320161
339 0.263241
340 0.066108
341 -0.170807
342 -0.325484
343 -0.316491
344 -0.145824
345 0.1005
346 0.295767
347 0.338359
348 0.205829
349 -0.0319465
350 -0.248756
351 -0.32914
352 -0.23094
353 -0.00898749
354 0.214093
355 0.315107
356 0.238983
357 0.0304036
358 -0.19039
359 -0.29524
360 -0.221574
361 -0.00965712
362 0.218811
363 0.329828
364 0.254857
365 0.0319823
366 -0.214528
367 -0.345543
368 -0.288155
369 -0.0786379
370 0.158914
371 0.286337
372 0.233806
373 0.041108
374 -0.167748
375 -0.261588
376 -0.183638
377 0.0131519
378 0.199718
379 0.253114
380 0.135826
381 -0.0785928
382 -0.251176
383 -0.266658
384 -0.109421
385 0.123444
386 0.282253
387 0.260998
388 0.067933
389 -0.176469
390 -0.31507
391 -0.255768
392 -0.033304
393 0.210598
394 0.317907
395 0.217765
396 -0.0253991
397 -0.252379
398 -0.313414
399 -0.167935
400 0.0871268
401 0.281021
402 0.283642
403 0.0940224
404 -0.158052
405 -0.300037
406 -0.235179
407 -0.00992638
408 0.217709
409 0.288375
410 0.153713
411 -0.0889228
412 -0.265486
413 -0.250003
414 -0.0556532
415 0.174736
416 0.273158
417 0.169864
418 -0.0557876
419 -0.235551
420 -0.238626
421 -0.0684869
422 0.143105
423 0.238886
424 0.154946
425 -0.0359825
426 -0.187058
427 -0.192237
428 -0.061884
429 0.0961307
430 0.166907
431 0.113632
432 -0.00730238
433 -0.102922
434 -0.116942
435 -0.0601581
436 0.0161234
437 0.0677605
438 0.0810667
439 0.0607813
440 0.0113848
441 -0.0580253
442 -0.113479
443 -0.101053
444 0.00325071
445 0.141488
446 0.193507
447 0.0832195
448 -0.121068
449 -0.235748
450 -0.128891
451 0.129309
452 0.306869
453 0.230581
454 -0.0314372
455 -0.227461
456 -0.171374
457 0.0773116
458 0.286666
459 0.284123
460 0.0985428
461 -0.10246
462 -0.169532
463 -0.0672116
464 0.121894
465 0.241313
466 0.155773
467 -0.110483
468 -0.329457
469 -0.264208
470 0.0337992
471 0.209849
472 0.00739677
473 -0.358967
474 -0.408507
475 -0.023691
476 0.319054
477 0.137524
478 -0.355857
479 -0.453606
480 0.0858692
481 0.609478
482 0.388663
483 -0.335497
484 -0.583298
485 0.0356981
486 0.710446
487 0.493503
488 -0.356514
489 -0.68422
490 -0.0582572
491 0.587404
492 0.286253
493 -0.5246
494 -0.601726
495 0.255788
496 0.823136
497 0.212164
498 -0.745597
499 -0.622392
500 0.492898
501 1.00723
502 0.0864565
503 -1.06179
504 -0.832831
505 0.486295
506 1.08855
507 0.188224
508 -0.899257
509 -0.659313
510 0.506658
511 0.945979
512 0.121792
513 -0.746113
514 -0.525941
515 0.301748
516 0.527404
517 -0.0283274
518 -0.456595
519 -0.21643
520 0.207918
521 0.230345
522 0.0110336
523 -0.00718188
524 0.117104
525 0.0401245
526 -0.172893
527 -0.158131
528 0.0568632
529 0.0643975
530 -0.177832
531 -0.198211
532 0.177143
533 0.41554
534 0.0889757
535 -0.352603
536 -0.211743
537 0.314539
538 0.354791
539 -0.268109
540 -0.659048
541 -0.165843
542 0.585601
543 0.569303
544 -0.14449
545 -0.529228
546 -0.122317
547 0.384886
548 0.268577
549 -0.208864
550 -0.345952
551 -0.072923
552 0.118444
553 0.0536273
554 0.0382402
555 0.17955
556 0.165908
557 -0.116754
558 -0.283167
559 -0.066797
560 0.187202
561 0.057141
562 -0.237416
563 -0.158455
564 0.263197
565 0.421051
566 0.0530834
567 -0.356203
568 -0.302198
569 0.0424968
570 0.183416
571 0.042981
572 -0.0602962
573 0.0061119
574 0.060176
575 0.0170443
576 0.0180457
577 0.0845224
578 0.0161712
579 -0.214353
580 -0.292331
581 -0.0192999
582 0.313334
583 0.298054
584 -0.0107194
585 -0.207287
586 -0.127636
587 0.00457709
588 0.0111988
589 -0.00641556
590 0.0484289
591 0.0640174
592 -0.0304631
593 -0.0699745
594 0.0659869
595 0.177832
596 0.0257485
597 -0.243436
598 -0.259278
599 0.0236053
600 0.253661
601 0.197781
602 0.025762
603 -0.0350855
604 -0.0445601
605 -0.139585
606 -0.203667
607 -0.0396673
608 0.235811
609 0.28339
610 0.0301645
611 -0.209247
612 -0.175185
613 0.0114023
614 0.0920218
615 0.0377814
616 -0.00785271
617 -0.00829797
618 -0.0333626
619 -0.0513726
620 0.0395483
621 0.167357
622 0.107784
623 -0.161925
624 -0.32909
625 -0.129113
626 0.257994
627 0.392813
628 0.12469
629 -0.234106
630 -0.315154
631 -0.109694
632 0.111062
633 0.162102
634 0.0889261
635 0.00726338
636 -0.0407528
637 -0.054379
638 -0.0283968
639 0.00545936
640 -0.0138768
641 -0.0651719
642 -0.0312892
643 0.11465
644 0.196021
645 0.0462004
646 -0.207214
647 -0.249868
648 -0.0033792
649 0.23494
650 0.17681
651 -0.0746604
652 -0.184422
653 -0.0413611
654 0.133415
655 0.11924
656 -0.0430263
657 -0.163212
658 -0.129427
659 0.0349881
660 0.214887
661 0.239529
662 0.0112795
663 -0.305128
664 -0.357151
665 -0.0175393
666 0.375767
667 0.377269
668 -0.0138682
669 -0.351684
670 -0.295109
671 0.0276005
672 0.252175
673 0.201109
674 -0.015626
675 -0.183356
676 -0.158309
677 0.0386096
678 0.206069
679 0.131775
680 -0.13168
681 -0.266021
682 -0.0766367
683 0.224188
684 0.276199
685 0.0321831
686 -0.217696
687 -0.23587
688 -0.0635222
689 0.127762
690 0.216302
691 0.144206
692 -0.0588124
693 -0.218125
694 -0.155913
695 0.054046
696 0.148349
697 0.0476364
698 -0.0392555
699 0.0223611
700 0.0673154
701 -0.058082
702 -0.184505
703 -0.0775666
704 0.152973
705 0.20073
706 0.0290397
707 -0.114988
708 -0.107598
709 -0.0571311
710 -0.015263
711 0.0865907
712 0.172494
713 0.0482212
714 -0.202443
715 -0.211174
716 0.101625
717 0.302668
718 0.0689298
719 -0.282388
720 -0.249967
721 0.106445
722 0.299044
723 0.14202
724 -0.0944548
725 -0.190454
726 -0.184989
727 -0.0835949
728 0.17422
729 0.382508
730 0.183319
731 -0.315957
732 -0.499775
733 -0.0851434
734 0.408652
735 0.376314
736 -0.0451016
737 -0.281435
738 -0.166815
739 0.00118396
740 0.0605816
741 0.114236
742 0.138985
743 -0.0133329
744 -0.210656
745 -0.132851
746 0.156
747 0.213128
748 -0.0694455
749 -0.244654
750 -0.027327
751 0.235836
752 0.139207
753 -0.141392
754 -0.186838
755 -0.00226641
756 0.098859
757 0.054523
758 0.0390407
759 0.0414082
760 -0.0747408
761 -0.181915
762 -0.0353474
763 0.221913
764 0.186014
765 -0.136114
766 -0.27054
767 -0.0136669
768 0.245037
769 0.145807
770 -0.118844
771 -0.180856
772 -0.0411844
773 0.0743915
774 0.111466
775 0.114
776 0.00710499
777 -0.205526
778 -0.248058
779 0.0504378
780 0.361828
781 0.246001
782 -0.181133
783 -0.381385
784 -0.146936
785 0.185853
786 0.275956
787 0.139699
788 -0.0665542
789 -0.244128
790 -0.253659
791 0.0103917
792 0.328872
793 0.296249
794 -0.0981537
795 -0.367165
796 -0.18849
797 0.159144
798 0.248299
799 0.0782304
800 -0.0773628
801 -0.120739
802 -0.11154
803 -0.0242776
804 0.139764
805 0.179242
806 -0.0278623
807 -0.225123
808 -0.111241
809 0.158897
810 0.188418
811 -0.0405516
812 -0.170673
813 -0.0566883
814 0.0723416
815 0.0610636
816 0.0257351
817 0.0317086
818 -0.0303017
819 -0.135174
820 -0.0748461
821 0.136524
822 0.184908
823 -0.0341886
824 -0.197393
825 -0.0698291
826 0.11773
827 0.0839775
828 -0.046093
829 -0.0287554
830 0.0510223
831 -0.00574423
832 -0.0963914
833 -0.0187366
834 0.108531
835 0.0476427
836 -0.0949846
837 -0.0479993
838 0.105303
839 0.0590916
840 -0.135537
841 -0.126246
842 0.107139
843 0.189075
844 -0.00783851
845 -0.158376
846 -0.0626439
847 0.0547505
848 0.0155635
849 -0.00853027
850 0.0902358
851 0.0872236
852 -0.121242
853 -0.216243
854 0.0205155
855 0.258491
856 0.122508
857 -0.175324
858 -0.185813
859 0.0493598
860 0.134853
861 0.00802233
862 -0.0474251
863 0.0260415
864 0.0101532
865 -0.0946451
866 -0.0485
867 0.123762
868 0.115008
869 -0.0981098
870 -0.165135
871 0.0333717
872 0.16974
873 0.037685
874 -0.118563
875 -0.0691977
876 0.0339875
877 0.0165759
878 0.0038813
879 0.0896508
880 0.0720382
881 -0.139056
882 -0.223323
883 0.0404238
884 0.302614
885 0.145925
886 -0.2157
887 -0.258004
888 0.0306301
889 0.195806
890 0.0759204
891 -0.0452313
892 -0.0213122
893 -0.0286238
894 -0.108919
895 -0.0484281
896 0.155548
897 0.184912
898 -0.0588807
899 -0.23334
900 -0.09264
901 0.134913
902 0.148398
903 0.0123947
904 -0.0621668
905 -0.0690525
906 -0.0738696
907 -0.00898136
908 0.128301
909 0.133856
910 -0.0677953
911 -0.199734
912 -0.0443201
913 0.167694
914 0.116069
915 -0.0870033
916 -0.113931
917 0.0251255
918 0.0629648
919 -0.0211808
920 -0.017303
921 0.0667661
922 0.0193689
923 -0.123525
924 -0.0882865
925 0.124755
926 0.177841
927 -0.0413311
928 -0.20617
929 -0.0766045
930 0.131858
931 0.128504
932 -0.0177429
933 -0.0773488
934 -0.0379345
935 -0.0182754
936 -0.00598171
937 0.0579153
938 0.0875611
939 -0.00806862
940 -0.11538
941 -0.073202
942 0.0591405
943 0.0991767
944 0.021954
945 -0.0486793
946 -0.0536223
947 -0.0267451
948 0.0179838
949 0.0660486
950 0.0470508
951 -0.0486026
952 -0.0903306
953 0.00121879
954 0.0930204
955 0.0417965
956 -0.0616367
957 -0.0498679
958 0.0342828
959 0.0371559
960 -0.0195022
961 -0.00523487
962 0.0453734
963 0.00098101
964 -0.0787586
965 -0.0205388
966 0.118693
967 0.100102
968 -0.0815937
969 -0.151983
970 0.000315502
971 0.14427
972 0.0879968
973 -0.0454394
974 -0.0749274
975 -0.0362394
976 -0.0247131
977 0.00532259
978 0.0868232
979 0.0890021
980 -0.0636961
981 -0.190197
982 -0.0977312
983 0.102095
984 0.148097
985 0.0048322
986 -0.131088
987 -0.130592
988 -0.0404397
989 0.056028
990 0.106961
991 0.0630642
992 -0.05846
993 -0.122239
994 -0.0320223
995 0.109412
996 0.134739
997 0.0449562
998 -0.0316689
999 -0.0413541
1000 -0.0161702
1001 0.0385161
1002 0.106057
1003 0.0882109
1004 -0.0510441
1005 -0.152767
1006 -0.0680539
1007 0.0844572
1008 0.0828839
1009 -0.0498337
1010 -0.106251
1011 -0.0447823
1012 -0.0079817
1013 -0.0226209
1014 0.0231502
1015 0.100405
1016 0.0484453
1017 -0.0949757
1018 -0.0908072
1019 0.0913397
1020 0.178904
1021 0.0360755
1022 -0.114013
1023 -0.0720316
1024 0.0309297
1025 0.0148287
1026 -0.039002
1027 -0.00221312
1028 0.0255152
1029 -0.0682675
1030 -0.134441
1031 -0.00626912
1032 0.159839
1033 0.110759
1034 -0.0719674
1035 -0.102579
1036 0.040396
1037 0.116429
1038 0.0431433
1039 -0.022774
1040 -0.013966
1041 -0.0351241
1042 -0.0931715
1043 -0.0561971
1044 0.0635841
1045 0.0778532
1046 -0.0499422
1047 -0.117234
1048 -0.016562
1049 0.0979753
1050 0.0861648
1051 0.0241429
1052 0.0114455
1053 0.000555147
1054 -0.0483226
1055 -0.0503011
1056 0.0258208
1057 0.0538582
1058 -0.032639
1059 -0.101331
1060 -0.0435375
1061 0.0421216
1062 0.0391894
1063 0.0100698
1064 0.0402517
1065 0.0585464
1066 -0.00711449
1067 -0.0568391
1068 0.00396315
1069 0.06555
1070 -0.000763561
1071 -0.0984424
1072 -0.0690861
1073 0.0270557
1074 0.0316246
1075 -0.0221661
1076 0.00505629
1077 0.0747818
1078 0.0427861
1079 -0.0489263
1080 -0.0336161
1081 0.0626587
1082 0.052686
1083 -0.0691646
1084 -0.106476
1085 -0.00796818
1086 0.0526434
1087 -0.00135691
1088 -0.0297644
1089 0.0381439
1090 0.0696309
1091 -0.00504307
1092 -0.0485896
1093 0.0217147
1094 0.0666721
1095 -0.0194334
1096 -0.104577
1097 -0.0512106
1098 0.0429209
1099 0.0322474
1100 -0.0218601
1101 0.00675394
1102 0.0627055
1103 0.0267099
1104 -0.0441847
1105 -0.0219371
1106 0.0448727
1107 0.0185685
1108 -0.0674439
1109 -0.066548
1110 0.0155045
1111 0.0416051
1112 -0.00237452
1113 -0.00125846
1114 0.0534232
1115 0.0461621
1116 -0.0326466
1117 -0.0569313
1118 0.00353135
1119 0.0286929
1120 -0.0272242
1121 -0.0546818
1122 0.0034946
1123 0.0501265
1124 0.0190392
1125 -0.0108364
1126 0.0212422
1127 0.0406555
1128 -0.0122699
1129 -0.0596144
1130 -0.0270662
1131 0.0204573
1132 0.00289443
1133 -0.0297579
1134 -0.000223023
1135 0.0481933
1136 0.0349456
1137 -0.0102447
1138 -0.0115507
1139 0.0113292
1140 -0.00701862
1141 -0.0440786
1142 -0.031524
1143 0.014034
1144 0.0234811
1145 0.00226041
1146 0.00843817
1147 0.0336711
1148 0.020943
1149 -0.0206233
1150 -0.0298472
1151 -0.0068008
1152 -0.00518861
1153 -0.0237526
1154 -0.0112217
1155 0.0274808
1156 0.034664
1157 0.00743194
1158 -0.000535455
1159 0.0146294
1160 0.00226121
1161 -0.0357334
1162 -0.038243
1163 0.00156214
1164 0.0202731
1165 0.000498448
1166 -0.00150689
1167 0.030228
1168 0.0361014
1169 -0.00491528
1170 -0.0304496
1171 -0.00897216
1172 0.00339982
1173 -0.0254042
1174 -0.0355644
1175 0.0134044
1176 0.0574938
1177 0.0333405
1178 -0.0148165
1179 -0.0189365
1180 -0.00221771
1181 -0.0170481
1182 -0.0359874
1183 -0.00836417
1184 0.0295861
1185 0.0120303
1186 -0.030283
1187 -0.0165483
1188 0.0381699
1189 0.0422457
1190 -0.0172097
1191 -0.0556748
1192 -0.0332258
1193 -0.00230562
1194 0.00359025
1195 0.0183672
1196 0.04948
1197 0.042111
1198 -0.015647
1199 -0.0476918
1200 -0.00856444
1201 0.0371363
1202 0.0203445
1203 -0.0222069
1204 -0.0186328
1205 0.019629
1206 0.0323114
1207 0.0152808
1208 0.00607354
1209 0.000162276
1210 -0.0309758
1211 -0.0607885
1212 -0.0353911
1213 0.0269381
1214 0.0485614
1215 0.00957456
1216 -0.0264022
1217 -0.0165484
1218 0.00592886
1219 0.00379623
1220 -0.00645963
1221 -0.00186647
1222 0.00257758
1223 -0.00428937
1224 0.00372393
1225 0.0375869
1226 0.0524643
1227 0.0105723
1228 -0.0496947
1229 -0.0607432
1230 -0.0189098
1231 0.0203883
1232 0.0243765
1233 0.00944175
1234 -0.00428164
1235 -0.0144283
1236 -0.0139775
1237 0.00535823
1238 0.0228911
1239 0.00653361
1240 -0.0302886
1241 -0.0327397
1242 0.0174026
1243 0.0664621
1244 0.0557432
1245 -0.00558824
1246 -0.0589745
1247 -0.064388
1248 -0.0268492
1249 0.022757
1250 0.0478457
1251 0.0259263
1252 -0.023641
1253 -0.045211
1254 -0.00839932
1255 0.045932
1256 0.0505908
1257 -0.00243111
1258 -0.0515448
1259 -0.0420123
1260 0.0141374
1261 0.0599685
1262 0.0527487
1263 -0.00427612
1264 -0.0671671
1265 -0.0811833
1266 -0.0276591
1267 0.0475527
1268 0.0718503
1269 0.0256227
1270 -0.0327581
1271 -0.0366245
1272 0.0106814
1273 0.0468642
1274 0.0284729
1275 -0.0246837
1276 -0.058708
1277 -0.0401368
1278 0.0169319
1279 0.0617065
1280 0.0472477
1281 -0.0212476
1282 -0.0786681
1283 -0.0608775
1284 0.0211253
1285 0.0861687
1286 0.070845
1287 -0.00302145
1288 -0.0591455
1289 -0.0504951
1290 0.00136823
1291 0.0391227
1292 0.0257439
1293 -0.0255211
1294 -0.0621777
1295 -0.0384895
1296 0.0343385
1297 0.0877479
1298 0.0628641
1299 -0.0213832
1300 -0.0831502
1301 -0.0642538
1302 0.0115336
1303 0.0698715
1304 0.0609816
1305 -0.00177586
1306 -0.0624048
1307 -0.0702372
1308 -0.0195186
1309 0.0444905
1310 0.0642027
1311 0.0259008
1312 -0.0256262
1313 -0.0363728
1314 -0.00183729
1315 0.0326962
1316 0.0257036
1317 -0.0178768
1318 -0.055716
1319 -0.0498787
1320 -9.92964e-05
1321 0.0551338
1322 0.069455
1323 0.0293079
1324 -0.0314749
1325 -0.0610648
1326 -0.0368788
1327 0.0154515
1328 0.0477602
1329 0.0330149
1330 -0.0121111
1331 -0.0442124
1332 -0.0346238
1333 0.00382801
1334 0.0328957
1335 0.0297854
1336 0.0060805
1337 -0.0118485
1338 -0.0105118
1339 0.00364741
1340 0.0129302
1341 0.00153998
1342 -0.0270446
1343 -0.0433768
1344 -0.0195709
1345 0.0307294
1346 0.0589544
1347 0.0379678
1348 -0.00703362
1349 -0.0349575
1350 -0.0344018
1351 -0.0181305
1352 0.00325008
1353 0.019846
1354 0.0170145
1355 -0.00244489
1356 -0.0103127
1357 0.00615292
1358 0.0176786
1359 -0.000989063
1360 -0.0232235
1361 -0.0103664
1362 0.0213284
1363 0.0234549
1364 -0.00770673
1365 -0.0298943
1366 -0.0234606
1367 -0.00731767
1368 0.00930844
1369 0.0327786
1370 0.0431346
1371 0.0105639
1372 -0.0389448
1373 -0.042041
1374 0.00279446
1375 0.0248712
1376 -0.00634789
1377 -0.0320444
1378 -0.00351577
1379 0.0401391
1380 0.0417
1381 0.0100224
1382 -0.0175471
1383 -0.0373935
1384 -0.0486115
1385 -0.0201975
1386 0.0453341
1387 0.0725774
1388 0.0136069
1389 -0.0607486
1390 -0.0527312
1391 0.018974
1392 0.0550431
1393 0.0235655
1394 -0.0186948
1395 -0.0315487
1396 -0.0260754
1397 -0.00723617
1398 0.0276394
1399 0.0410774
1400 -0.00299579
1401 -0.0544606
1402 -0.0287459
1403 0.0536883
1404 0.0785292
1405 0.00397076
1406 -0.079598
1407 -0.0818496
1408 -0.0169541
1409 0.0515462
1410 0.0853759
1411 0.0624238
1412 -0.0199494
1413 -0.0969301
1414 -0.0771084
1415 0.026503
1416 0.0879944
1417 0.0366411
1418 -0.0474708
1419 -0.0574172
1420 -1.18333e-05
1421 0.0471747
1422 0.0475085
1423 0.0114267
1424 -0.0434446
1425 -0.0765235
1426 -0.0336918
1427 0.0630434
1428 0.100364
1429 0.0192147
1430 -0.0853705
1431 -0.0866921
1432 0.00562595
1433 0.0790655
1434 0.0711557
1435 0.00920492
1436 -0.0583804
1437 -0.0890597
1438 -0.0446332
1439 0.0541609
1440 0.106147
1441 0.044787
1442 -0.0568956
1443 -0.0774821
1444 -0.0114977
1445 0.0424948
1446 0.0303047
1447 -0.0105702
1448 -0.0333835
1449 -0.0262427
1450 0.0122489
1451 0.0616273
1452 0.0605688
1453 -0.0197043
1454 -0.100298
1455 -0.078232
1456 0.0271492
1457 0.0960639
1458 0.0672314
1459 -0.0079152
1460 -0.0597368
1461 -0.0640473
1462 -0.0199316
1463 0.0486221
1464 0.0737116
1465 0.0126074
1466 -0.0681574
1467 -0.0641505
1468 0.0170346
1469 0.0676323
1470 0.0371029
1471 -0.0177472
1472 -0.040136
1473 -0.0329186
1474 -0.00622638
1475 0.0361511
1476 0.0512543
1477 -0.00210053
1478 -0.068811
1479 -0.0487289
1480 0.0451381
1481 0.0887411
1482 0.0271339
1483 -0.0565661
1484 -0.0768169
1485 -0.0414572
1486 0.0139243
1487 0.0737418
1488 0.0931944
1489 0.020033
1490 -0.092262
1491 -0.109965
1492 -0.00728178
1493 0.0841192
1494 0.0650638
1495 -0.00679112
1496 -0.0385685
1497 -0.0295276
1498 -0.0112992
1499 0.022166
1500 0.0519774
1501 0.0161256
1502 -0.0684925
1503 -0.0810267
1504 0.0209783
1505 0.108536
1506 0.065503
1507 -0.0430615
1508 -0.0870487
1509 -0.0510524
1510 0.00478487
1511 0.0579823
1512 0.0883082
1513 0.0358115
1514 -0.084754
1515 -0.129538
1516 -0.0167675
1517 0.121126
1518 0.112674
1519 -0.0121906
1520 -0.0955983
1521 -0.0808188
1522 -0.0231418
1523 0.0449925
1524 0.104282
1525 0.0806073
1526 -0.0480414
1527 -0.142418
1528 -0.069201
1529 0.0802466
1530 0.110853
1531 0.01066
1532 -0.0636367
1533 -0.0431623
1534 -0.000351293
1535 0.0221045
1536 0.0448064
1537 0.0358305
1538 -0.0466043
1539 -0.111172
1540 -0.0313138
1541 0.119427
1542 0.134612
1543 -0.0126189
1544 -0.128842
1545 -0.0946531
1546 0.0026011
1547 0.0609178
1548 0.0839362
1549 0.0675428
1550 -0.0268274
1551 -0.128329
1552 -0.0894418
1553 0.067761
1554 0.13566
1555 0.0287229
1556 -0.0891653
1557 -0.0721195
1558 0.00939018
1559 0.0393661
1560 0.0340637
1561 0.0330836
1562 -0.00551532
1563 -0.0763226
1564 -0.0658236
1565 0.0488247
1566 0.108245
1567 0.0158413
1568 -0.0902663
1569 -0.058915
1570 0.0389213
1571 0.0571222
1572 0.00897031
1573 -0.013869
1574 -0.0206953
1575 -0.0473727
1576 -0.0309811
1577 0.063085
1578 0.110256
1579 0.00895194
1580 -0.117982
1581 -0.0958371
1582 0.02896
1583 0.0835754
1584 0.0429564
1585 0.00789858
1586 -0.00629947
1587 -0.0491042
1588 -0.0722771
1589 -0.00132618
1590 0.0846032
1591 0.0537259
1592 -0.0439014
1593 -0.0520433
1594 0.0235061
1595 0.0391815
1596 -0.0235904
1597 -0.042723
1598 0.00848587
1599 0.0292274
1600 -0.00160432
1601 0.000817207
1602 0.0351354
1603 0.0067393
1604 -0.0671881
1605 -0.0569397
1606 0.0426386
1607 0.0821811
1608 0.00955536
1609 -0.050616
1610 -0.0231338
1611 0.0100912
1612 -0.0072055
1613 -0.00841381
1614 0.0342633
1615 0.0354656
1616 -0.0304766
1617 -0.0565045
1618 0.00677659
1619 0.0538626
1620 0.0121217
1621 -0.0342751
1622 -0.00927081
1623 0.0216893
1624 -0.00700754
1625 -0.0325459
1626 0.00635292
1627 0.0442414
1628 0.0132744
1629 -0.0290553
1630 -0.0142718
1631 0.0104537
1632 -0.0121627
1633 -0.0289062
1634 0.0165011
1635 0.0589428
1636 0.021394
1637 -0.0430047
1638 -0.0431642
1639 -0.00115716
1640 0.0102683
1641 0.00246559
1642 0.0214691
1643 0.0363913
1644 -0.000343348
1645 -0.0443805
1646 -0.0291378
1647 0.013313
1648 0.0138755
1649 -0.00780659
1650 0.00741937
1651 0.0362762
1652 0.0160647
1653 -0.0335593
1654 -0.0428646
1655 -0.0103587
1656 0.0128563
1657 0.0203225
1658 0.0340749
1659 0.030209
1660 -0.0193341
1661 -0.0650999
1662 -0.0396255
1663 0.029145
1664 0.0564016
1665 0.0257443
1666 -0.0104756
1667 -0.0262964
1668 -0.0318354
1669 -0.0179403
1670 0.022796
1671 0.0468444
1672 0.0141267
1673 -0.0347987
1674 -0.0338869
1675 0.00547809
1676 0.0233874
1677 0.0107924
1678 0.00171433
1679 -0.00141035
1680 -0.0154375
1681 -0.0206007
1682 0.00556133
1683 0.0294341
1684 0.0115305
1685 -0.0185888
1686 -0.0124574
1687 0.0102022
1688 0.00287219
1689 -0.018208
1690 -0.00832355
1691 0.018134
1692 0.0172368
1693 -0.00178592
1694 -0.00411377
1695 -0.0025424
1696 -0.0216418
1697 -0.0292376
1698 0.00977378
1699 0.0507937
1700 0.0309472
1701 -0.0233832
1702 -0.0403167
1703 -0.0170382
1704 -0.000415022
1705 0.00747574
1706 0.0295264
1707 0.0381064
1708 -0.00110868
1709 -0.0447061
1710 -0.0303541
1711 0.0143255
1712 0.0208996
1713 2.75481e-05
1714 0.00725955
1715 0.0274634
1716 0.00643497
1717 -0.0345521
1718 -0.0310953
1719 0.00535317
1720 0.0144639
1721 0.00317811
1722 0.0179422
1723 0.0328671
1724 -0.00813703
1725 -0.0645019
1726 -0.0469245
1727 0.0265898
1728 0.0550909
1729 0.0196932
1730 -0.00870828
1731 -0.0107236
1732 -0.0278958
1733 -0.0431675
1734 0.000763266
1735 0.0663554
1736 0.0537952
1737 -0.0258027
1738 -0.0574447
1739 -0.0113105
1740 0.0244276
1741 0.0113416
1742 0.00677055
1743 0.0234982
1744 0.00202346
1745 -0.0480865
1746 -0.0375517
1747 0.0342969
1748 0.0564863
1749 -0.0048397
1750 -0.0489581
1751 -0.0197689
1752 0.0124289
1753 0.00183562
1754 0.00328318
1755 0.0356888
1756 0.0258278
1757 -0.0397377
1758 -0.059198
1759 0.00870524
1760 0.0608787
1761 0.0254831
1762 -0.0232593
1763 -0.0136295
1764 0.00417112
1765 -0.0179754
1766 -0.0241891
1767 0.0206198
1768 0.0402676
1769 -0.0105401
1770 -0.0453503
1771 0.000595079
1772 0.0453031
1773 0.0073842
1774 -0.0459994
1775 -0.0244786
1776 0.0284153
1777 0.0316485
1778 0.0100819
1779 0.0135314
1780 0.00221533
1781 -0.0538762
1782 -0.0698071
1783 0.0168462
1784 0.103099
1785 0.0643474
1786 -0.0463064
1787 -0.0890538
1788 -0.0458736
1789 0.00558294
1790 0.043347
1791 0.0775094
1792 0.0564251
1793 -0.0455813
1794 -0.117755
1795 -0.0508635
1796 0.0749837
1797 0.0980708
1798 0.0139468
1799 -0.0504813
1800 -0.0465241
1801 -0.0258398
1802 -0.00242931
1803 0.0424007
1804 0.058015
1805 -0.00834716
1806 -0.0779572
1807 -0.0377791
1808 0.0616993
1809 0.0727113
1810 -0.0131092
1811 -0.0646802
1812 -0.0297515
1813 0.0163508
1814 0.0291826
1815 0.0356514
1816 0.0239768
1817 -0.0398469
1818 -0.0905491
1819 -0.0290966
1820 0.0884072
1821 0.100182
1822 -0.0117228
1823 -0.0928152
1824 -0.0558385
1825 0.0196379
1826 0.0512489
1827 0.0501961
1828 0.0249508
1829 -0.0439867
1830 -0.0984086
1831 -0.0392889
1832 0.088267
1833 0.113678
1834 -0.00477156
1835 -0.107754
1836 -0.0748914
1837 0.0224666
1838 0.0714477
1839 0.0640363
1840 0.0253271
1841 -0.0492482
1842 -0.109797
1843 -0.0578093
1844 0.0804418
1845 0.133398
1846 0.026197
1847 -0.0984057
1848 -0.093595
1849 -0.00367516
1850 0.052678
1851 0.0570684
1852 0.0412557
1853 -0.00731896
1854 -0.0737906
1855 -0.0690743
1856 0.0273006
1857 0.0893949
1858 0.0273986
1859 -0.0620799
1860 -0.0507604
1861 0.023282
1862 0.0440421
1863 0.00714648
1864 -0.0155795
1865 -0.0165875
1866 -0.023292
1867 -0.0064079
1868 0.0500164
1869 0.0639985
1870 -0.0217561
1871 -0.105594
1872 -0.060283
1873 0.0614679
1874 0.102807
1875 0.0333958
1876 -0.0421245
1877 -0.0626317
1878 -0.050484
1879 -0.0100161
1880 0.0633605
1881 0.0980078
1882 0.0207147
1883 -0.0955598
1884 -0.103291
1885 0.00383927
1886 0.0849916
1887 0.0621998
1888 -0.000306767
1889 -0.0331749
1890 -0.0419066
1891 -0.0324751
1892 0.0126357
1893 0.057877
1894 0.0342971
1895 -0.0367943
1896 -0.0541664
1897 0.00316797
1898 0.0419435
1899 0.0114367
1900 -0.0237513
1901 -0.00930695
1902 0.0143788
1903 0.00566066
1904 -0.005154
1905 0.00636447
1906 0.00402645
1907 -0.0257535
1908 -0.0273714
1909 0.0224005
1910 0.0524934
1911 0.00929188
1912 -0.0470712
1913 -0.0361523
1914 0.0186363
1915 0.0394061
1916 0.0138162
1917 -0.0128052
1918 -0.0217846
1919 -0.0225933
1920 -0.00661405
1921 0.0288903
1922 0.0420449
1923 0.00124249
1924 -0.0478168
1925 -0.0380555
1926 0.0175573
1927 0.0467103
1928 0.0227558
1929 -0.0152908
1930 -0.0339029
1931 -0.0323555
1932 -0.00928255
1933 0.0330007
1934 0.0553673
1935 0.0185618
1936 -0.0444396
1937 -0.0564307
1938 -0.00462619
1939 0.0410293
1940 0.0318216
1941 -0.00068781
1942 -0.012314
1943 -0.0105964
1944 -0.0159176
1945 -0.0130529
1946 0.0124772
1947 0.0318418
1948 0.0155891
1949 -0.0132973
1950 -0.0170672
1951 -0.00571026
1952 -0.0105588
1953 -0.0195195
1954 0.00237867
1955 0.040401
1956 0.0400846
1957 -0.00812105
1958 -0.0497125
1959 -0.0414934
1960 0.000796156
1961 0.0389629
1962 0.0510278
1963 0.0258302
1964 -0.0310337
1965 -0.0729032
1966 -0.0455523
1967 0.0342234
1968 0.0814814
1969 0.0477142
1970 -0.0227143
1971 -0.0615454
1972 -0.0519215
1973 -0.0118428
1974 0.039756
1975 0.0677572
1976 0.0317558
1977 -0.0447226
1978 -0.0730446
1979 -0.0161386
1980 0.0502003
1981 0.0462336
1982 -0.00123576
1983 -0.0213948
1984 -0.0122561
1985 -0.0124398
1986 -0.013153
1987 0.0122338
1988 0.0325491
1989 0.00623039
1990 -0.0296711
1991 -0.0137193
1992 0.0265665
1993 0.0173195
1994 -0.0292771
1995 -0.033685
1996 0.0124832
1997 0.0368791
1998 0.0132031
1999 -0.00974662
2000 -0.00916171
2001 -0.0132231
2002 -0.0192288
2003 0.00731975
2004 0.0429111
2005 0.0231039
2006 -0.0375204
2007 -0.0512654
2008 0.000183765
2009 0.038726
2010 0.0238469
2011 0.00133017
2012 -0.00247033
2013 -0.0174375
2014 -0.0360501
2015 -0.00630986
2016 0.0504244
2017 0.042699
2018 -0.0312483
2019 -0.0596502
2020 -0.000449248
2021 0.0485852
2022 0.0207649
2023 -0.0183521
2024 -0.0102541
2025 -0.0028101
2026 -0.0279665
2027 -0.020664
2028 0.0435293
2029 0.0662127
2030 -0.00855379
2031 -0.0755931
2032 -0.0352583
2033 0.0417818
2034 0.0438284
2035 -0.0014065
2036 -0.0106454
2037 -0.00266825
2038 -0.0284584
2039 -0.0404937
2040 0.0175419
2041 0.0741815
2042 0.0353249
2043 -0.0465044
2044 -0.0567622
2045 -0.00545174
2046 0.0179145
2047 0.0100303
2048 0.0238721
2049 0.0344582
2050 -0.0107455
2051 -0.0602412
2052 -0.0309272
2053 0.0356046
2054 0.0392944
2055 -0.00486041
2056 -0.0113028
2057 0.00958882
2058 -0.0103817
2059 -0.0410792
2060 -0.00483521
2061 0.0568896
2062 0.0404412
2063 -0.029635
2064 -0.0416282
2065 0.00220613
2066 0.00588559
2067 -0.0253215
2068 -0.00090704
2069 0.059013
2070 0.0418188
2071 -0.0429658
2072 -0.0645832
2073 0.000772519
2074 0.0375315
2075 0.00639564
2076 -0.00412195
2077 0.0285653
2078 0.0151932
2079 -0.0524995
2080 -0.0589333
2081 0.0250585
2082 0.0748126
2083 0.0231201
2084 -0.036623
2085 -0.0293549
2086 -0.00938933
2087 -0.0181271
2088 -2.90213e-05
2089 0.0564957
2090 0.0576017
2091 -0.0262093
2092 -0.0814913
2093 -0.0342085
2094 0.0337838
2095 0.0378177
2096 0.0160447
2097 0.0151623
2098 -0.00323073
2099 -0.0497088
2100 -0.0450351
2101 0.0312989
2102 0.0705326
2103 0.0114109
2104 -0.0507363
2105 -0.0308154
2106 0.0110491
2107 0.00503588
2108 -0.00194852
2109 0.0315069
2110 0.035863
2111 -0.0290731
2112 -0.066406
2113 -0.00570024
2114 0.0582469
2115 0.0266953
2116 -0.0321478
2117 -0.0176802
2118 0.0227724
2119 0.0025671
2120 -0.0320055
2121 -0.00122885
2122 0.0412232
2123 0.00884089
2124 -0.0439185
2125 -0.0185291
2126 0.0405217
2127 0.027648
2128 -0.0286214
2129 -0.0259742
2130 0.0194454
2131 0.0151325
2132 -0.0256315
2133 -0.0160847
2134 0.0305066
2135 0.027195
2136 -0.0186113
2137 -0.0239529
2138 0.00969193
2139 0.00983837
2140 -0.0180356
2141 -0.00658954
2142 0.0296514
2143 0.0162961
2144 -0.0319644
2145 -0.0305903
2146 0.0192826
2147 0.0355366
2148 0.00397931
2149 -0.0136194
2150 -0.00704426
2151 -0.0179997
2152 -0.0286039
2153 0.0118568
2154 0.0625152
2155 0.0353602
2156 -0.0444447
2157 -0.0645997
2158 -0.00733089
2159 0.0357136
2160 0.0263735
2161 0.0146634
2162 0.012097
2163 -0.0215079
2164 -0.0588526
2165 -0.0235352
2166 0.0570781
2167 0.0663027
2168 -0.0116288
2169 -0.0616709
2170 -0.0265297
2171 0.0194084
2172 0.0191459
2173 0.0123443
2174 0.022219
2175 0.00331351
2176 -0.0449068
2177 -0.0448091
2178 0.020109
2179 0.0566818
2180 0.0143737
2181 -0.0319842
2182 -0.0163512
2183 0.0149526
2184 0.00423666
2185 -0.0176085
2186 -0.0065536
2187 0.011581
2188 0.00529884
2189 0.000922466
2190 0.01606
2191 0.0110334
2192 -0.0290315
2193 -0.0436268
2194 0.00474014
2195 0.0551537
2196 0.0387195
2197 -0.0195881
2198 -0.0508784
2199 -0.0358341
2200 0.00388539
2201 0.0476966
2202 0.0626212
2203 0.0127153
2204 -0.0695499
2205 -0.0872694
2206 -0.00620645
2207 0.0837056
2208 0.0841182
2209 0.00726969
2210 -0.0653749
2211 -0.0823317
2212 -0.0375636
2213 0.0463206
2214 0.103481
2215 0.0617537
2216 -0.0531269
2217 -0.114656
2218 -0.0510895
2219 0.0575971
2220 0.0914726
2221 0.0369015
2222 -0.0343921
2223 -0.0688503
2224 -0.0522007
2225 0.012373
2226 0.0801184
2227 0.0726713
2228 -0.0207579
2229 -0.0973345
2230 -0.0641718
2231 0.034716
2232 0.0829415
2233 0.0437284
2234 -0.022009
2235 -0.0549873
2236 -0.0438529
2237 0.00114789
2238 0.0512353
2239 0.054677
2240 -0.00594142
2241 -0.0660507
2242 -0.0489458
2243 0.0273413
2244 0.0701505
2245 0.0332602
2246 -0.0348463
2247 -0.0628526
2248 -0.031062
2249 0.0275561
2250 0.0624443
2251 0.040011
2252 -0.0244819
2253 -0.0685108
2254 -0.043033
2255 0.0277859
2256 0.0695597
2257 0.039887
2258 -0.0290667
2259 -0.0677719
2260 -0.0377957
2261 0.0315421
2262 0.0687905
2263 0.0327586
2264 -0.0383844
2265 -0.0666803
2266 -0.0241122
2267 0.0394191
2268 0.059869
2269 0.0243196
2270 -0.0312223
2271 -0.0598544
2272 -0.034318
2273 0.0286714
2274 0.0678015
2275 0.0348824
2276 -0.0382434
2277 -0.0668788
2278 -0.0189316
2279 0.045046
2280 0.05319
2281 0.00609237
2282 -0.0411841
2283 -0.0468461
2284 -0.00988041
2285 0.0400316
2286 0.0581891
2287 0.018193
2288 -0.0484522
2289 -0.0710104
2290 -0.0197353
2291 0.0531824
2292 0.0723017
2293 0.0215178
2294 -0.0469248
2295 -0.06981
2296 -0.0279525
2297 0.0400996
2298 0.0700383
2299 0.0317184
2300 -0.0369648
2301 -0.0678452
2302 -0.0336913
2303 0.0298904
2304 0.0656165
2305 0.0426332
2306 -0.0223087
2307 -0.0713984
2308 -0.0509934
2309 0.0246601
2310 0.074653
2311 0.0444748
2312 -0.0258028
2313 -0.0585998
2314 -0.0348717
2315 0.0071999
2316 0.0370159
2317 0.0439116
2318 0.0153712
2319 -0.0371235
2320 -0.056524
2321 -0.00927351
2322 0.0476855
2323 0.0385233
2324 -0.0160548
2325 -0.0334746
2326 -0.000335142
2327 0.0198862
2328 0.00189872
2329 -0.0119815
2330 -0.00168059
2331 0.00255598
2332 -0.00599325
2333 0.0035827
2334 0.0243182
2335 0.00938669
2336 -0.0338352
2337 -0.0363523
2338 0.0170463
2339 0.0511723
2340 0.0167772
2341 -0.0354089
2342 -0.0396037
2343 -0.00429981
2344 0.0258102
2345 0.0346337
2346 0.0216316
2347 -0.016841
2348 -0.0546807
2349 -0.0407893
2350 0.0247354
2351 0.0698814
2352 0.0420983
2353 -0.0244947
2354 -0.0620605
2355 -0.045569
2356 0.00531788
2357 0.0543223
2358 0.059865
2359 0.0066481
2360 -0.0570952
2361 -0.061096
2362 -0.00352911
2363 0.0475708
2364 0.0468694
2365 0.0121793
2366 -0.0252854
2367 -0.0481594
2368 -0.0334889
2369 0.0231246
2370 0.06515
2371 0.0325048
2372 -0.0395052
2373 -0.0586799
2374 -0.010921
2375 0.0307281
2376 0.0289204
2377 0.0159845
2378 0.00477462
2379 -0.0261685
2380 -0.0504496
2381 -0.0123374
2382 0.0559617
2383 0.0552614
2384 -0.0185163
2385 -0.0570586
2386 -0.015195
2387 0.0258603
2388 0.0113632
2389 -0.00516149
2390 0.0131094
2391 0.0138538
2392 -0.0248604
2393 -0.0327301
2394 0.0183751
2395 0.0437423
2396 -0.0058202
2397 -0.0469873
2398 -0.00899839
2399 0.0411062
2400 0.0216153
2401 -0.0236421
2402 -0.0185286
2403 0.00959814
2404 0.00115981
2405 -0.0159812
2406 0.006991
2407 0.0316145
2408 0.00417677
2409 -0.0336462
2410 -0.0170244
2411 0.0225631
2412 0.0176803
2413 -0.013849
2414 -0.0127199
2415 0.0105257
2416 0.00848805
2417 -0.00797846
2418 -0.00192165
2419 0.00981352
2420 -0.00377115
2421 -0.0170057
2422 0.00179029
2423 0.020798
2424 0.00388233
2425 -0.0168544
2426 -0.00346922
2427 0.0136875
2428 -0.000767472
2429 -0.0152533
2430 0.00236529
2431 0.0162413
2432 -0.00399707
2433 -0.0164515
2434 0.00924701
2435 0.0228368
2436 -0.0107307
2437 -0.0334178
2438 0.000819936
2439 0.0338348
2440 0.00938223
2441 -0.0221941
2442 -0.00461244
2443 0.0158714
2444 -0.0105334
2445 -0.0290436
2446 0.012471
2447 0.0473071
2448 0.0065117
2449 -0.0451581
2450 -0.0226252
2451 0.0251814
2452 0.0141097
2453 -0.0165762
2454 0.00651348
2455 0.0352502
2456 -0.00590561
2457 -0.0561669
2458 -0.0189365
2459 0.0511265
2460 0.0380975
2461 -0.0271906
2462 -0.0308402
2463 0.0143435
2464 0.0107467
2465 -0.0259322
2466 -0.00496373
2467 0.045373
2468 0.020934
2469 -0.050627
2470 -0.0452588
2471 0.0315764
2472 0.052616
2473 -0.00417149
2474 -0.0318454
2475 -0.000341283
2476 0.00712559
2477 -0.0242879
2478 -0.0128132
2479 0.043523
2480 0.0449622
2481 -0.0235804
2482 -0.056261
2483 -0.0119108
2484 0.0266247
2485 0.0136606
2486 0.00394435
2487 0.0193411
2488 0.00560594
2489 -0.0391727
2490 -0.0391335
2491 0.01719
2492 0.0461253
2493 0.0143759
2494 -0.0156467
2495 -0.0118553
2496 -0.0127416
2497 -0.0216783
2498 0.00491682
2499 0.0460541
2500 0.0285825
2501 -0.0330909
2502 -0.045916
2503 0.00162669
2504 0.0271375
2505 0.00836207
2506 0.00400212
2507 0.0168587
2508 -0.00913463
2509 -0.049847
2510 -0.0214607
2511 0.0508578
2512 0.0526708
2513 -0.0190783
2514 -0.0480372
2515 -0.00532485
2516 0.0160002
2517 -0.00851816
2518 0.000441466
2519 0.0439411
2520 0.0246085
2521 -0.0531032
2522 -0.0617642
2523 0.021276
2524 0.0637897
2525 0.0115413
2526 -0.0291356
2527 -0.00295788
2528 0.00516725
2529 -0.0357691
2530 -0.0280359
2531 0.049921
2532 0.0698595
2533 -0.0167372
2534 -0.0755425
2535 -0.0217173
2536 0.0400208
2537 0.0192676
2538 -0.0101271
2539 0.0162027
2540 0.0217782
2541 -0.037761
2542 -0.0574309
2543 0.0210328
2544 0.0753889
2545 0.012407
2546 -0.0612413
2547 -0.0305227
2548 0.0318459
2549 0.019897
2550 -0.0148062
2551 0.00762316
2552 0.0275146
2553 -0.0218112
2554 -0.0569185
2555 0.00468919
2556 0.0703844
2557 0.0277166
2558 -0.0511481
2559 -0.0404644
2560 0.0204419
2561 0.0215152
2562 -0.0132681
2563 0.00103939
2564 0.0306731
2565 -0.000789938
2566 -0.0446545
2567 -0.0140517
2568 0.0417702
2569 0.0238786
2570 -0.0313292
2571 -0.0239474
2572 0.0237612
2573 0.02102
2574 -0.0177443
2575 -0.0154004
2576 0.0130038
2577 0.00356135
2578 -0.0188246
2579 0.00417867
2580 0.0336182
2581 0.0040576
2582 -0.0394301
2583 -0.0189586
2584 0.0282496
2585 0.021646
2586 -0.0130148
2587 -0.00707468
2588 0.0124995
2589 -0.00941228
2590 -0.0290407
2591 0.00990557
2592 0.0455476
2593 0.0042117
2594 -0.0482877
2595 -0.0185993
2596 0.0388205
2597 0.0227458
2598 -0.0268332
2599 -0.01451
2600 0.024002
2601 0.00233794
2602 -0.0345011
2603 0.00131814
2604 0.0514
2605 0.0103986
2606 -0.0613113
2607 -0.0337212
2608 0.0509485
2609 0.0496792
2610 -0.0245249
2611 -0.0395014
2612 0.00887113
2613 0.0124557
2614 -0.0233516
2615 -7.49784e-05
2616 0.0544004
2617 0.021565
2618 -0.0666278
2619 -0.0591825
2620 0.0415118
2621 0.0741286
2622 -0.00163502
2623 -0.0511169
2624 -0.0149129
2625 0.0136818
2626 -0.00513891
2627 0.00375147
2628 0.0439484
2629 0.0180181
2630 -0.0647783
2631 -0.0654691
2632 0.0387685
2633 0.0929432
2634 0.0191812
2635 -0.0637347
2636 -0.0521525
2637 -0.00183835
2638 0.0179343
2639 0.0342049
2640 0.0534331
2641 0.010507
2642 -0.0793965
2643 -0.0868248
2644 0.0228738
2645 0.105383
2646 0.055051
2647 -0.0427864
2648 -0.0682493
2649 -0.0322679
2650 0.00467942
2651 0.0402203
2652 0.0652104
2653 0.0242478
2654 -0.0668391
2655 -0.0895137
2656 0.00110442
2657 0.087184
2658 0.0620995
2659 -0.0211927
2660 -0.0588232
2661 -0.0409005
2662 -0.00657549
2663 0.036243
2664 0.0663048
2665 0.029833
2666 -0.0564956
2667 -0.0848015
2668 -0.0110999
2669 0.0679337
2670 0.0601884
2671 -6.95812e-05
2672 -0.0382006
2673 -0.04385
2674 -0.0282098
2675 0.0185464
2676 0.0659394
2677 0.0436658
2678 -0.0379088
2679 -0.0724447
2680 -0.0168974
2681 0.042855
2682 0.0367032
2683 0.0044778
2684 -0.00698102
2685 -0.0186535
2686 -0.0347324
2687 -0.0085152
2688 0.0474572
2689 0.0448106
2690 -0.0260448
2691 -0.0570712
2692 -0.00221794
2693 0.043137
2694 0.0129701
2695 -0.0232421
2696 -0.00530868
2697 0.0121807
2698 -0.0118451
2699 -0.0160428
2700 0.0278113
2701 0.0356643
2702 -0.0284912
2703 -0.059394
2704 0.00783938
2705 0.0676962
2706 0.0225327
2707 -0.0485503
2708 -0.0361788
2709 0.0155258
2710 0.0163314
2711 -0.00297389
2712 0.0180243
2713 0.0280033
2714 -0.027693
2715 -0.0664589
2716 -0.00230374
2717 0.0782401
2718 0.0463605
2719 -0.0486045
2720 -0.0643506
2721 0.0012605
2722 0.0374891
2723 0.0203575
2724 0.0115138
2725 0.0084992
2726 -0.0317596
2727 -0.0612841
2728 -0.00391519
2729 0.0807328
2730 0.0642935
2731 -0.0383406
2732 -0.0857406
2733 -0.0291165
2734 0.0386553
2735 0.0495626
2736 0.029824
2737 0.00184862
2738 -0.0427777
2739 -0.0660908
2740 -0.0131594
2741 0.070057
2742 0.0730966
2743 -0.0112566
2744 -0.0719093
2745 -0.0452105
2746 0.0144634
2747 0.0425384
2748 0.0370884
2749 0.0102858
2750 -0.0331804
2751 -0.0552284
2752 -0.0147426
2753 0.049636
2754 0.0541385
2755 -0.00552584
2756 -0.0485527
2757 -0.0314961
2758 0.00734523
2759 0.0278004
2760 0.0293566
2761 0.0116346
2762 -0.0261496
2763 -0.0463842
2764 -0.0115977
2765 0.041345
2766 0.0419537
2767 -0.00605868
2768 -0.0348087
2769 -0.0198547
2770 0.00198983
2771 0.0113428
2772 0.0205554
2773 0.0193969
2774 -0.0108294
2775 -0.0381266
2776 -0.0166296
2777 0.0278009
2778 0.0306753
2779 -0.00511694
2780 -0.020644
2781 -0.00453591
2782 0.00268971
2783 -0.00440887
2784 0.00453998
2785 0.0192333
2786 0.00273569
2787 -0.0260712
2788 -0.0155768
2789 0.0207058
2790 0.0221961
2791 -0.0100909
2792 -0.0182139
2793 0.0049455
2794 0.0103256
2795 -0.00773024
2796 -0.00582482
2797 0.0144553
2798 0.00712303
2799 -0.0209553
2800 -0.0148373
2801 0.0211623
2802 0.0238241
2803 -0.0126431
2804 -0.0246881
2805 0.00370088
2806 0.0169009
2807 -0.00320834
2808 -0.00907053
2809 0.0112334
2810 0.00976505
2811 -0.0195007
2812 -0.019837
2813 0.0179942
2814 0.029208
2815 -0.00723087
2816 -0.0278507
2817 -0.000703235
2818 0.0200076
2819 -0.000272635
2820 -0.0158553
2821 0.00416094
2822 0.0165515
2823 -0.00602451
2824 -0.0180747
2825 0.00775634
2826 0.021941
2827 -0.00773161
2828 -0.0291044
2829 4.53302e-05
2830 0.0315086
2831 0.0124814
2832 -0.0219625
2833 -0.0171191
2834 0.00725629
2835 0.00697725
2836 -0.00301629
2837 0.00825067
2838 0.0162717
2839 -0.00936923
2840 -0.0328313
2841 -0.0085557
2842 0.0315934
2843 0.0265552
2844 -0.0125498
2845 -0.0262358
2846 -0.00488181
2847 0.0108801
2848 0.00735423
2849 0.00517644
2850 0.00484289
2851 -0.00929834
2852 -0.0216745
2853 -0.00388707
2854 0.0267054
2855 0.0245806
2856 -0.010738
2857 -0.0318054
2858 -0.0143939
2859 0.0148128
2860 0.0244664
2861 0.0128032
2862 -0.00726214
2863 -0.023203
2864 -0.0207463
2865 0.00396611
2866 0.0283721
2867 0.0241987
2868 -0.00527298
2869 -0.0282843
2870 -0.023027
2871 0.00263402
2872 0.0248007
2873 0.0239933
2874 -0.000174722
2875 -0.0243322
2876 -0.0219962
2877 0.00345766
2878 0.0211432
2879 0.0137566
2880 -0.00357851
2881 -0.0117535
2882 -0.0104678
2883 -0.00414838
2884 0.00782044
2885 0.0162672
2886 0.00605374
2887 -0.0139651
2888 -0.0151764
2889 0.00483562
2890 0.0144628
2891 0.000152111
2892 -0.0112888
2893 -0.00111092
2894 0.0098195
2895 0.00202392
2896 -0.00800238
2897 -0.00231046
2898 0.005147
2899 -0.000239157
2900 -0.00369415
2901 0.00604178
2902 0.00844329
2903 -0.00938703
2904 -0.0194499
2905 0.00155983
2906 0.0253508
2907 0.014549
2908 -0.0152432
2909 -0.0219941
2910 -0.00331322
2911 0.010497
2912 0.0104093
2913 0.00899056
2914 0.00324409
2915 -0.0149609
2916 -0.0246682
2917 -0.00155989
2918 0.0309407
2919 0.0264269
2920 -0.0121977
2921 -0.0341673
2922 -0.0156205
2923 0.013826
2924 0.0234432
2925 0.0154308
2926 -0.000136184
2927 -0.0204359
2928 -0.0298206
2929 -0.00733006
2930 0.0312165
2931 0.0384099
2932 0.000637047
2933 -0.0372895
2934 -0.0325663
2935 0.0026193
2936 0.0286432
2937 0.0285609
2938 0.0091372
2939 -0.0189779
2940 -0.0373652
2941 -0.0224122
2942 0.0204279
2943 0.0462275
2944 0.0227788
2945 -0.0236097
2946 -0.0414042
2947 -0.0179729
2948 0.0159527
2949 0.0314312
2950 0.022687
2951 -0.00398271
2952 -0.0318316
2953 -0.032918
2954 0.00235709
2955 0.0393054
2956 0.0337129
2957 -0.00875959
2958 -0.0381351
2959 -0.0254614
2960 0.00780107
2961 0.0278314
2962 0.0242236
2963 0.00275408
2964 -0.0247392
2965 -0.0343567
2966 -0.00721578
2967 0.03435
2968 0.0402065
2969 -0.00101281
2970 -0.0401439
2971 -0.0324691
2972 0.00601738
2973 0.0305765
2974 0.0258948
2975 0.00515406
2976 -0.0196779
2977 -0.0346531
2978 -0.018251
2979 0.0243901
2980 0.0456046
2981 0.0135909
2982 -0.0340454
2983 -0.0379726
2984 -0.000196025
2985 0.0270214
2986 0.0203113
2987 0.0025113
2988 -0.00923904
2989 -0.0187299
2990 -0.0177252
2991 0.00708482
2992 0.0323302
2993 0.0184179
2994 -0.0220966
2995 -0.0326069
2996 0.000520298
2997 0.0265303
2998 0.0125014
2999 -0.0110282
3000 -0.0106484
3001 -0.00036206
3002 -0.000654181
3003 0.000795304
3004 0.0123238
3005 0.0102233
3006 -0.0141422
3007 -0.0242144
3008 0.00275846
3009 0.0286854
3010 0.0130027
3011 -0.0196709
3012 -0.0208241
3013 0.00470234
3014 0.0159179
3015 0.00529067
3016 -0.00244187
3017 -0.00247808
3018 -0.00833668
3019 -0.0116249
3020 0.00502806
3021 0.0239181
3022 0.0118582
3023 -0.0203099
3024 -0.0270661
3025 0.00153855
3026 0.025312
3027 0.016125
3028 -0.00719523
3029 -0.0165772
3030 -0.0106294
3031 -3.61336e-05
3032 0.0114665
3033 0.0172789
3034 0.00572384
3035 -0.017141
3036 -0.0241822
3037 -0.0025082
3038 0.0241208
3039 0.0238318
3040 -0.00285198
3041 -0.0251487
3042 -0.0197891
3043 0.00475606
3044 0.0218375
3045 0.0164493
3046 -0.00277485
3047 -0.0173748
3048 -0.0168894
3049 -0.00238103
3050 0.0166823
3051 0.0234871
3052 0.00550159
3053 -0.0237018
3054 -0.0294583
3055 -9.50151e-06
3056 0.030217
3057 0.0241809
3058 -0.00657545
3059 -0.0227842
3060 -0.0141867
3061 -0.000771148
3062 0.00869633
3063 0.0182164
3064 0.0157391
3065 -0.0102575
3066 -0.0324405
3067 -0.0142629
3068 0.0251303
3069 0.0308101
3070 -0.00250884
3071 -0.0241687
3072 -0.011418
3073 0.00396943
3074 0.00299938
3075 0.0061856
3076 0.0164368
3077 0.00457199
3078 -0.0249364
3079 -0.0239129
3080 0.0148109
3081 0.0332021
3082 0.00303673
3083 -0.0258747
3084 -0.0126959
3085 0.0102397
3086 0.00653077
3087 -0.00135029
3088 0.00940635
3089 0.00944022
3090 -0.0183368
3091 -0.0285883
3092 0.00787863
3093 0.0390021
3094 0.0142646
3095 -0.0272223
3096 -0.0246821
3097 0.00472386
3098 0.0110206
3099 0.00251422
3100 0.0108017
3101 0.014936
3102 -0.0138549
3103 -0.0369578
3104 -0.0070185
3105 0.0378218
3106 0.0292786
3107 -0.0160643
3108 -0.0290298
3109 -0.00448429
3110 0.00773074
3111 0.00172669
3112 0.00992213
3113 0.0203485
3114 -0.00340711
3115 -0.0357869
3116 -0.0197981
3117 0.0271033
3118 0.0337628
3119 -0.00507074
3120 -0.0253673
3121 -0.00669886
3122 0.00681693
3123 -0.000594091
3124 0.00277205
3125 0.0167856
3126 0.0041186
3127 -0.0261904
3128 -0.0207774
3129 0.0194901
3130 0.0318902
3131 -0.00129902
3132 -0.0252102
3133 -0.010337
3134 0.00685667
3135 0.00269187
3136 0.0026935
3137 0.0149018
3138 0.00720757
3139 -0.0214486
3140 -0.0243268
3141 0.00961145
3142 0.0290848
3143 0.00714864
3144 -0.0165537
3145 -0.0104682
3146 0.00127978
3147 -0.00240726
3148 -0.00076415
3149 0.0152668
3150 0.014926
3151 -0.0117399
3152 -0.0252921
3153 -0.00380555
3154 0.0182761
3155 0.0115592
3156 -0.00291011
3157 -0.00216922
3158 -0.00122939
3159 -0.0112775
3160 -0.0101412
3161 0.0112565
3162 0.0216042
3163 0.00212916
3164 -0.018233
3165 -0.0122447
3166 0.00384649
3167 0.00718791
3168 0.00508894
3169 0.00705965
3170 0.00118223
3171 -0.0143011
3172 -0.0152102
3173 0.00637114
3174 0.0212174
3175 0.0087547
3176 -0.0112705
3177 -0.0145094
3178 -0.00551027
3179 0.00306094
3180 0.010977
3181 0.0141474
3182 0.00150038
3183 -0.0178138
3184 -0.017468
3185 0.00420741
3186 0.0184113
3187 0.0103263
3188 -0.00393178
3189 -0.00993678
3190 -0.0100695
3191 -0.00388064
3192 0.0107847
3193 0.0177631
3194 0.00117988
3195 -0.0197242
3196 -0.0140956
3197 0.00905319
3198 0.0155653
3199 0.00286229
3200 -0.00424393
3201 -0.00290343
3202 -0.00752128
3203 -0.0089596
3204 0.00791683
3205 0.0208129
3206 0.00188923
3207 -0.0234942
3208 -0.0126817
3209 0.0172696
3210 0.0170513
3211 -0.00790323
3212 -0.012283
3213 0.00350725
3214 0.002336
3215 -0.00977514
3216 0.00237885
3217 0.0223162
3218 0.00525449
3219 -0.0283402
3220 -0.0185524
3221 0.0222374
3222 0.0250722
3223 -0.0116639
3224 -0.0212266
3225 0.00699129
3226 0.0139602
3227 -0.0103833
3228 -0.010801
3229 0.0172405
3230 0.0140193
3231 -0.0223327
3232 -0.0220476
3233 0.0219392
3234 0.030916
3235 -0.0147168
3236 -0.0347698
3237 0.00429453
3238 0.0299959
3239 0.00156055
3240 -0.0198201
3241 0.00338951
3242 0.0148168
3243 -0.015169
3244 -0.0230838
3245 0.0203796
3246 0.0393883
3247 -0.00935028
3248 -0.0471209
3249 -0.0105609
3250 0.0357367
3251 0.0194705
3252 -0.0156066
3253 -0.00704952
3254 0.00952081
3255 -0.0125125
3256 -0.0261461
3257 0.0144624
3258 0.0471743
3259 0.00701193
3260 -0.0467734
3261 -0.0289185
3262 0.0242183
3263 0.0272688
3264 -0.00523436
3265 -0.00668671
3266 0.00965728
3267 -0.00714671
3268 -0.0288562
3269 -0.000455847
3270 0.0398987
3271 0.019614
3272 -0.0320762
3273 -0.0312292
3274 0.013894
3275 0.0260895
3276 -0.00139263
3277 -0.00994806
3278 0.00500019
3279 -0.00153852
3280 -0.0201429
3281 -0.00311172
3282 0.0306963
3283 0.0193955
3284 -0.0248406
3285 -0.0308382
3286 0.00730188
3287 0.0257652
3288 0.00573655
3289 -0.00832265
3290 -0.0020057
3291 -0.00534966
3292 -0.0154768
3293 0.00118577
3294 0.0294195
3295 0.0186621
3296 -0.0226477
3297 -0.0330699
3298 -0.000666709
3299 0.0233356
3300 0.01498
3301 0.00199195
3302 -0.00272559
3303 -0.0142547
3304 -0.0222659
3305 -0.000389902
3306 0.0308651
3307 0.0238518
3308 -0.014117
3309 -0.0289507
3310 -0.00756408
3311 0.0115293
3312 0.010844
3313 0.00848876
3314 0.00584144
3315 -0.0110182
3316 -0.0239469
3317 -0.0042555
3318 0.0259268
3319 0.0204567
3320 -0.0118874
3321 -0.0219597
3322 -0.00294796
3323 0.0088911
3324 0.00456416
3325 0.00534922
3326 0.00753284
3327 -0.00759146
3328 -0.0212237
3329 -0.00301128
3330 0.024405
3331 0.0160256
3332 -0.0153075
3333 -0.0199379
3334 0.00281168
3335 0.0118327
3336 0.00182402
3337 0.000820313
3338 0.00562052
3339 -0.00672194
3340 -0.0189107
3341 0.000319513
3342 0.0266759
3343 0.0136915
3344 -0.0211906
3345 -0.0226179
3346 0.0068339
3347 0.017225
3348 0.00218239
3349 -0.00247437
3350 0.0038454
3351 -0.00644344
3352 -0.019067
3353 0.000373951
3354 0.0285266
3355 0.0147392
3356 -0.0236183
3357 -0.0248847
3358 0.0094909
3359 0.0216438
3360 0.00142929
3361 -0.00777568
3362 0.00104743
3363 -0.00442291
3364 -0.0163083
3365 0.00186251
3366 0.0302269
3367 0.0152361
3368 -0.0273438
3369 -0.029788
3370 0.00982056
3371 0.0263521
3372 0.00354719
3373 -0.00944263
3374 0.00108108
3375 -0.0019887
3376 -0.0171997
3377 -0.00304854
3378 0.0279661
3379 0.0180867
3380 -0.0245859
3381 -0.0294248
3382 0.0114722
3383 0.0287092
3384 0.000333241
3385 -0.0172822
3386 -0.000978241
3387 0.00543327
3388 -0.0101729
3389 -0.00447238
3390 0.0228957
3391 0.0161873
3392 -0.0249199
3393 -0.0304416
3394 0.0136526
3395 0.0345539
3396 0.00147992
3397 -0.0245514
3398 -0.00701512
3399 0.00917713
3400 -0.00268611
3401 -0.00297054
3402 0.0197403
3403 0.0142241
3404 -0.0268792
3405 -0.0342903
3406 0.0138678
3407 0.0424898
3408 0.00815385
3409 -0.0283495
3410 -0.015631
3411 0.00656011
3412 -0.000130019
3413 -0.00184595
3414 0.0212796
3415 0.0201739
3416 -0.0232725
3417 -0.0410812
3418 0.00372926
3419 0.0420264
3420 0.0158719
3421 -0.0239234
3422 -0.0161449
3423 0.00759943
3424 0.00043947
3425 -0.00858251
3426 0.0129979
3427 0.0231058
3428 -0.0115207
3429 -0.0359219
3430 -0.00185142
3431 0.0365156
3432 0.0153205
3433 -0.0257132
3434 -0.019104
3435 0.0121519
3436 0.0107598
3437 -0.00656875
3438 0.00315594
3439 0.0150264
3440 -0.00930222
3441 -0.0310667
3442 -0.000760634
3443 0.0388288
3444 0.0200304
3445 -0.0280467
3446 -0.030074
3447 0.00679981
3448 0.0192998
3449 0.00401439
3450 0.00299879
3451 0.00864147
3452 -0.0127686
3453 -0.033286
3454 -0.00393513
3455 0.0423321
3456 0.0324461
3457 -0.0215942
3458 -0.0411144
3459 -0.009334
3460 0.0174659
3461 0.0154928
3462 0.012783
3463 0.0113907
3464 -0.0133623
3465 -0.0392993
3466 -0.0171434
3467 0.034399
3468 0.043098
3469 -0.00199511
3470 -0.0353612
3471 -0.0216592
3472 0.00426002
3473 0.0127959
3474 0.0158049
3475 0.0157582
3476 -0.00545424
3477 -0.0323791
3478 -0.0218739
3479 0.0206874
3480 0.0374378
3481 0.00684507
3482 -0.0257105
3483 -0.022767
3484 -0.00140175
3485 0.0117509
3486 0.0166736
3487 0.0140362
3488 -0.00521596
3489 -0.0272097
3490 -0.0196964
3491 0.0143719
3492 0.0314983
3493 0.0107421
3494 -0.0181569
3495 -0.0228206
3496 -0.00690619
3497 0.0105491
3498 0.0195886
3499 0.013689
3500 -0.00807313
3501 -0.0258418
3502 -0.0157304
3503 0.0133669
3504 0.0271288
3505 0.0118359
3506 -0.012476
3507 -0.0231854
3508 -0.014881
3509 0.00669393
3510 0.0260144
3511 0.0213968
3512 -0.0081304
3513 -0.0303723
3514 -0.0186825
3515 0.010672
3516 0.0239003
3517 0.0146296
3518 -0.00165358
3519 -0.0162659
3520 -0.0226623
3521 -0.00762869
3522 0.0221217
3523 0.0304083
3524 0.00143095
3525 -0.0281016
3526 -0.0209829
3527 0.00599499
3528 0.0162553
3529 0.00987331
3530 0.00514765
3531 -0.00260403
3532 -0.0186534
3533 -0.0186438
3534 0.0103758
3535 0.0311488
3536 0.00992607
3537 -0.0230566
3538 -0.0208312
3539 0.00478423
3540 0.0123388
3541 0.00342732
3542 0.00456692
3543 0.00688068
3544 -0.0103812
3545 -0.0237411
3546 -0.00159523
3547 0.028315
3548 0.0181084
3549 -0.0159789
3550 -0.0209583
3551 0.00197182
3552 0.00897513
3553 -0.00229014
3554 0.00157965
3555 0.0144537
3556 0.00184512
3557 -0.0226891
3558 -0.0139149
3559 0.0183893
3560 0.0209199
3561 -0.00799316
3562 -0.0172486
3563 0.00293218
3564 0.00953199
3565 -0.00655323
3566 -0.00683394
3567 0.0129626
3568 0.0114901
3569 -0.0145582
3570 -0.0181946
3571 0.00948503
3572 0.0200519
3573 -0.00294147
3574 -0.0156174
3575 0.0017664
3576 0.0110814
3577 -0.00573522
3578 -0.0122831
3579 0.00780636
3580 0.0165248
3581 -0.0044565
3582 -0.0168826
3583 0.00104548
3584 0.013723
3585 -0.00205286
3586 -0.0132362
3587 0.00345824
3588 0.0159623
3589 -0.00043054
3590 -0.0155707
3591 -0.00315173
3592 0.0106503
3593 0.00103079
3594 -0.00821101
3595 0.00433681
3596 0.0128155
3597 -0.00423727
3598 -0.0181619
3599 -0.0026298
3600 0.0160319
3601 0.00755898
3602 -0.00855711
3603 -0.00438712
3604 0.00500196
3605 -0.00219194
3606 -0.00873799
3607 0.00433522
3608 0.0146512
3609 -0.000241194
3610 -0.0164329
3611 -0.00557852
3612 0.0127936
3613 0.00796756
3614 -0.00720356
3615 -0.00527957
3616 0.00441335
3617 0.000262771
3618 -0.00643662
3619 0.00272471
3620 0.011469
3621 -0.000878853
3622 -0.0151437
3623 -0.00472843
3624 0.0139438
3625 0.00987396
3626 -0.00785837
3627 -0.00990466
3628 0.00118731
3629 0.00361029
3630 3.39265e-05
3631 0.0046841
3632 0.00722941
3633 -0.00654355
3634 -0.0178017
3635 -0.00281762
3636 0.0201236
3637 0.0164632
3638 -0.00786676
3639 -0.0187429
3640 -0.0085209
3641 0.0032729
3642 0.00958351
3643 0.0149837
3644 0.00968917
3645 -0.0134496
3646 -0.0291743
3647 -0.00997769
3648 0.0244987
3649 0.0302629
3650 0.00277499
3651 -0.0220359
3652 -0.0224964
3653 -0.00807296
3654 0.0100113
3655 0.0255351
3656 0.0221381
3657 -0.0082028
3658 -0.0363496
3659 -0.0251569
3660 0.0148634
3661 0.036117
3662 0.0185029
3663 -0.0117913
3664 -0.0259498
3665 -0.0199831
3666 -0.000185409
3667 0.0235556
3668 0.0295927
3669 0.00396687
3670 -0.029618
3671 -0.0311386
3672 0.00147846
3673 0.0289636
3674 0.0239097
3675 -0.00109175
3676 -0.02044
3677 -0.0224577
3678 -0.00678806
3679 0.017662
3680 0.0285347
3681 0.00950928
3682 -0.021919
3683 -0.0296798
3684 -0.00558716
3685 0.0213614
3686 0.0243575
3687 0.00609381
3688 -0.0147396
3689 -0.0230112
3690 -0.0116871
3691 0.0125551
3692 0.0265049
3693 0.0124844
3694 -0.015513
3695 -0.0256833
3696 -0.0084389
3697 0.014738
3698 0.0212326
3699 0.00879904
3700 -0.0107728
3701 -0.0220828
3702 -0.0128875
3703 0.0120708
3704 0.0270598
3705 0.012625
3706 -0.0164511
3707 -0.0274949
3708 -0.0103744
3709 0.0148471
3710 0.0254708
3711 0.0148647
3712 -0.00953655
3713 -0.029126
3714 -0.0225226
3715 0.00956376
3716 0.0346823
3717 0.0235486
3718 -0.011609
3719 -0.0324753
3720 -0.0213236
3721 0.00633109
3722 0.0268129
3723 0.0259846
3724 0.00180811
3725 -0.028506
3726 -0.0332123
3727 -0.00156071
3728 0.0334811
3729 0.0317425
3730 -0.00267576
3731 -0.0299623
3732 -0.0261043
3733 -0.00153346
3734 0.0223994
3735 0.029465
3736 0.0102521
3737 -0.0240918
3738 -0.0378309
3739 -0.00961375
3740 0.0311726
3741 0.0366418
3742 0.0031016
3743 -0.0284347
3744 -0.0286735
3745 -0.00600986
3746 0.0185365
3747 0.0298024
3748 0.0160683
3749 -0.018007
3750 -0.0384358
3751 -0.0162226
3752 0.0262433
3753 0.0376423
3754 0.00676321
3755 -0.0259373
3756 -0.0271629
3757 -0.00544116
3758 0.0160171
3759 0.0250475
3760 0.0143808
3761 -0.0142933
3762 -0.0339447
3763 -0.0156618
3764 0.024164
3765 0.0360064
3766 0.00529862
3767 -0.027656
3768 -0.0263774
3769 -0.00112215
3770 0.0191264
3771 0.0226633
3772 0.0095618
3773 -0.0156745
3774 -0.0315522
3775 -0.0134166
3776 0.0247784
3777 0.0360539
3778 0.00442484
3779 -0.029861
3780 -0.0272693
3781 0.00135945
3782 0.0217322
3783 0.0211782
3784 0.005996
3785 -0.0159139
3786 -0.0281958
3787 -0.011261
3788 0.0234945
3789 0.0336381
3790 0.00287967
3791 -0.030284
3792 -0.025524
3793 0.00547233
3794 0.0240758
3795 0.0174513
3796 -0.000697906
3797 -0.0176753
3798 -0.0229798
3799 -0.00525837
3800 0.024703
3801 0.030696
3802 -0.00123086
3803 -0.0337823
3804 -0.0261794
3805 0.00960219
3806 0.0301039
3807 0.0190561
3808 -0.00505191
3809 -0.0225357
3810 -0.0238159
3811 -0.00364323
3812 0.02595
3813 0.0322192
3814 0.00129147
3815 -0.0328917
3816 -0.0290019
3817 0.00555832
3818 0.0286028
3819 0.0205449
3820 -0.0021483
3821 -0.0191775
3822 -0.0217513
3823 -0.00587673
3824 0.0197269
3825 0.0278457
3826 0.00387004
3827 -0.0257487
3828 -0.024424
3829 0.00377848
3830 0.0228049
3831 0.0156837
3832 -0.00230649
3833 -0.0142542
3834 -0.0159069
3835 -0.0051223
3836 0.0141181
3837 0.0218968
3838 0.0043072
3839 -0.0194737
3840 -0.0191728
3841 0.00269548
3842 0.0164813
3843 0.00981095
3844 -0.00220602
3845 -0.00730673
3846 -0.00777749
3847 -0.00395575
3848 0.00615455
3849 0.0120807
3850 0.00216558
3851 -0.0121181
3852 -0.00934598
3853 0.0066582
3854 0.0118418
3855 0.000501618
3856 -0.00877677
3857 -0.00559138
3858 0.000907371
3859 0.00393335
3860 0.0063954
3861 0.00547843
3862 -0.00466638
3863 -0.0141204
3864 -0.00659756
3865 0.0112918
3866 0.0155913
3867 0.0014084
3868 -0.0112007
3869 -0.0095498
3870 -0.00181601
3871 0.00372506
3872 0.00824601
3873 0.00865696
3874 -0.00127008
3875 -0.0129683
3876 -0.00976384
3877 0.0054754
3878 0.012159
3879 0.00381747
3880 -0.0047942
3881 -0.0045409
3882 -0.00234578
3883 -0.00204178
3884 0.00173919
3885 0.00692159
3886 0.00373791
3887 -0.00524993
3888 -0.00637326
3889 0.00118909
3890 0.00411126
3891 -0.000541781
3892 -0.00166836
3893 0.00296483
3894 0.0028507
3895 -0.00347179
3896 -0.00494993
3897 0.000681353
3898 0.0033986
3899 0.000864267
3900 0.000875126
3901 0.00280561
3902 -0.00158848
3903 -0.00818689
3904 -0.00409728
3905 0.00768731
3906 0.0101509
3907 0.00019711
3908 -0.00766511
3909 -0.0063414
3910 -0.00254619
3911 0.00133059
3912 0.0083394
3913 0.0110358
3914 -0.000581196
3915 -0.0157064
3916 -0.0130485
3917 0.00527205
3918 0.0156674
3919 0.00878725
3920 -0.00233444
3921 -0.00850803
3922 -0.0116683
3923 -0.00776484
3924 0.00828529
3925 0.0213468
3926 0.0104696
3927 -0.0146954
3928 -0.022505
3929 -0.00554764
3930 0.0121868
3931 0.0147131
3932 0.00884094
3933 -0.000332255
3934 -0.0143848
3935 -0.0207909
3936 -0.00336281
3937 0.0228942
3938 0.0236223
3939 -0.00307489
3940 -0.0223293
3941 -0.0150604
3942 0.00144102
3943 0.0102969
3944 0.0141443
3945 0.0114362
3946 -0.00626457
3947 -0.0248105
3948 -0.0157874
3949 0.0150127
3950 0.027349
3951 0.00644814
3952 -0.0165375
3953 -0.0160784
3954 -0.00381151
3955 0.00448261
3956 0.011873
3957 0.0154306
3958 0.000556291
3959 -0.0228838
3960 -0.0207788
3961 0.0100607
3962 0.0284441
3963 0.0106552
3964 -0.0152572
3965 -0.0181542
3966 -0.00581187
3967 0.00388383
3968 0.0124671
3969 0.0179348
3970 0.00372886
3971 -0.0235684
3972 -0.0264804
3973 0.0057047
3974 0.0313297
3975 0.0174014
3976 -0.0125159
3977 -0.0211483
3978 -0.00998598
3979 0.00172771
3980 0.012381
3981 0.0202379
3982 0.00788178
3983 -0.0217138
3984 -0.03002
3985 0.000822228
3986 0.031582
3987 0.0219781
3988 -0.0103892
3989 -0.0238486
3990 -0.0129516
3991 0.00211388
3992 0.0146185
3993 0.0220137
3994 0.00870588
3995 -0.0229209
3996 -0.0341579
3997 -0.00270389
3998 0.034214
3999 0.0296788
4000 -0.00609816
4001 -0.0283087
4002 -0.0215286
4003 -0.00217001
4004 0.0176765
4005 0.029306
4006 0.0151477
4007 -0.0220251
4008 -0.0408043
4009 -0.0125742
4010 0.030162
4011 0.0361333
4012 0.00510088
4013 -0.0227953
4014 -0.02603
4015 -0.0118439
4016 0.0109067
4017 0.0301149
4018 0.0224741
4019 -0.01385
4020 -0.0383577
4021 -0.0180478
4022 0.0215287
4023 0.0320946
4024 0.0090458
4025 -0.0149874
4026 -0.0216886
4027 -0.0144239
4028 0.00458641
4029 0.0261128
4030 0.0238607
4031 -0.00910822
4032 -0.0346818
4033 -0.0183677
4034 0.0176758
4035 0.0281861
4036 0.00905075
4037 -0.0106075
4038 -0.0175222
4039 -0.0155458
4040 -0.000933125
4041 0.0225582
4042 0.0263994
4043 -0.00335493
4044 -0.0316282
4045 -0.020635
4046 0.0120829
4047 0.0236044
4048 0.00975954
4049 -0.00378451
4050 -0.0101336
4051 -0.015677
4052 -0.00970358
4053 0.0138842
4054 0.0268653
4055 0.00542469
4056 -0.023318
4057 -0.0198945
4058 0.00515014
4059 0.0145871
4060 0.00629655
4061 0.00249404
4062 0.00102335
4063 -0.0109798
4064 -0.0170985
4065 0.00198444
4066 0.0228848
4067 0.0127205
4068 -0.0125901
4069 -0.015396
4070 -4.91749e-05
4071 0.00382954
4072 -0.000789888
4073 0.00671546
4074 0.0138148
4075 -0.00252664
4076 -0.0223872
4077 -0.0114358
4078 0.015391
4079 0.0177187
4080 -0.0010951
4081 -0.00771561
4082 -0.00225364
4083 -0.00690464
4084 -0.0111671
4085 0.00743838
4086 0.0265205
4087 0.00925856
4088 -0.0244939
4089 -0.024786
4090 0.00524263
4091 0.0197753
4092 0.00940647
4093 0.00197456
4094 -0.000509296
4095 -0.0153056
4096 -0.0239229
4097 0.00270974
4098 0.0362677
4099 0.0238064
4100 -0.020888
4101 -0.0347091
4102 -0.00624339
4103 0.0169278
4104 0.0146792
4105 0.0102182
4106 0.00598636
4107 -0.0158812
4108 -0.0333332
4109 -0.00719608
4110 0.0371371
4111 0.034332
4112 -0.0132848
4113 -0.0367257
4114 -0.0121122
4115 0.013459
4116 0.0128876
4117 0.00964956
4118 0.00981181
4119 -0.00923917
4120 -0.0316876
4121 -0.0127274
4122 0.0319745
4123 0.0346018
4124 -0.0116636
4125 -0.036917
4126 -0.0101968
4127 0.0186654
4128 0.0142582
4129 0.0033455
4130 0.00328436
4131 -0.00841321
4132 -0.026629
4133 -0.00974167
4134 0.0331488
4135 0.0355109
4136 -0.0143689
4137 -0.0437669
4138 -0.0132037
4139 0.0247385
4140 0.0221169
4141 0.00366871
4142 -0.00190529
4143 -0.0117306
4144 -0.0274063
4145 -0.0105946
4146 0.0346559
4147 0.0412561
4148 -0.0107559
4149 -0.0482187
4150 -0.0202197
4151 0.024048
4152 0.0263589
4153 0.00584688
4154 -0.00183039
4155 -0.0100994
4156 -0.0270381
4157 -0.0155227
4158 0.0299043
4159 0.0444926
4160 -0.00349903
4161 -0.0471185
4162 -0.0253183
4163 0.021096
4164 0.0274541
4165 0.00633462
4166 -0.00148991
4167 -0.00630846
4168 -0.0242712
4169 -0.0209737
4170 0.0215564
4171 0.0459006
4172 0.0071769
4173 -0.0412162
4174 -0.0306484
4175 0.012834
4176 0.0240296
4177 0.00700451
4178 0.00283543
4179 0.00286556
4180 -0.0176727
4181 -0.0283985
4182 0.00444857
4183 0.0390271
4184 0.0194495
4185 -0.0243663
4186 -0.0265003
4187 0.00419352
4188 0.0123272
4189 -0.00141895
4190 0.00260915
4191 0.0150997
4192 -0.000663047
4193 -0.0253502
4194 -0.0125881
4195 0.020357
4196 0.0193141
4197 -0.00901376
4198 -0.0133145
4199 0.00619488
4200 0.00571174
4201 -0.0126461
4202 -0.00729271
4203 0.0167395
4204 0.0144789
4205 -0.0119577
4206 -0.0163266
4207 0.00508559
4208 0.0105531
4209 -0.00517277
4210 -0.00549316
4211 0.0112662
4212 0.00810816
4213 -0.014463
4214 -0.0150311
4215 0.00994519
4216 0.0177121
4217 -0.0023277
4218 -0.0127488
4219 -0.000144987
4220 0.00566215
4221 -0.0047608
4222 -0.00428681
4223 0.0109658
4224 0.0100264
4225 -0.0108128
4226 -0.0159982
4227 0.0041315
4228 0.0152427
4229 0.0017987
4230 -0.00874166
4231 -0.000935369
4232 0.00394176
4233 -0.00449091
4234 -0.00544899
4235 0.00757095
4236 0.0102941
4237 -0.00502978
4238 -0.0122892
4239 0.000427098
4240 0.00964619
4241 0.00124715
4242 -0.00593593
4243 0.000729538
4244 0.00511332
4245 -0.00275848
4246 -0.00677158
4247 0.00212845
4248 0.00757472
4249 -0.000140507
4250 -0.00594344
4251 -7.17009e-05
4252 0.00423634
4253 -0.00157594
4254 -0.00488625
4255 0.0021042
4256 0.00668214
4257 0.000177928
4258 -0.00612371
4259 -0.0026867
4260 0.00262602
4261 0.00194351
4262 0.000320348
4263 0.0017151
4264 0.000668488
4265 -0.00397751
4266 -0.00417218
4267 0.00201593
4268 0.00561795
4269 0.00204278
4270 -0.0026721
4271 -0.00349647
4272 -0.00187533
4273 0.000763199
4274 0.00370282
4275 0.00318683
4276 -0.00177677
4277 -0.00446569
4278 -0.00077974
4279 0.00285471
4280 0.00107054
4281 -0.0010575
4282 0.000574545
4283 0.000847095
4284 -0.00216
4285 -0.00137924
4286 0.00349801
4287 0.00214864
4288 -0.00532969
4289 -0.00447599
4290 0.00628541
4291 0.00863852
4292 -0.00337521
4293 -0.0105955
4294 -0.00215599
4295 0.00639328
4296 0.00353372
4297 0.000499238
4298 0.00345118
4299 -0.000609271
4300 -0.0122731
4301 -0.00926992
4302 0.0117054
4303 0.0196904
4304 -0.000142043
4305 -0.0184201
4306 -0.01026
4307 0.00608058
4308 0.00741958
4309 0.00344732
4310 0.00607711
4311 0.00131956
4312 -0.0152538
4313 -0.0160297
4314 0.0097053
4315 0.0255212
4316 0.00525867
4317 -0.0201784
4318 -0.0145178
4319 0.00592621
4320 0.00924107
4321 0.0026228
4322 0.00469806
4323 0.00303397
4324 -0.013149
4325 -0.0172845
4326 0.00783962
4327 0.0267449
4328 0.00657309
4329 -0.0226171
4330 -0.0170645
4331 0.00847214
4332 0.0138351
4333 0.0026594
4334 0.000777685
4335 0.000754481
4336 -0.0127428
4337 -0.0168597
4338 0.00893425
4339 0.0301815
4340 0.00868596
4341 -0.0261753
4342 -0.0226555
4343 0.00797839
4344 0.0180179
4345 0.00533656
4346 0.00052218
4347 0.000838095
4348 -0.0127478
4349 -0.0199403
4350 0.00538733
4351 0.0317612
4352 0.0138284
4353 -0.0244242
4354 -0.0252568
4355 0.00634579
4356 0.018473
4357 0.00402861
4358 -0.00174009
4359 0.00286306
4360 -0.00758022
4361 -0.0191452
4362 0.000562594
4363 0.0286414
4364 0.0157932
4365 -0.0224156
4366 -0.0260154
4367 0.00672999
4368 0.0210346
4369 0.00351484
4370 -0.00628319
4371 0.00128238
4372 -0.00332669
4373 -0.0160084
4374 -0.00211927
4375 0.0256519
4376 0.0176534
4377 -0.0199511
4378 -0.0277769
4379 0.00435838
4380 0.0224518
4381 0.00536538
4382 -0.00779557
4383 0.000263426
4384 -0.000226579
4385 -0.0139805
4386 -0.00642811
4387 0.0204327
4388 0.0196303
4389 -0.0133646
4390 -0.0252429
4391 0.00149661
4392 0.0192318
4393 0.00325473
4394 -0.009922
4395 0.00129107
4396 0.00663051
4397 -0.0078603
4398 -0.00991144
4399 0.0103134
4400 0.0146662
4401 -0.00876204
4402 -0.0177509
4403 0.00550543
4404 0.0191264
4405 -0.000904272
4406 -0.017554
4407 -0.00355355
4408 0.0116452
4409 0.00325546
4410 -0.00496492
4411 0.00419591
4412 0.00538329
4413 -0.0124317
4414 -0.0151888
4415 0.0110923
4416 0.0252054
4417 0.00144984
4418 -0.0230375
4419 -0.0130486
4420 0.00848047
4421 0.0101433
4422 0.00380623
4423 0.0059607
4424 0.00060302
4425 -0.0181359
4426 -0.0184989
4427 0.0116865
4428 0.0306752
4429 0.00828308
4430 -0.0223207
4431 -0.0204171
4432 0.000916963
4433 0.0104787
4434 0.010505
4435 0.0116629
4436 0.00136064
4437 -0.0215499
4438 -0.024006
4439 0.00754538
4440 0.0323601
4441 0.0156329
4442 -0.0165426
4443 -0.022627
4444 -0.00665459
4445 0.00559505
4446 0.0121585
4447 0.0171218
4448 0.00606829
4449 -0.0207439
4450 -0.0281228
4451 0.00127793
4452 0.0299348
4453 0.0201652
4454 -0.00943104
4455 -0.0202482
4456 -0.0109891
4457 -0.000826817
4458 0.0092588
4459 0.0197944
4460 0.0122078
4461 -0.0161019
4462 -0.0294751
4463 -0.00539197
4464 0.0242296
4465 0.0209487
4466 -0.0032659
4467 -0.0145859
4468 -0.0103522
4469 -0.00533004
4470 0.0031185
4471 0.0170697
4472 0.0158414
4473 -0.00906987
4474 -0.026051
4475 -0.00896385
4476 0.017805
4477 0.018018
4478 -0.000976062
4479 -0.00987426
4480 -0.0066966
4481 -0.00534323
4482 -0.00136045
4483 0.0114812
4484 0.015135
4485 -0.00337937
4486 -0.0200318
4487 -0.00909529
4488 0.0124673
4489 0.0133942
4490 -0.00152165
4491 -0.00708341
4492 -0.0023364
4493 -0.00191021
4494 -0.00244196
4495 0.00543518
4496 0.00985484
4497 -0.00191262
4498 -0.0135431
4499 -0.00471045
4500 0.0113502
4501 0.00948514
4502 -0.00491105
4503 -0.00881143
4504 -0.00128442
4505 0.00246008
4506 0.00196257
4507 0.00500636
4508 0.0047512
4509 -0.00619376
4510 -0.0133073
4511 -0.00163216
4512 0.0143452
4513 0.0114849
4514 -0.00476586
4515 -0.0119534
4516 -0.00619924
4517 0.000629494
4518 0.00568915
4519 0.0108171
4520 0.00733941
4521 -0.00851535
4522 -0.0184494
4523 -0.00620634
4524 0.0137899
4525 0.0165169
4526 0.00252487
4527 -0.00924762
4528 -0.0114299
4529 -0.0080388
4530 0.00154607
4531 0.0148434
4532 0.016112
4533 -0.00221969
4534 -0.0202082
4535 -0.0152641
4536 0.00511848
4537 0.0165692
4538 0.0116855
4539 0.000452947
4540 -0.0100814
4541 -0.0158278
4542 -0.00832668
4543 0.0111907
4544 0.0219184
4545 0.00845912
4546 -0.0143125
4547 -0.0202797
4548 -0.00619568
4549 0.0103381
4550 0.0163519
4551 0.0104533
4552 -0.00445553
4553 -0.0186272
4554 -0.0162479
4555 0.00467257
4556 0.0223797
4557 0.0163532
4558 -0.00608676
4559 -0.0207689
4560 -0.0155459
4561 0.00246269
4562 0.0185384
4563 0.0194294
4564 0.00152259
4565 -0.0203882
4566 -0.0229539
4567 -0.00168918
4568 0.0211317
4569 0.0226143
4570 0.0034635
4571 -0.0178929
4572 -0.0239665
4573 -0.00875532
4574 0.0168416
4575 0.0283015
4576 0.0108717
4577 -0.0186431
4578 -0.0282975
4579 -0.0095732
4580 0.0156049
4581 0.0244952
4582 0.0133138
4583 -0.00882073
4584 -0.0261002
4585 -0.0204209
4586 0.0084951
4587 0.0312258
4588 0.0199623
4589 -0.0123548
4590 -0.0280221
4591 -0.0143891
4592 0.00780997
4593 0.0193373
4594 0.0173543
4595 0.00217315
4596 -0.0198242
4597 -0.0258057
4598 -0.00177595
4599 0.0267752
4600 0.0232362
4601 -0.00630265
4602 -0.0228209
4603 -0.0123154
4604 0.00373118
4605 0.0105814
4606 0.0126484
4607 0.00752344
4608 -0.0103911
4609 -0.0226973
4610 -0.00642036
4611 0.0210869
4612 0.0207578
4613 -0.00604173
4614 -0.0198823
4615 -0.00716111
4616 0.00631213
4617 0.00645919
4618 0.00614195
4619 0.0066671
4620 -0.00542722
4621 -0.0190934
4622 -0.00751761
4623 0.0188209
4624 0.0200014
4625 -0.00646074
4626 -0.0199872
4627 -0.00529893
4628 0.00833828
4629 0.00485731
4630 0.00248404
4631 0.00669008
4632 -0.00131941
4633 -0.0169765
4634 -0.010218
4635 0.0156058
4636 0.0200884
4637 -0.00458942
4638 -0.0185495
4639 -0.00414155
4640 0.00836066
4641 0.00188159
4642 -0.00107407
4643 0.00795268
4644 0.00434591
4645 -0.0141369
4646 -0.0138645
4647 0.0104668
4648 0.019152
4649 -0.00186773
4650 -0.0153508
4651 -0.0019052
4652 0.0080877
4653 -0.00241982
4654 -0.00603332
4655 0.00888214
4656 0.011129
4657 -0.00978627
4658 -0.0170403
4659 0.00461864
4660 0.0172853
4661 0.000275539
4662 -0.012392
4663 0.000663399
4664 0.00884981
4665 -0.00585109
4666 -0.0112738
4667 0.00881742
4668 0.0173688
4669 -0.00545477
4670 -0.0203112
4671 -0.00103209
4672 0.016535
4673 0.00345295
4674 -0.0100652
4675 0.00149218
4676 0.00887555
4677 -0.00854685
4678 -0.0157335
4679 0.0090506
4680 0.0241764
4681 -0.00067959
4682 -0.0246281
4683 -0.00855196
4684 0.015565
4685 0.00840445
4686 -0.00644471
4687 0.00188955
4688 0.00829229
4689 -0.0111483
4690 -0.020728
4691 0.00792535
4692 0.0310633
4693 0.00630352
4694 -0.0274496
4695 -0.0172742
4696 0.0127256
4697 0.0131686
4698 -0.00228978
4699 0.00210707
4700 0.00804904
4701 -0.0119861
4702 -0.024964
4703 0.00463315
4704 0.0355492
4705 0.0140705
4706 -0.0277564
4707 -0.025457
4708 0.00856368
4709 0.0175052
4710 0.00235603
4711 0.00179518
4712 0.00704597
4713 -0.0116185
4714 -0.0274585
4715 0.000295159
4716 0.0372567
4717 0.0217278
4718 -0.0251212
4719 -0.032016
4720 0.00279897
4721 0.0199839
4722 0.0069457
4723 0.00167026
4724 0.00582316
4725 -0.00994605
4726 -0.0274949
4727 -0.00424017
4728 0.0352861
4729 0.0269049
4730 -0.0205613
4731 -0.0353475
4732 -0.00241102
4733 0.0212716
4734 0.0110872
4735 0.00109372
4736 0.00297163
4737 -0.00888763
4738 -0.0252484
4739 -0.0063504
4740 0.0325306
4741 0.0297757
4742 -0.0162166
4743 -0.0374872
4744 -0.00806152
4745 0.021149
4746 0.015938
4747 0.0028618
4748 0.000647037
4749 -0.00960814
4750 -0.0242723
4751 -0.00829402
4752 0.029745
4753 0.0325103
4754 -0.0103218
4755 -0.0374642
4756 -0.0144325
4757 0.0174618
4758 0.0188549
4759 0.00677091
4760 0.00163791
4761 -0.00942524
4762 -0.0247959
4763 -0.0123863
