0 0
1 0
2 0
3 0
4 0
5 0
6 0
7 0
8 0
9 0
10 0
11 0
12 0
13 0
14 0
15 0
16 0
17 0
18 0
19 0
20 0
21 0
22 0
23 0
24 0
25 0
26 0
27 0
28 0
29 0
30 0
31 0
32 0
33 0
34 0
35 0
36 0
37 0
38 0
39 0
40 0
41 0
42 0
43 0
44 0
45 0
46 0
47 0
48 0
49 0
50 0
51 0
52 0
53 0
54 0
55 0
56 0
57 0
58 0
59 0
60 0
61 0
62 0
63 0
64 0
65 0
66 0
67 0
68 0
69 0
70 0
71 0
72 0
73 0
74 0
75 0
76 0
77 0
78 0
79 0
80 0
81 0
82 0
83 0
84 0
85 0
86 0
87 0
88 0
89 0
90 0
91 0
92 0
93 0
94 0
95 0
96 0
97 0
98 0
99 0
100 0
101 0
102 0
103 0
104 0
105 0
106 0
107 0
108 0
109 0
110 0
111 0
112 0
113 0
114 0
115 0
116 0
117 0
118 0
119 0
120 0
121 0
122 0
123 0
124 0
125 0
126 0
127 1.01524e-76
128 1.30578e-74
129 9.3885e-73
130 4.8952e-71
131 2.02578e-69
132 6.95641e-68
133 2.03903e-66
134 5.20847e-65
135 1.17831e-63
136 2.3917e-62
137 4.40194e-61
138 7.41104e-60
139 1.14976e-58
140 1.65404e-57
141 2.21834e-56
142 2.78667e-55
143 3.29226e-54
144 3.67133e-53
145 3.87675e-52
146 3.88755e-51
147 3.71169e-50
148 3.38197e-49
149 2.94711e-48
150 2.46088e-47
151 1.97253e-46
152 1.52022e-45
153 1.12821e-44
154 8.07386e-44
155 5.57877e-43
156 3.72634e-42
157 2.40879e-41
158 1.50849e-40
159 9.16081e-40
160 5.39974e-39
161 3.09195e-38
162 1.72133e-37
163 9.32388e-37
164 4.91749e-36
165 2.52697e-35
166 1.26603e-34
167 6.18786e-34
168 2.95216e-33
169 1.37556e-32
170 6.26302e-32
171 2.78786e-31
172 1.21379e-30
173 5.17123e-30
174 2.15681e-29
175 8.80992e-29
176 3.52569e-28
177 1.3829e-27
178 5.31819e-27
179 2.00592e-26
180 7.42297e-26
181 2.69584e-25
182 9.6115e-25
183 3.36506e-24
184 1.15722e-23
185 3.91001e-23
186 1.29833e-22
187 4.23779e-22
188 1.36002e-21
189 4.29236e-21
190 1.33255e-20
191 4.07003e-20
192 1.22326e-19
193 3.61852e-19
194 1.05368e-18
195 3.02086e-18
196 8.52829e-18
197 2.37122e-17
198 6.49421e-17
199 1.7522e-16
200 4.65808e-16
201 1.22025e-15
202 3.15037e-15
203 8.01673e-15
204 2.01096e-14
205 4.97306e-14
206 1.21255e-13
207 2.91525e-13
208 6.91169e-13
209 1.61608e-12
210 3.72684e-12
211 8.47714e-12
212 1.90202e-11
213 4.20983e-11
214 9.19214e-11
215 1.98012e-10
216 4.20831e-10
217 8.82423e-10
218 1.82562e-09
219 3.72664e-09
220 7.5059e-09
221 1.49166e-08
222 2.92493e-08
223 5.65897e-08
224 1.08026e-07
225 2.03459e-07
226 3.78065e-07
227 6.93076e-07
228 1.25342e-06
229 2.23605e-06
230 3.93468e-06
231 6.82872e-06
232 1.16877e-05
233 1.97253e-05
234 3.28226e-05
235 5.38407e-05
236 8.70488e-05
237 0.000138691
238 0.000217709
239 0.000336621
240 0.000512538
241 0.000768244
242 0.00113321
243 0.00164432
244 0.00234605
245 0.00328953
246 0.00453025
247 0.00612348
248 0.0081173
249 0.0105425
250 0.0133995
251 0.0166432
252 0.0201662
253 0.0237838
254 0.0272237
255 0.0301241
256 0.0320457
257 0.0325019
258 0.031009
259 0.0271582
260 0.0207024
261 0.0116515
262 0.000357401
263 -0.0124294
264 -0.0255541
265 -0.0375244
266 -0.0466607
267 -0.0513295
268 -0.0502385
269 -0.0427532
270 -0.0291711
271 -0.0108832
272 0.00964778
273 0.0291403
274 0.0439844
275 0.0509195
276 0.0477892
277 0.0342096
278 0.0119683
279 -0.0150105
280 -0.041226
281 -0.0606576
282 -0.0681518
283 -0.0608374
284 -0.039193
285 -0.007401
286 0.0272482
287 0.055914
288 0.0704521
289 0.0658132
290 0.0419044
291 0.00425159
292 -0.0369455
293 -0.069341
294 -0.0820132
295 -0.0690977
296 -0.0323056
297 0.0186823
298 0.0684126
299 0.100105
300 0.101168
301 0.0680341
302 0.0085178
303 -0.0595021
304 -0.113147
305 -0.132066
306 -0.106035
307 -0.0398688
308 0.0465675
309 0.123894
310 0.162986
311 0.145847
312 0.0735855
313 -0.0319214
314 -0.134107
315 -0.194142
316 -0.185615
317 -0.105997
318 0.0200267
319 0.147578
320 0.227311
321 0.224477
322 0.134004
323 -0.0148992
324 -0.167554
325 -0.263702
326 -0.261381
327 -0.155325
328 0.0181934
329 0.193227
330 0.299133
331 0.289281
332 0.161742
333 -0.0372943
334 -0.229967
335 -0.337393
336 -0.312392
337 -0.160552
338 0.059941
339 0.260629
340 0.358741
341 0.311963
342 0.137148
343 -0.0955183
344 -0.291023
345 -0.368955
346 -0.297193
347 -0.105386
348 0.127568
349 0.306673
350 0.360345
351 0.269439
352 0.0737863
353 -0.145866
354 -0.302035
355 -0.335898
356 -0.239247
357 -0.0548879
358 0.143142
359 0.280002
360 0.308243
361 0.223182
362 0.0611285
363 -0.116791
364 -0.247663
365 -0.288027
366 -0.226801
367 -0.0871069
368 0.0823026
369 0.222883
370 0.285029
371 0.244715
372 0.113056
373 -0.0651173
374 -0.224906
375 -0.304164
376 -0.268015
377 -0.125206
378 0.0718907
379 0.245774
380 0.324766
381 0.273773
382 0.110943
383 -0.0982654
384 -0.268062
385 -0.328845
386 -0.25691
387 -0.0839512
388 0.117648
389 0.266498
390 0.306156
391 0.226499
392 0.064399
393 -0.114512
394 -0.243322
395 -0.278459
396 -0.212633
397 -0.0735681
398 0.0882907
399 0.217254
400 0.26955
401 0.226374
402 0.10032
403 -0.0667448
404 -0.215368
405 -0.28827
406 -0.252642
407 -0.116199
408 0.0716356
409 0.236752
410 0.310406
411 0.259569
412 0.103045
413 -0.0953172
414 -0.254005
415 -0.309157
416 -0.241258
417 -0.0813559
418 0.104613
419 0.244528
420 0.288266
421 0.224224
422 0.0799454
423 -0.0905142
424 -0.226189
425 -0.279274
426 -0.230521
427 -0.0961463
428 0.0763234
429 0.223423
430 0.288538
431 0.244224
432 0.104677
433 -0.0779748
434 -0.233193
435 -0.299769
436 -0.250378
437 -0.102864
438 0.0861698
439 0.242966
440 0.30533
441 0.247712
442 0.0925403
443 -0.0979128
444 -0.247178
445 -0.297039
446 -0.231488
447 -0.080729
448 0.0951012
449 0.231838
450 0.283567
451 0.234424
452 0.101018
453 -0.0716885
454 -0.221691
455 -0.290021
456 -0.245153
457 -0.0999233
458 0.0902932
459 0.249442
460 0.312685
461 0.253875
462 0.0969745
463 -0.0938572
464 -0.242387
465 -0.293688
466 -0.235013
467 -0.0943324
468 0.0766788
469 0.220076
470 0.2839
471 0.236869
472 0.0882508
473 -0.103663
474 -0.254565
475 -0.300965
476 -0.23363
477 -0.0902195
478 0.0771825
479 0.221438
480 0.297033
481 0.263629
482 0.116238
483 -0.0877433
484 -0.250324
485 -0.297501
486 -0.224713
487 -0.0804208
488 0.0812718
489 0.219167
490 0.289642
491 0.248576
492 0.0929735
493 -0.108853
494 -0.25415
495 -0.282157
496 -0.206437
497 -0.0749785
498 0.0773428
499 0.221623
500 0.303365
501 0.260376
502 0.0891655
503 -0.126043
504 -0.27257
505 -0.295017
506 -0.213683
507 -0.0741666
508 0.0901439
509 0.241034
510 0.31577
511 0.260952
512 0.088932
513 -0.118184
514 -0.267169
515 -0.308834
516 -0.241978
517 -0.091654
518 0.0963526
519 0.253671
520 0.313192
521 0.249936
522 0.0952152
523 -0.0887512
524 -0.239608
525 -0.306366
526 -0.258366
527 -0.106903
528 0.085582
529 0.236538
530 0.291893
531 0.243969
532 0.113801
533 -0.0620475
534 -0.224788
535 -0.301694
536 -0.250445
537 -0.0977621
538 0.0789073
539 0.209158
540 0.261863
541 0.230903
542 0.119156
543 -0.0468366
544 -0.203117
545 -0.276513
546 -0.23491
547 -0.104569
548 0.0571658
549 0.193645
550 0.25921
551 0.225992
552 0.102378
553 -0.0595732
554 -0.190606
555 -0.243629
556 -0.20822
557 -0.0997773
558 0.0478763
559 0.181272
560 0.242167
561 0.20272
562 0.0860207
