0 0
1 0
2 0
3 0
4 0
5 0
6 0
7 0
8 0
9 0
10 0
11 0
12 0
13 0
14 0
15 0
16 0
17 0
18 0
19 0
20 0
21 0
22 0
23 0
24 0
25 0
26 0
27 0
28 0
29 0
30 0
31 0
32 0
33 0
34 0
35 0
36 0
37 0
38 0
39 0
40 0
41 0
42 0
43 0
44 0
45 0
46 0
47 0
48 0
49 0
50 0
51 0
52 0
53 0
54 0
55 0
56 0
57 0
58 0
59 0
60 0
61 0
62 0
63 0
64 0
65 0
66 0
67 0
68 0
69 0
70 0
71 0
72 0
73 0
74 0
75 0
76 0
77 0
78 0
79 0
80 0
81 0
82 0
83 0
84 0
85 0
86 0
87 0
88 0
89 0
90 0
91 0
92 0
93 0
94 0
95 0
96 0
97 0
98 0
99 0
100 0
101 0
102 0
103 0
104 0
105 0
106 0
107 0
108 0
109 0
110 0
111 0
112 0
113 0
114 0
115 0
116 0
117 0
118 0
119 0
120 0
121 0
122 0
123 0
124 0
125 0
126 0
127 1.01524e-76
128 1.30578e-74
129 9.3885e-73
130 4.8952e-71
131 2.02578e-69
132 6.95641e-68
133 2.03903e-66
134 5.20847e-65
135 1.17831e-63
136 2.3917e-62
137 4.40194e-61
138 7.41104e-60
139 1.14976e-58
140 1.65404e-57
141 2.21834e-56
142 2.78667e-55
143 3.29226e-54
144 3.67133e-53
145 3.87675e-52
146 3.88755e-51
147 3.71169e-50
148 3.38197e-49
149 2.94711e-48
150 2.46088e-47
151 1.97253e-46
152 1.52022e-45
153 1.12821e-44
154 8.07386e-44
155 5.57877e-43
156 3.72634e-42
157 2.40879e-41
158 1.50849e-40
159 9.16081e-40
160 5.39974e-39
161 3.09195e-38
162 1.72133e-37
163 9.32388e-37
164 4.91749e-36
165 2.52697e-35
166 1.26603e-34
167 6.18786e-34
168 2.95216e-33
169 1.37556e-32
170 6.26302e-32
171 2.78786e-31
172 1.21379e-30
173 5.17123e-30
174 2.15681e-29
175 8.80992e-29
176 3.52569e-28
177 1.3829e-27
178 5.31819e-27
179 2.00592e-26
180 7.42297e-26
181 2.69584e-25
182 9.6115e-25
183 3.36506e-24
184 1.15722e-23
185 3.91001e-23
186 1.29833e-22
187 4.23779e-22
188 1.36002e-21
189 4.29236e-21
190 1.33255e-20
191 4.07003e-20
192 1.22326e-19
193 3.61852e-19
194 1.05368e-18
195 3.02086e-18
196 8.52829e-18
197 2.37122e-17
198 6.49421e-17
199 1.7522e-16
200 4.65808e-16
201 1.22025e-15
202 3.15037e-15
203 8.01673e-15
204 2.01096e-14
205 4.97306e-14
206 1.21255e-13
207 2.91525e-13
208 6.91169e-13
209 1.61608e-12
210 3.72684e-12
211 8.47714e-12
212 1.90202e-11
213 4.20983e-11
214 9.19214e-11
215 1.98012e-10
216 4.20831e-10
217 8.82423e-10
218 1.82562e-09
219 3.72664e-09
220 7.5059e-09
221 1.49166e-08
222 2.92493e-08
223 5.65897e-08
224 1.08026e-07
225 2.03459e-07
226 3.78065e-07
227 6.93076e-07
228 1.25342e-06
229 2.23605e-06
230 3.93468e-06
231 6.82872e-06
232 1.16877e-05
233 1.97253e-05
234 3.28226e-05
235 5.38407e-05
236 8.70488e-05
237 0.000138691
238 0.000217709
239 0.000336621
240 0.000512538
241 0.000768244
242 0.00113321
243 0.00164432
244 0.00234605
245 0.00328953
246 0.00453025
247 0.00612348
248 0.0081173
249 0.0105425
250 0.0133995
251 0.0166432
252 0.0201662
253 0.0237838
254 0.0272237
255 0.0301241
256 0.0320457
257 0.0325019
258 0.031009
259 0.0271582
260 0.0207024
261 0.0116515
262 0.000357404
263 -0.0124293
264 -0.0255541
265 -0.0375244
266 -0.0466607
267 -0.0513294
268 -0.0502384
269 -0.042753
270 -0.0291707
271 -0.0108827
272 0.00964845
273 0.0291411
274 0.0439852
275 0.0509199
276 0.0477881
277 0.0342052
278 0.0119574
279 -0.0150334
280 -0.0412694
281 -0.0607344
282 -0.0682802
283 -0.0610423
284 -0.0395056
285 -0.0078586
286 0.026605
287 0.0550463
288 0.0693302
289 0.0644272
290 0.0402757
291 0.00244475
292 -0.0388141
293 -0.0711019
294 -0.0834533
295 -0.0699833
296 -0.0324206
297 0.0194869
298 0.0701661
299 0.102673
300 0.10423
301 0.0711048
302 0.0110097
303 -0.0581661
304 -0.113392
305 -0.134025
306 -0.10945
307 -0.0440724
308 0.0425523
309 0.121147
310 0.162402
311 0.147841
312 0.0778819
313 -0.0263256
314 -0.128753
315 -0.190707
316 -0.185394
317 -0.10941
318 0.0137072
319 0.140153
320 0.221186
321 0.221904
322 0.136257
323 -0.00812338
324 -0.158229
325 -0.254959
326 -0.256485
327 -0.156451
328 0.0109245
329 0.18203
330 0.287966
331 0.28248
332 0.162347
333 -0.0288829
334 -0.21641
335 -0.323628
336 -0.303835
337 -0.160927
338 0.0502691
339 0.24507
340 0.343345
341 0.303092
342 0.138839
343 -0.0833904
344 -0.272925
345 -0.352048
346 -0.288438
347 -0.108602
348 0.113433
349 0.287251
350 0.343584
351 0.262299
352 0.079286
353 -0.129947
354 -0.282234
355 -0.320312
356 -0.234141
357 -0.0621288
358 0.126739
359 0.261203
360 0.2945
361 0.219604
362 0.0685758
363 -0.101772
364 -0.231202
365 -0.276389
366 -0.224033
367 -0.0937417
368 0.0691344
369 0.208172
370 0.27403
371 0.241189
372 0.118126
373 -0.0532474
374 -0.210355
375 -0.292073
376 -0.262859
377 -0.129189
378 0.0598216
379 0.229833
380 0.310987
381 0.26776
382 0.115526
383 -0.0844567
384 -0.250337
385 -0.314438
386 -0.251963
387 -0.0908028
388 0.101606
389 0.247788
390 0.292437
391 0.223265
392 0.072672
393 -0.0984918
394 -0.226334
395 -0.267351
396 -0.211527
397 -0.0824001
398 0.0734297
399 0.202314
400 0.260146
401 0.225793
402 0.108557
403 -0.0527467
404 -0.200545
405 -0.277759
406 -0.250109
407 -0.122613
408 0.0584158
409 0.221379
410 0.29851
411 0.255717
412 0.108923
413 -0.081735
414 -0.237829
415 -0.296644
416 -0.237303
417 -0.0874755
418 0.0909162
419 0.228736
420 0.276598
421 0.221141
422 0.0864483
423 -0.0771496
424 -0.211217
425 -0.268385
426 -0.227704
427 -0.102281
428 0.0636901
429 0.209112
430 0.277959
431 0.241389
432 0.110708
433 -0.0653157
434 -0.218716
435 -0.289055
436 -0.247608
437 -0.109148
438 0.0732815
439 0.228552
440 0.295092
441 0.245691
442 0.099501
443 -0.0847715
444 -0.233042
445 -0.287362
446 -0.229854
447 -0.0875628
448 0.0825471
449 0.218362
450 0.27424
451 0.232766
452 0.107692
453 -0.0591806
454 -0.208102
455 -0.280532
456 -0.243369
457 -0.106526
458 0.0777655
459 0.235708
460 0.30305
461 0.252218
462 0.104071
463 -0.0808623
464 -0.228819
465 -0.284948
466 -0.234255
467 -0.101451
468 0.0645672
469 0.20738
470 0.275194
471 0.235501
472 0.0949799
473 -0.091334
474 -0.241506
475 -0.292183
476 -0.232121
477 -0.0961979
478 0.0658135
479 0.208408
480 0.287085
481 0.261145
482 0.12292
483 -0.0745101
484 -0.236442
485 -0.288771
486 -0.223854
487 -0.0867204
488 0.0704138
489 0.207135
490 0.28054
491 0.246498
492 0.0996728
493 -0.0959444
494 -0.240873
495 -0.27398
496 -0.205659
497 -0.0809911
498 0.0663748
499 0.208462
500 0.292506
501 0.257089
502 0.0959803
503 -0.112077
504 -0.258341
505 -0.286655
506 -0.213304
507 -0.0805016
508 0.079513
509 0.229034
510 0.306454
511 0.258646
512 0.0953934
513 -0.105639
514 -0.254177
515 -0.30055
516 -0.240921
517 -0.0978094
518 0.0849045
519 0.240735
520 0.303932
521 0.248737
522 0.103106
523 -0.0748192
524 -0.225133
525 -0.296838
526 -0.25737
527 -0.114914
528 0.071632
529 0.222206
530 0.282683
531 0.242918
532 0.120846
533 -0.0492786
534 -0.210288
535 -0.290668
536 -0.247821
537 -0.105419
538 0.0639449
539 0.193393
540 0.251739
541 0.229936
542 0.127318
543 -0.0324386
544 -0.187466
545 -0.265463
546 -0.232942
547 -0.11255
548 0.0424572
549 0.177928
550 0.248357
551 0.22405
552 0.110149
553 -0.0450731
554 -0.175055
555 -0.232852
556 -0.205853
557 -0.106476
558 0.0341991
559 0.165201
560 0.22999
561 0.199906
562 0.0939191
563 -0.0383754
564 -0.149006
565 -0.205951
566 -0.191042
567 -0.104461
568 0.0244808
569 0.143493
570 0.204685
571 0.187953
572 0.102781
573 -0.020532
574 -0.1372
575 -0.199589
576 -0.181099
577 -0.0940471
578 0.0201573
579 0.11883
580 0.174417
581 0.172205
582 0.109004
583 0.00210888
584 -0.10856
585 -0.178225
586 -0.180537
587 -0.116008
588 -0.00712064
589 0.107578
590 0.182356
591 0.184349
592 0.114186
593 0.00515033
594 -0.099626
595 -0.167505
596 -0.179436
597 -0.128298
598 -0.025916
599 0.0916392
600 0.176976
601 0.195914
602 0.141855
603 0.0334113
604 -0.092919
605 -0.189762
606 -0.21402
607 -0.150328
608 -0.0241429
609 0.110647
610 0.199877
611 0.211278
612 0.1422
613 0.0185621
614 -0.112512
615 -0.199758
616 -0.210034
617 -0.141527
618 -0.0205065
619 0.110636
620 0.204748
621 0.222441
622 0.149764
623 0.0121071
624 -0.131944
625 -0.219304
626 -0.214991
627 -0.12638
628 0.0062019
629 0.130656
630 0.202558
631 0.198042
632 0.120402
633 -0.000902523
634 -0.120597
635 -0.194371
636 -0.194987
637 -0.121979
638 -0.00264566
639 0.116916
640 0.190152
641 0.19041
642 0.121017
643 0.00968155
644 -0.104943
645 -0.184085
646 -0.197274
647 -0.134208
648 -0.0156548
649 0.110577
650 0.192325
651 0.198752
652 0.130943
653 0.0160365
654 -0.104718
655 -0.188296
656 -0.203444
657 -0.142599
658 -0.0255032
659 0.10676
660 0.203558
661 0.221701
662 0.147042
663 0.0086472
664 -0.131626
665 -0.212782
666 -0.206279
667 -0.123011
668 0.000790298
669 0.120533
670 0.19525
671 0.198536
672 0.128395
673 0.00926682
674 -0.115881
675 -0.199217
676 -0.205158
677 -0.128306
678 -0.000800845
679 0.122472
680 0.193236
681 0.190509
682 0.120981
683 0.00985059
684 -0.105824
685 -0.184821
686 -0.196461
687 -0.134768
688 -0.0209152
689 0.10484
690 0.194941
691 0.210539
692 0.141219
693 0.0146761
694 -0.116522
695 -0.201606
696 -0.210294
697 -0.138354
698 -0.00991086
699 0.124606
700 0.207469
701 0.204822
702 0.123588
703 0.00062969
704 -0.11873
705 -0.1937
706 -0.196579
707 -0.125046
708 -0.00741978
709 0.111066
710 0.189318
711 0.200512
712 0.135558
713 0.012538
714 -0.119011
715 -0.199859
716 -0.197755
717 -0.122381
718 -0.00814489
719 0.10695
720 0.186515
721 0.199582
722 0.136417
723 0.0197604
724 -0.106081
725 -0.195806
726 -0.214631
727 -0.147125
728 -0.013016
729 0.129238
730 0.212692
731 0.204914
732 0.120576
733 -0.00108131
734 -0.118683
735 -0.193654
736 -0.196538
737 -0.124319
738 -0.00694226
739 0.110327
740 0.1882
741 0.199845
742 0.134944
743 0.0127256
744 -0.115945
745 -0.195362
746 -0.197929
747 -0.129854
748 -0.0157632
749 0.108781
750 0.197284
751 0.208499
752 0.13465
753 0.00885739
754 -0.117289
755 -0.198525
756 -0.205549
757 -0.132202
758 -0.00564682
759 0.120314
760 0.195229
761 0.196968
762 0.13001
763 0.0145124
764 -0.112871
765 -0.200672
766 -0.207073
767 -0.129229
768 -0.00390351
769 0.118238
770 0.194443
771 0.198001
772 0.12629
773 0.00754377
774 -0.110614
775 -0.186485
776 -0.197894
777 -0.139146
778 -0.022511
779 0.112247
780 0.20586
781 0.213488
782 0.133413
783 0.00310965
784 -0.124829
785 -0.202384
786 -0.200129
787 -0.120896
788 -0.000517882
789 0.113372
790 0.184906
791 0.194394
792 0.134466
793 0.0182348
794 -0.111717
795 -0.198962
796 -0.206322
797 -0.133687
798 -0.0105919
799 0.117537
800 0.200894
801 0.204149
