Frequency (Hz)	Level (dB)
43.066406	-65.462883
86.132812	-58.100586
129.199219	-55.015556
172.265625	-61.864017
215.332031	-64.958199
258.398438	-65.413826
301.464844	-66.788269
344.531250	-66.450806
387.597656	-66.493347
430.664062	-66.998329
473.730469	-66.378975
516.796875	-65.877556
559.863281	-62.357254
602.929688	-38.455330
645.996094	-32.888947
689.062500	-41.634586
732.128906	-63.960106
775.195312	-63.903267
818.261719	-64.029915
861.328125	-63.647926
904.394531	-62.758427
947.460938	-61.916290
990.527344	-61.153477
1033.593750	-60.736740
1076.660156	-59.819134
1119.726562	-60.186531
1162.792969	-63.321251
1205.859375	-44.151489
1248.925781	-16.057062
1291.992188	-10.882421
1335.058594	-20.349472
1378.125000	-55.203247
1421.191406	-61.163315
1464.257812	-59.488075
1507.324219	-60.173729
1550.390625	-60.972389
1593.457031	-61.737869
1636.523438	-62.814644
1679.589844	-63.373608
1722.656250	-63.985546
1765.722656	-64.514175
1808.789062	-64.345818
1851.855469	-60.408920
1894.921875	-39.293766
1937.988281	-34.328701
1981.054688	-43.254345
2024.121094	-63.975597
2067.187500	-67.177773
2110.253906	-68.213043
2153.320312	-68.555168
2196.386719	-68.660446
2239.453125	-68.340515
2282.519531	-66.615234
2325.585938	-65.425247
2368.652344	-63.187553
2411.718750	-61.502972
2454.785156	-59.572063
2497.851562	-58.897350
2540.917969	-50.739250
2583.984375	-47.472603
2627.050781	-56.799324
2670.117188	-69.807022
2713.183594	-69.208160
2756.250000	-67.361794
2799.316406	-65.346710
2842.382812	-61.890003
2885.449219	-60.276558
2928.515625	-60.821205
2971.582031	-64.467522
3014.648438	-66.162369
3057.714844	-65.849182
3100.781250	-65.714630
3143.847656	-57.897564
3186.914062	-43.278946
3229.980469	-42.598381
3273.046875	-55.524223
3316.113281	-66.949097
3359.179688	-64.815338
3402.246094	-63.272751
3445.312500	-58.887707
3488.378906	-57.563217
3531.445312	-60.140179
3574.511719	-63.780495
3617.578125	-65.807732
3660.644531	-66.710205
3703.710938	-67.982559
3746.777344	-70.316895
3789.843750	-62.648670
3832.910156	-49.314545
3875.976562	-49.646465
3919.042969	-63.458496
3962.109375	-73.764099
4005.175781	-72.749290
4048.242188	-69.782623
4091.308594	-65.859978
4134.375000	-62.555458
4177.441406	-59.812996
4220.507812	-61.969681
4263.574219	-64.796425
4306.640625	-67.111794
4349.707031	-67.954842
4392.773438	-68.504959
4435.839844	-63.679722
4478.906250	-51.431469
4521.972656	-50.742058
4565.039062	-60.720768
4608.105469	-64.528969
4651.171875	-62.727917
4694.238281	-60.094082
4737.304688	-57.656693
4780.371094	-56.081551
4823.437500	-56.033527
4866.503906	-57.116261
4909.570312	-59.066532
4952.636719	-59.776890
4995.703125	-59.616734
5038.769531	-60.755173
5081.835938	-55.014774
5124.902344	-45.919281
5167.968750	-46.478733
5211.035156	-55.317272
5254.101562	-55.015797
5297.167969	-54.140392
5340.234375	-54.013931
5383.300781	-54.473492
5426.367188	-54.124870
5469.433594	-55.736885
5512.500000	-56.961674
5555.566406	-57.328720
5598.632812	-57.797001
5641.699219	-57.136944
5684.765625	-55.500961
5727.832031	-50.790791
5770.898438	-44.701355
5813.964844	-45.553810
5857.031250	-52.360374
5900.097656	-55.351166
5943.164062	-55.665184
5986.230469	-56.130135
6029.296875	-56.608208
6072.363281	-57.282673
6115.429688	-56.816174
6158.496094	-55.942158
6201.562500	-56.786285
6244.628906	-56.452438
6287.695312	-55.713463
6330.761719	-54.330685
6373.828125	-50.761074
6416.894531	-45.541840
6459.960938	-47.635780
6503.027344	-54.893780
6546.093750	-57.609764
6589.160156	-59.132244
6632.226562	-59.198349
6675.292969	-60.283157
6718.359375	-60.966736
6761.425781	-62.533699
6804.492188	-63.695839
6847.558594	-62.210911
6890.625000	-61.946480
6933.691406	-62.467888
6976.757812	-61.999184
7019.824219	-57.959713
7062.890625	-51.851036
7105.957031	-54.868858
7149.023438	-65.058990
7192.089844	-68.306969
7235.156250	-69.966385
7278.222656	-71.229538
7321.289062	-72.480118
7364.355469	-72.800819
7407.421875	-74.316147
7450.488281	-74.314552
7493.554688	-74.287102
7536.621094	-74.276070
7579.687500	-74.300186
7622.753906	-76.087563
7665.820312	-73.749290
7708.886719	-69.134262
7751.953125	-71.168823
7795.019531	-76.927322
7838.085938	-78.332458
7881.152344	-78.867058
7924.218750	-78.910591
7967.285156	-80.030037
8010.351562	-80.261871
8053.417969	-80.616188
8096.484375	-80.792084
8139.550781	-82.051758
8182.617188	-83.248291
8225.683594	-83.756264
8268.750000	-83.982605
8311.816406	-84.596237
8354.882812	-83.623322
8397.949219	-83.320648
8441.015625	-84.598465
8484.082031	-84.490326
8527.148438	-84.754478
8570.214844	-84.823792
8613.281250	-84.443642
8656.347656	-84.704216
8699.414062	-83.677986
8742.480469	-85.006592
8785.546875	-85.248650
8828.613281	-85.448914
8871.679688	-85.237488
8914.746094	-85.974899
8957.812500	-85.850525
9000.878906	-85.791061
9043.945312	-85.879776
9087.011719	-86.336784
9130.078125	-86.114677
9173.144531	-86.386818
9216.210938	-86.350716
9259.277344	-86.451996
9302.343750	-86.479843
9345.410156	-86.414574
9388.476562	-86.222946
9431.542969	-86.034210
9474.609375	-86.318985
9517.675781	-86.302177
9560.742188	-86.692673
9603.808594	-86.530045
9646.875000	-86.591438
9689.941406	-86.673836
9733.007812	-86.886009
9776.074219	-86.734497
9819.140625	-86.953415
9862.207031	-86.882820
9905.273438	-86.888206
9948.339844	-87.142708
9991.406250	-86.718956
10034.472656	-87.037689
10077.539062	-86.976776
10120.605469	-86.922264
10163.671875	-87.191895
10206.738281	-86.967903
10249.804688	-87.033905
10292.871094	-87.171745
10335.937500	-87.178696
10379.003906	-87.300972
10422.070312	-87.329681
10465.136719	-87.257500
10508.203125	-87.551285
10551.269531	-87.299301
10594.335938	-87.515808
10637.402344	-87.373909
10680.468750	-87.571785
10723.535156	-87.441254
10766.601562	-87.692230
10809.667969	-87.571983
10852.734375	-87.706520
10895.800781	-87.630753
10938.867188	-87.775200
10981.933594	-87.726639
11025.000000	-87.752045
11068.066406	-87.846039
11111.132812	-87.964752
11154.199219	-87.870972
11197.265625	-87.844109
11240.332031	-87.985649
11283.398438	-88.028023
11326.464844	-87.973198
11369.531250	-88.065193
11412.597656	-88.025444
11455.664062	-88.205460
11498.730469	-88.027359
11541.796875	-88.218979
11584.863281	-88.114937
11627.929688	-88.238091
11670.996094	-88.208466
11714.062500	-88.290459
11757.128906	-88.196671
11800.195312	-88.461243
11843.261719	-88.182594
11886.328125	-88.499626
11929.394531	-88.319687
11972.460938	-88.493103
12015.527344	-88.480865
12058.593750	-88.391129
12101.660156	-88.457443
12144.726562	-88.498146
12187.792969	-88.501503
12230.859375	-88.603516
12273.925781	-88.576508
12316.992188	-88.541092
12360.058594	-88.652214
12403.125000	-88.619156
12446.191406	-88.680382
12489.257812	-88.651665
12532.324219	-88.826286
12575.390625	-88.650429
12618.457031	-88.723061
12661.523438	-88.842323
12704.589844	-88.772484
12747.656250	-88.841682
12790.722656	-88.780037
12833.789062	-88.929916
12876.855469	-88.866714
12919.921875	-88.884331
12962.988281	-88.899567
13006.054688	-88.925560
13049.121094	-88.948967
13092.187500	-88.957443
13135.253906	-88.916039
13178.320312	-89.108810
13221.386719	-88.893669
13264.453125	-89.143074
13307.519531	-88.983398
13350.585938	-89.118759
13393.652344	-89.163109
13436.718750	-89.001144
13479.785156	-89.086861
13522.851562	-89.325180
13565.917969	-89.135094
13608.984375	-89.208778
13652.050781	-89.140541
13695.117188	-89.323753
13738.183594	-89.244385
13781.250000	-89.223305
13824.316406	-89.276863
13867.382812	-89.371155
13910.449219	-89.257095
13953.515625	-89.389130
13996.582031	-89.250656
14039.648438	-89.312653
14082.714844	-89.165970
14125.781250	-89.384064
14168.847656	-89.325562
14211.914062	-89.097588
14254.980469	-89.262756
14298.046875	-89.307159
14341.113281	-88.995193
14384.179688	-89.358215
14427.246094	-88.993622
14470.312500	-89.202202
14513.378906	-88.961517
14556.445312	-89.086197
14599.511719	-88.960182
14642.578125	-89.018890
14685.644531	-88.909256
14728.710938	-88.901741
14771.777344	-88.638695
14814.843750	-88.950714
14857.910156	-88.665642
14900.976562	-88.589951
14944.042969	-88.601486
14987.109375	-88.811508
15030.175781	-88.566200
15073.242188	-88.200943
15116.308594	-88.966179
15159.375000	-87.977730
15202.441406	-88.941391
15245.507812	-88.318901
15288.574219	-88.815018
15331.640625	-88.978600
15374.707031	-88.528107
15417.773438	-88.960358
15460.839844	-88.864082
15503.906250	-88.643402
15546.972656	-88.653793
15590.039062	-89.000618
15633.105469	-88.548531
15676.171875	-88.701813
15719.238281	-88.929581
15762.304688	-88.666809
15805.371094	-88.714462
15848.437500	-89.372749
15891.503906	-88.605858
15934.570312	-88.993378
15977.636719	-88.732368
16020.703125	-89.208740
16063.769531	-88.682076
16106.835938	-88.837852
16149.902344	-88.787552
16192.968750	-88.769836
16236.035156	-88.971375
16279.101562	-88.809357
16322.167969	-88.855438
16365.234375	-89.212120
16408.300781	-88.837364
16451.367188	-88.718994
16494.433594	-88.878914
16537.500000	-88.844879
16580.566406	-88.999290
16623.632812	-88.770988
16666.699219	-88.750519
16709.765625	-89.062447
16752.832031	-88.935509
16795.898438	-88.811104
16838.964844	-88.916718
16882.031250	-88.788734
16925.097656	-88.877533
16968.164062	-88.737701
17011.230469	-89.200012
17054.296875	-88.626328
17097.363281	-89.172813
17140.429688	-88.950523
17183.496094	-88.883873
17226.562500	-88.735886
17269.628906	-89.019676
17312.695312	-88.972473
17355.761719	-89.018478
17398.828125	-88.607872
17441.894531	-89.073242
17484.960938	-89.140823
17528.027344	-88.979660
17571.093750	-89.134964
17614.160156	-89.266129
17657.226562	-88.607132
17700.292969	-89.219688
17743.359375	-89.030182
17786.425781	-89.155792
17829.492188	-88.902382
17872.558594	-89.035179
17915.625000	-89.330482
17958.691406	-88.915474
18001.757812	-88.674194
18044.824219	-88.991608
18087.890625	-88.885513
18130.957031	-88.818626
18174.023438	-89.154152
18217.089844	-89.225853
18260.156250	-88.995911
18303.222656	-88.840080
18346.289062	-89.184944
18389.355469	-88.867661
18432.421875	-89.086700
18475.488281	-89.259727
18518.554688	-88.895576
18561.621094	-89.213394
18604.687500	-89.042435
18647.753906	-88.936043
18690.820312	-89.279213
18733.886719	-88.932098
18776.953125	-89.095657
18820.019531	-89.033989
18863.085938	-89.297035
18906.152344	-89.064491
18949.218750	-89.099731
18992.285156	-88.936600
19035.351562	-89.172134
19078.417969	-89.140198
19121.484375	-88.864143
19164.550781	-88.979416
19207.617188	-89.183228
19250.683594	-89.073593
19293.750000	-89.051346
19336.816406	-88.901459
19379.882812	-89.372765
19422.949219	-88.914948
19466.015625	-88.995415
19509.082031	-88.941612
19552.148438	-88.879814
19595.214844	-89.147789
19638.281250	-88.808311
19681.347656	-89.207817
19724.414062	-89.118263
19767.480469	-89.245300
19810.546875	-89.307304
19853.613281	-89.131516
19896.679688	-89.274727
19939.746094	-89.107025
19982.812500	-89.271431
20025.878906	-88.806946
20068.945312	-89.558830
20112.011719	-89.151657
20155.078125	-89.374428
20198.144531	-89.416374
20241.210938	-89.564430
20284.277344	-89.227608
20327.343750	-89.384186
20370.410156	-89.448578
20413.476562	-89.687088
20456.542969	-89.822304
20499.609375	-89.267014
20542.675781	-89.666832
20585.742188	-89.651489
20628.808594	-89.582993
20671.875000	-89.849846
20714.941406	-89.783936
20758.007812	-89.678001
20801.074219	-89.856476
20844.140625	-89.951836
20887.207031	-90.038345
20930.273438	-89.372192
20973.339844	-89.952919
21016.406250	-90.323700
21059.472656	-90.099724
21102.539062	-89.649696
21145.605469	-90.358337
21188.671875	-90.077835
21231.738281	-90.161560
21274.804688	-90.187950
21317.871094	-90.101295
21360.937500	-90.407188
21404.003906	-90.189888
21447.070312	-90.193581
21490.136719	-90.201881
21533.203125	-90.352264
21576.269531	-90.298477
21619.335938	-90.299149
21662.402344	-90.307289
21705.468750	-90.259117
21748.535156	-90.202591
21791.601562	-90.450974
21834.667969	-90.115753
21877.734375	-90.356712
21920.800781	-90.130432
21963.867188	-90.660042
22006.933594	-90.108299
