10.000000 	     2.331837205892528e-01
20.000000 	     4.619284383443115e-01
30.000000 	     6.886365090718497e-01
40.000000 	     9.128561368630654e-01
50.000000 	     1.133974121686202e+00
60.000000 	     1.351334498327705e+00
70.000000 	     1.564271328985537e+00
80.000000 	     1.772120952779812e+00
90.000000 	     1.974229896056054e+00
100.000000 	     2.169958685773039e+00
110.000000 	     2.358685971752291e+00
120.000000 	     2.539811181502470e+00
130.000000 	     2.712757216971809e+00
140.000000 	     2.876972112154942e+00
150.000000 	     3.031931579475220e+00
160.000000 	     3.177140585990581e+00
170.000000 	     3.312135798798253e+00
180.000000 	     3.436485771521582e+00
190.000000 	     3.549793823790695e+00
200.000000 	     3.651698678276528e+00
210.000000 	     3.741875659499246e+00
220.000000 	     3.820038366228730e+00
230.000000 	     3.885938622111800e+00
240.000000 	     3.939368288454574e+00
250.000000 	     3.980159682470650e+00
260.000000 	     4.008185125020551e+00
270.000000 	     4.023359358100439e+00
280.000000 	     4.025637554236418e+00
290.000000 	     4.015017447424373e+00
300.000000 	     3.991538504294049e+00
310.000000 	     3.955280934858664e+00
320.000000 	     3.906367131312657e+00
330.000000 	     3.844960709335915e+00
340.000000 	     3.771263993170475e+00
350.000000 	     3.685521047935397e+00
360.000000 	     3.588013465147423e+00
370.000000 	     3.479061744857648e+00
380.000000 	     3.359023392396211e+00
390.000000 	     3.228290923173800e+00
400.000000 	     3.087292578267590e+00
410.000000 	     2.936488688004364e+00
420.000000 	     2.776372210597008e+00
430.000000 	     2.607465762581302e+00
440.000000 	     2.430321999832747e+00
450.000000 	     2.245517991373181e+00
460.000000 	     2.053658204090498e+00
470.000000 	     1.855370459939281e+00
480.000000 	     1.651305470912878e+00
490.000000 	     1.442137499857689e+00
500.000000 	     1.228564951974171e+00
510.000000 	     1.011326351224155e+00
520.000000 	     7.912393323168230e-01
530.000000 	     5.682441645348102e-01
540.000000 	     3.988528681144006e-01
550.000000 	     4.034341772736512e-01
560.000000 	     4.102492715952964e-01
570.000000 	     3.896638008754660e-01
580.000000 	     5.606096723299477e-01
590.000000 	     7.805376062698961e-01
600.000000 	     9.988817307815345e-01
610.000000 	     1.214038385320812e+00
620.000000 	     1.425149763509579e+00
630.000000 	     1.631481305057890e+00
640.000000 	     1.832344255830757e+00
650.000000 	     2.027077865781871e+00
660.000000 	     2.215049661838599e+00
670.000000 	     2.395648626981239e+00
680.000000 	     2.568290365121248e+00
690.000000 	     2.732417331526716e+00
700.000000 	     2.887499797582893e+00
710.000000 	     3.033039569220012e+00
720.000000 	     3.168568207674820e+00
730.000000 	     3.293650641994051e+00
740.000000 	     3.407885997629007e+00
750.000000 	     3.510908279423581e+00
760.000000 	     3.602389743978895e+00
770.000000 	     3.682038594906328e+00
780.000000 	     3.749602154830892e+00
790.000000 	     3.804867065020818e+00
800.000000 	     3.847659410996823e+00
810.000000 	     3.877848052986508e+00
820.000000 	     3.895338896279280e+00
830.000000 	     3.900082410621222e+00
840.000000 	     3.892070424223484e+00
850.000000 	     3.871332821065494e+00
860.000000 	     3.837945712192044e+00
870.000000 	     3.792020110907959e+00
880.000000 	     3.733712627663506e+00
890.000000 	     3.663219391212705e+00
900.000000 	     3.580772646949401e+00
910.000000 	     3.486647757222029e+00
920.000000 	     3.381153406586221e+00
930.000000 	     3.264638402178456e+00
940.000000 	     3.137487231331578e+00
950.000000 	     3.000115493800123e+00
960.000000 	     2.852976461570534e+00
970.000000 	     2.696550780184618e+00
980.000000 	     2.531353017496716e+00
990.000000 	     2.357927007824869e+00
1000.000000 	     2.176841626501393e+00
1010.000000 	     1.988698326139752e+00
1020.000000 	     1.794123920579692e+00
1030.000000 	     1.593785409669201e+00
1040.000000 	     1.388411942348410e+00
1050.000000 	     1.178900609737866e+00
1060.000000 	     9.671237880292723e-01
1070.000000 	     7.880776958957205e-01
1080.000000 	     7.838666867870401e-01
1090.000000 	     7.947782902537877e-01
1100.000000 	     8.044480406416231e-01
1110.000000 	     8.120136182606836e-01
1120.000000 	     8.174133601840157e-01
1130.000000 	     8.214142743187263e-01
1140.000000 	     8.419684144606064e-01
1150.000000 	     1.026162216365884e+00
1160.000000 	     1.237434822711279e+00
1170.000000 	     1.446247927999504e+00
1180.000000 	     1.650814206132119e+00
1190.000000 	     1.850252070208048e+00
1200.000000 	     2.043849065876740e+00
1210.000000 	     2.230950166150871e+00
1220.000000 	     2.410942359282152e+00
1230.000000 	     2.583239968516554e+00
1240.000000 	     2.747286359883043e+00
1250.000000 	     2.902557467147765e+00
1260.000000 	     3.048554773467438e+00
1270.000000 	     3.184815516894498e+00
1280.000000 	     3.310904816115976e+00
1290.000000 	     3.426427140882530e+00
1300.000000 	     3.531014982777076e+00
1310.000000 	     3.624340148159505e+00
1320.000000 	     3.706113635779510e+00
1330.000000 	     3.776079672492981e+00
1340.000000 	     3.834025618652503e+00
1350.000000 	     3.879774626130209e+00
1360.000000 	     3.913189586371051e+00
1370.000000 	     3.934176946609723e+00
1380.000000 	     3.942679001757655e+00
1390.000000 	     3.938683160997250e+00
1400.000000 	     3.922213990173420e+00
1410.000000 	     3.893336471592930e+00
1420.000000 	     3.852159241718276e+00
1430.000000 	     3.798826178024485e+00
1440.000000 	     3.733525086634317e+00
1450.000000 	     3.656479004940726e+00
1460.000000 	     3.567948958397781e+00
1470.000000 	     3.468236560711528e+00
1480.000000 	     3.357674967901243e+00
1490.000000 	     3.236637110596151e+00
1500.000000 	     3.105526460938716e+00
1510.000000 	     2.964779338440013e+00
1520.000000 	     2.814867400358414e+00
1530.000000 	     2.656288284720290e+00
1540.000000 	     2.489574534098382e+00
1550.000000 	     2.315285219408770e+00
1560.000000 	     2.134011257372080e+00
1570.000000 	     1.946384287900645e+00
1580.000000 	     1.753075637818495e+00
1590.000000 	     1.554725763568538e+00
1600.000000 	     1.346821960999321e+00
1610.000000 	     1.136879814324983e+00
1620.000000 	     1.144256572213807e+00
1630.000000 	     1.161550927648084e+00
1640.000000 	     1.176901917679283e+00
1650.000000 	     1.189062913337075e+00
1660.000000 	     1.197677822567331e+00
1670.000000 	     1.202595438460001e+00
1680.000000 	     1.203743887543256e+00
1690.000000 	     1.201111131762287e+00
1700.000000 	     1.194441560270378e+00
1710.000000 	     1.161828716202390e+00
1720.000000 	     1.213207493356672e+00
1730.000000 	     1.405154115075556e+00
1740.000000 	     1.598306712569659e+00
1750.000000 	     1.786941839018624e+00
1760.000000 	     1.969718384817499e+00
1770.000000 	     2.145845974873017e+00
1780.000000 	     2.314677534357701e+00
1790.000000 	     2.475639752119786e+00
1800.000000 	     2.628201040366013e+00
1810.000000 	     2.771866107896475e+00
1820.000000 	     2.906175716498547e+00
1830.000000 	     3.030697518501380e+00
1840.000000 	     3.145039453403831e+00
1850.000000 	     3.248841750184489e+00
1860.000000 	     3.341779908090077e+00
1870.000000 	     3.423567700462006e+00
1880.000000 	     3.493949162744647e+00
1890.000000 	     3.552712421549407e+00
1900.000000 	     3.599681553252636e+00
1910.000000 	     3.634719243822856e+00
1920.000000 	     3.657729348863240e+00
1930.000000 	     3.668648355833592e+00
1940.000000 	     3.667458741333694e+00
1950.000000 	     3.654180167805820e+00
1960.000000 	     3.628871537050240e+00
1970.000000 	     3.591633039258021e+00
1980.000000 	     3.542596903759160e+00
1990.000000 	     3.481940228671613e+00
2000.000000 	     3.409875575430617e+00
2010.000000 	     3.326652493434134e+00
2020.000000 	     3.232559012692055e+00
2030.000000 	     3.127911957564961e+00
2040.000000 	     3.013069458277540e+00
2050.000000 	     2.888421350898049e+00
2060.000000 	     2.754390931919534e+00
2070.000000 	     2.611437267308969e+00
2080.000000 	     2.460047818521334e+00
2090.000000 	     2.300756881143779e+00
2100.000000 	     2.134151407076748e+00
2110.000000 	     1.960920478092134e+00
2120.000000 	     1.782047438336926e+00
2130.000000 	     1.600050793719418e+00
2140.000000 	     1.446060576727046e+00
2150.000000 	     1.449644764531492e+00
2160.000000 	     1.480393521974185e+00
2170.000000 	     1.509172616189224e+00
2180.000000 	     1.533976295673352e+00
2190.000000 	     1.554280688697703e+00
2200.000000 	     1.569845621138670e+00
2210.000000 	     1.580526907683535e+00
2220.000000 	     1.586228984814371e+00
2230.000000 	     1.586903344231585e+00
2240.000000 	     1.582541402857173e+00
2250.000000 	     1.573216027473724e+00
2260.000000 	     1.559203874168613e+00
2270.000000 	     1.541664385671808e+00
2280.000000 	     1.532189906898425e+00
2290.000000 	     1.650155649019831e+00
2300.000000 	     1.828193519317141e+00
2310.000000 	     2.004612454807511e+00
2320.000000 	     2.175495750292977e+00
2330.000000 	     2.339726215333564e+00
2340.000000 	     2.496602315272165e+00
2350.000000 	     2.645555492064748e+00
2360.000000 	     2.786081705432721e+00
2370.000000 	     2.917719156524167e+00
2380.000000 	     3.040050483852115e+00
2390.000000 	     3.152686737777203e+00
2400.000000 	     3.255275834708505e+00
2410.000000 	     3.347500415214369e+00
2420.000000 	     3.429075980367807e+00
2430.000000 	     3.499760602232715e+00
2440.000000 	     3.559341689827288e+00
2450.000000 	     3.607645665215061e+00
2460.000000 	     3.644536095434505e+00
2470.000000 	     3.669911701906367e+00
2480.000000 	     3.683715820757538e+00
2490.000000 	     3.685922680891115e+00
2500.000000 	     3.676546606543239e+00
2510.000000 	     3.655639660937212e+00
2520.000000 	     3.623289009571483e+00
2530.000000 	     3.579626025311500e+00
2540.000000 	     3.524811829158824e+00
2550.000000 	     3.459046016669809e+00
2560.000000 	     3.382561487801124e+00
2570.000000 	     3.295635492620177e+00
2580.000000 	     3.198565610954252e+00
2590.000000 	     3.091692309988309e+00
2600.000000 	     2.975386999554010e+00
2610.000000 	     2.850051707154182e+00
2620.000000 	     2.716129729276307e+00
2630.000000 	     2.574092607035824e+00
2640.000000 	     2.424452511063438e+00
2650.000000 	     2.267747316153832e+00
2660.000000 	     2.104283928186681e+00
2670.000000 	     1.927281853921380e+00
2680.000000 	     1.708890358273838e+00
2690.000000 	     1.727062276887656e+00
2700.000000 	     1.769881638718398e+00
2710.000000 	     1.810742858329343e+00
2720.000000 	     1.846978330069526e+00
2730.000000 	     1.877852916830993e+00
2740.000000 	     1.903026595067630e+00
2750.000000 	     1.922292003443385e+00
2760.000000 	     1.935507111827173e+00
2770.000000 	     1.942564183888837e+00
2780.000000 	     1.943393242882674e+00
2790.000000 	     1.937951245509719e+00
2800.000000 	     1.926224162328427e+00
2810.000000 	     1.908231262777307e+00
2820.000000 	     1.884018699313731e+00
2830.000000 	     1.853647598649077e+00
2840.000000 	     1.816765106876937e+00
2850.000000 	     1.760190127791426e+00
2860.000000 	     1.694792447101796e+00
2870.000000 	     1.834807723225052e+00
2880.000000 	     1.987908826670232e+00
2890.000000 	     2.136759606278013e+00
2900.000000 	     2.278938085210617e+00
2910.000000 	     2.413508996179677e+00
2920.000000 	     2.539870888432771e+00
2930.000000 	     2.657555134157644e+00
2940.000000 	     2.766158751569759e+00
2950.000000 	     2.865326778365329e+00
2960.000000 	     2.954746807379604e+00
2970.000000 	     3.034137225469988e+00
2980.000000 	     3.103259033067914e+00
2990.000000 	     3.161906802817115e+00
3000.000000 	     3.209910749219179e+00
3010.000000 	     3.247139081281150e+00
3020.000000 	     3.273489297999562e+00
3030.000000 	     3.288901531277636e+00
3040.000000 	     3.293349727844243e+00
3050.000000 	     3.286843881763528e+00
3060.000000 	     3.269432135450391e+00
3070.000000 	     3.241191699945682e+00
3080.000000 	     3.202241902540170e+00
3090.000000 	     3.152734997941562e+00
3100.000000 	     3.092858077749005e+00
3110.000000 	     3.022834999716228e+00
3120.000000 	     2.942917373005211e+00
3130.000000 	     2.853398084214830e+00
3140.000000 	     2.754603612948964e+00
3150.000000 	     2.646899291796452e+00
3160.000000 	     2.530699413024201e+00
3170.000000 	     2.406479149284464e+00
3180.000000 	     2.274850668648185e+00
3190.000000 	     2.136792771381253e+00
3200.000000 	     1.995065303762082e+00
3210.000000 	     1.875279484043109e+00
3220.000000 	     1.897432275848459e+00
3230.000000 	     1.960693110978881e+00
3240.000000 	     2.022379459589907e+00
3250.000000 	     2.078989711952596e+00
3260.000000 	     2.129622285213921e+00
3270.000000 	     2.173862086964029e+00
3280.000000 	     2.211425028227173e+00
3290.000000 	     2.242109940360981e+00
3300.000000 	     2.265759328718349e+00
3310.000000 	     2.282236016107664e+00
3320.000000 	     2.291450707554614e+00
3330.000000 	     2.293324496241142e+00
3340.000000 	     2.287820408233244e+00
3350.000000 	     2.274931042911402e+00
3360.000000 	     2.254667824459856e+00
3370.000000 	     2.227098975464584e+00
3380.000000 	     2.192327999402123e+00
3390.000000 	     2.150565043600798e+00
3400.000000 	     2.102244631404482e+00
3410.000000 	     2.048626335356102e+00
3420.000000 	     1.997512116979666e+00
3430.000000 	     2.034546044023327e+00
3440.000000 	     2.164130020465799e+00
3450.000000 	     2.296851156617800e+00
3460.000000 	     2.423999673168426e+00
3470.000000 	     2.543989098694506e+00
3480.000000 	     2.656100225074300e+00
3490.000000 	     2.759862908576287e+00
3500.000000 	     2.854906062058538e+00
3510.000000 	     2.940903463951212e+00
3520.000000 	     3.017591710471217e+00
3530.000000 	     3.084727270615700e+00
3540.000000 	     3.142116438922828e+00
3550.000000 	     3.189600362349467e+00
3560.000000 	     3.227040509415124e+00
3570.000000 	     3.254351173339349e+00
3580.000000 	     3.271461967742562e+00
3590.000000 	     3.278350508032271e+00
3600.000000 	     3.275028376080809e+00
3610.000000 	     3.261526633132458e+00
3620.000000 	     3.237928933591517e+00
3630.000000 	     3.204333088086874e+00
3640.000000 	     3.160884290198429e+00
3650.000000 	     3.107760698072955e+00
3660.000000 	     3.045158304699905e+00
3670.000000 	     2.973325435764538e+00
3680.000000 	     2.892523354379039e+00
3690.000000 	     2.803062086775711e+00
3700.000000 	     2.705287033363625e+00
3710.000000 	     2.599560671438755e+00
3720.000000 	     2.486264932836391e+00
3730.000000 	     2.365367849617090e+00
3740.000000 	     2.229428937197459e+00
3750.000000 	     2.025912877231128e+00
3760.000000 	     2.055739808358275e+00
3770.000000 	     2.133956401351313e+00
3780.000000 	     2.211790445125996e+00
3790.000000 	     2.284456722660310e+00
3800.000000 	     2.350691537086507e+00
3810.000000 	     2.409922399807596e+00
3820.000000 	     2.461776113825499e+00
3830.000000 	     2.505989249491335e+00
3840.000000 	     2.542342764464232e+00
3850.000000 	     2.570658106364333e+00
3860.000000 	     2.590803171986888e+00
3870.000000 	     2.602661186384667e+00
3880.000000 	     2.606161900799681e+00
3890.000000 	     2.601252483877957e+00
3900.000000 	     2.587909646770759e+00
3910.000000 	     2.566152567184197e+00
3920.000000 	     2.536014092768374e+00
3930.000000 	     2.497575314719322e+00
3940.000000 	     2.450937457006209e+00
3950.000000 	     2.396236021124008e+00
3960.000000 	     2.333651124415328e+00
3970.000000 	     2.263337263362819e+00
3980.000000 	     2.185037838618472e+00
3990.000000 	     2.090789275601642e+00
4000.000000 	     1.931466806282579e+00
4010.000000 	     1.989035331027492e+00
4020.000000 	     2.092265185171584e+00
4030.000000 	     2.194152098507961e+00
4040.000000 	     2.289893143681604e+00
4050.000000 	     2.378201420951804e+00
4060.000000 	     2.458491127170123e+00
4070.000000 	     2.530378891041345e+00
4080.000000 	     2.593598970435503e+00
4090.000000 	     2.647933164836602e+00
4100.000000 	     2.693208589311515e+00
4110.000000 	     2.729304053599900e+00
4120.000000 	     2.756116217610583e+00
4130.000000 	     2.773593121370769e+00
4140.000000 	     2.781702466750363e+00
4150.000000 	     2.780444287377492e+00
4160.000000 	     2.769863973200140e+00
4170.000000 	     2.750021128855934e+00
4180.000000 	     2.721024981390851e+00
4190.000000 	     2.683003740742191e+00
4200.000000 	     2.636118612021400e+00
4210.000000 	     2.580579172525306e+00
4220.000000 	     2.516616571694521e+00
4230.000000 	     2.444529219686762e+00
4240.000000 	     2.364676887353657e+00
4250.000000 	     2.277566878548056e+00
4260.000000 	     2.184130025758732e+00
4270.000000 	     2.087102239623634e+00
4280.000000 	     2.007201552792617e+00
4290.000000 	     2.053287558788293e+00
4300.000000 	     2.155815106158823e+00
4310.000000 	     2.258668610207712e+00
4320.000000 	     2.356294426544820e+00
4330.000000 	     2.447317470629118e+00
4340.000000 	     2.531088836307739e+00
4350.000000 	     2.607174459230594e+00
4360.000000 	     2.675221420249482e+00
4370.000000 	     2.734950957689282e+00
4380.000000 	     2.786107979064856e+00
4390.000000 	     2.828486494727816e+00
4400.000000 	     2.861913502005777e+00
4410.000000 	     2.886234280027626e+00
4420.000000 	     2.901343657738497e+00
4430.000000 	     2.907149760414175e+00
4440.000000 	     2.903605876431522e+00
4450.000000 	     2.890697153998412e+00
4460.000000 	     2.868427325918816e+00
4470.000000 	     2.836851144644768e+00
4480.000000 	     2.796038878215227e+00
4490.000000 	     2.746109874632940e+00
4500.000000 	     2.687222088800960e+00
4510.000000 	     2.619564952112341e+00
4520.000000 	     2.543406651612477e+00
4530.000000 	     2.459096862503469e+00
4540.000000 	     2.367221417031284e+00
4550.000000 	     2.269096344130670e+00
4560.000000 	     2.170300452973795e+00
4570.000000 	     2.124948859535678e+00
4580.000000 	     2.193807075613657e+00
4590.000000 	     2.277801486789363e+00
4600.000000 	     2.357899115305981e+00
4610.000000 	     2.431531244671086e+00
4620.000000 	     2.497901022531266e+00
4630.000000 	     2.556595128035216e+00
4640.000000 	     2.607360886554974e+00
4650.000000 	     2.650020617374061e+00
4660.000000 	     2.684431979953457e+00
4670.000000 	     2.710510745052611e+00
4680.000000 	     2.728187945416317e+00
4690.000000 	     2.737440826750018e+00
4700.000000 	     2.738277339890645e+00
4710.000000 	     2.730720698279482e+00
4720.000000 	     2.714843097869978e+00
4730.000000 	     2.690726402789231e+00
4740.000000 	     2.658496698888633e+00
4750.000000 	     2.618310280890667e+00
4760.000000 	     2.570338585602894e+00
4770.000000 	     2.514804648410335e+00
4780.000000 	     2.451934183463527e+00
4790.000000 	     2.381937554427973e+00
4800.000000 	     2.304522303716855e+00
4810.000000 	     2.212366545639077e+00
4820.000000 	     2.040473108873182e+00
4830.000000 	     2.075677661737337e+00
4840.000000 	     2.192442454522647e+00
4850.000000 	     2.312515913027715e+00
4860.000000 	     2.428012882355589e+00
4870.000000 	     2.536969684233525e+00
4880.000000 	     2.638512404735213e+00
4890.000000 	     2.732075980224356e+00
4900.000000 	     2.817227332115609e+00
4910.000000 	     2.893617788230695e+00
4920.000000 	     2.960933657102260e+00
4930.000000 	     3.018917823241225e+00
4940.000000 	     3.067338048020328e+00
4950.000000 	     3.105996764490486e+00
4960.000000 	     3.134742735791844e+00
4970.000000 	     3.153442121390130e+00
4980.000000 	     3.162011365418967e+00
4990.000000 	     3.160388357910926e+00
5000.000000 	     3.148544885316324e+00