Frecuencia (Hz)	Nivel (dB)
43,066406	-99,299835
86,132813	-99,898216
129,199219	-99,851959
172,265625	-99,965622
215,332031	-98,598724
258,398438	-99,276749
301,464844	-99,751144
344,531250	-96,160553
387,597656	-92,705315
430,664063	-86,881401
473,730469	-76,769257
516,796875	-57,627155
559,863281	-46,365520
602,929688	-47,778667
645,996094	-54,673523
689,062500	-45,311089
732,128906	-41,673710
775,195313	-42,285973
818,261719	-41,450939
861,328125	-51,579544
904,394531	-71,206665
947,460938	-81,375366
990,527344	-86,344475
1033,593750	-74,654770
1076,660156	-60,636063
1119,726563	-60,286732
1162,792969	-69,057533
1205,859375	-75,831429
1248,925781	-91,320206
1291,992188	-87,171196
1335,058594	-68,383957
1378,125000	-61,987564
1421,191406	-61,105839
1464,257813	-56,909451
1507,324219	-63,193810
1550,390625	-78,240929
1593,457031	-68,392128
1636,523438	-67,677399
1679,589844	-73,729065
1722,656250	-68,473518
1765,722656	-69,786934
1808,789063	-82,007660
1851,855469	-98,246445
1894,921875	-107,731567
1937,988281	-103,244568
1981,054688	-88,792381
2024,121094	-73,658073
2067,187500	-66,753716
2110,253906	-71,008484
2153,320313	-72,119446
2196,386719	-66,649155
2239,453125	-71,798698
2282,519531	-69,695969
2325,585938	-67,043617
2368,652344	-72,023544
2411,718750	-69,194260
2454,785156	-71,910141
2497,851563	-84,143745
2540,917969	-97,760803
2583,984375	-106,680183
2627,050781	-107,953148
2670,117188	-104,425934
2713,183594	-84,922417
2756,250000	-76,788307
2799,316406	-78,585365
2842,382813	-70,939606
2885,449219	-67,692795
2928,515625	-68,094955
2971,582031	-73,619415
3014,648438	-89,267799
3057,714844	-101,764839
3100,781250	-106,698189
3143,847656	-105,281044
3186,914063	-85,178917
3229,980469	-79,460396
3273,046875	-83,950638
3316,113281	-94,836823
3359,179688	-91,593422
3402,246094	-82,770790
3445,312500	-72,852417
3488,378906	-72,498871
3531,445313	-79,527992
3574,511719	-85,009735
3617,578125	-78,067215
3660,644531	-74,864151
3703,710938	-81,248512
3746,777344	-93,522720
3789,843750	-98,075722
3832,910156	-101,564293
3875,976563	-100,966469
3919,042969	-96,808952
3962,109375	-90,489708
4005,175781	-84,537109
4048,242188	-84,235458
4091,308594	-83,436676
4134,375000	-75,679825
4177,441406	-76,156761
4220,507813	-87,716881
4263,574219	-101,808876
4306,640625	-99,033356
4349,707031	-83,104721
4392,773438	-76,385887
4435,839844	-78,794899
4478,906250	-91,414513
4521,972656	-95,462700
4565,039063	-85,373665
4608,105469	-79,550461
4651,171875	-81,325478
4694,238281	-83,392120
4737,304688	-89,020096
4780,371094	-84,057907
4823,437500	-76,570496
4866,503906	-77,676689
4909,570313	-87,238174
4952,636719	-97,738503
4995,703125	-100,016350
5038,769531	-100,268196
5081,835938	-89,975014
5124,902344	-86,052231
5167,968750	-90,249588
5211,035156	-93,033081
5254,101563	-93,175476
5297,167969	-95,548096
5340,234375	-95,399216
5383,300781	-96,404037
5426,367188	-94,740959
5469,433594	-94,046730
5512,500000	-89,203362
5555,566406	-85,261040
5598,632813	-81,326950
5641,699219	-82,442062
5684,765625	-88,348297
5727,832031	-85,825951
5770,898438	-82,906395
5813,964844	-82,368309
5857,031250	-79,712051
5900,097656	-83,056976
5943,164063	-88,307510
5986,230469	-92,718033
6029,296875	-97,592026
6072,363281	-98,615463
6115,429688	-100,315308
6158,496094	-99,957718
6201,562500	-96,802391
6244,628906	-97,387810
6287,695313	-99,907959
6330,761719	-97,211670
6373,828125	-94,990784
6416,894531	-91,291580
6459,960938	-90,146690
6503,027344	-90,474861
6546,093750	-89,330658
6589,160156	-88,026367
6632,226563	-91,629143
6675,292969	-100,717506
6718,359375	-107,662880
6761,425781	-110,731018
6804,492188	-112,911377
6847,558594	-111,485527
6890,625000	-109,671532
6933,691406	-108,239738
6976,757813	-110,439529
7019,824219	-114,175346
7062,890625	-115,072479
7105,957031	-114,502922
7149,023438	-113,548134
7192,089844	-109,220558
7235,156250	-107,433067
7278,222656	-109,658989
7321,289063	-113,191605
7364,355469	-113,555077
7407,421875	-116,067276
7450,488281	-117,874031
7493,554688	-118,673370
7536,621094	-118,471710
7579,687500	-117,686844
7622,753906	-118,629044
7665,820313	-118,414436
7708,886719	-119,051643
7751,953125	-119,211685
7795,019531	-118,841141
7838,085938	-118,595284
7881,152344	-118,926956
7924,218750	-119,200737
7967,285156	-118,440811
8010,351563	-118,619827
8053,417969	-118,470383
8096,484375	-119,100677
8139,550781	-118,643494
8182,617188	-118,617249
8225,683594	-118,951897
8268,750000	-119,641602
8311,816406	-119,566719
8354,882813	-118,727898
8397,949219	-119,040955
8441,015625	-118,993828
8484,082031	-118,652061
8527,148438	-119,118790
8570,214844	-118,652893
8613,281250	-118,699196
8656,347656	-119,372749
8699,414063	-118,410965
8742,480469	-118,361198
8785,546875	-118,835274
8828,613281	-118,656204
8871,679688	-118,490829
8914,746094	-119,014175
8957,812500	-118,557503
9000,878906	-118,788040
9043,945313	-118,283539
9087,011719	-119,178055
9130,078125	-118,770454
9173,144531	-118,405067
9216,210938	-118,525604
9259,277344	-118,731201
9302,343750	-118,273430
9345,410156	-118,036972
9388,476563	-119,000954
9431,542969	-118,651649
9474,609375	-118,193512
9517,675781	-119,017242
9560,742188	-119,054611
9603,808594	-118,618385
9646,875000	-118,498383
9689,941406	-119,232269
9733,007813	-118,757950
9776,074219	-118,660538
9819,140625	-119,416275
9862,207031	-118,511803
9905,273438	-118,717453
9948,339844	-118,839485
9991,406250	-119,083115
10034,472656	-119,240341
10077,539063	-118,816132
10120,605469	-118,370361
10163,671875	-118,321419
10206,738281	-118,755051
10249,804688	-119,303497
10292,871094	-118,912506
10335,937500	-118,611801
10379,003906	-119,277229
10422,070313	-119,596535
10465,136719	-118,762939
10508,203125	-119,264618
10551,269531	-118,944527
10594,335938	-119,388550
10637,402344	-119,064507
10680,468750	-119,335495
10723,535156	-119,699898
10766,601563	-119,156952
10809,667969	-118,694992
10852,734375	-118,757919
10895,800781	-118,698990
10938,867188	-118,748367
10981,933594	-119,217209
11025,000000	-119,035713
11068,066406	-118,881386
11111,132813	-118,996086
11154,199219	-119,102669
11197,265625	-118,455086
11240,332031	-118,863434
11283,398438	-118,521347
11326,464844	-118,787155
11369,531250	-118,394905
11412,597656	-119,085838
11455,664063	-118,569176
11498,730469	-118,051750
11541,796875	-118,818970
11584,863281	-118,220764
11627,929688	-117,992195
11670,996094	-118,829681
11714,062500	-119,551201
11757,128906	-118,969742
11800,195313	-119,366508
11843,261719	-118,935562
11886,328125	-119,199966
11929,394531	-118,823776
11972,460938	-118,397072
12015,527344	-118,886398
12058,593750	-118,413078
12101,660156	-118,503136
12144,726563	-118,505722
12187,792969	-118,726494
12230,859375	-118,823425
12273,925781	-119,052826
12316,992188	-118,869461
12360,058594	-118,672852
12403,125000	-118,591759
12446,191406	-118,668701
12489,257813	-118,772507
12532,324219	-117,760941
12575,390625	-118,039764
12618,457031	-118,969856
12661,523438	-118,423676
12704,589844	-118,502792
12747,656250	-118,947403
12790,722656	-118,590424
12833,789063	-119,642876
12876,855469	-119,107903
12919,921875	-119,310814
12962,988281	-119,105072
13006,054688	-118,589714
13049,121094	-117,725327
13092,187500	-117,543236
13135,253906	-118,054459
13178,320313	-118,731407
13221,386719	-118,896736
13264,453125	-119,595818
13307,519531	-118,293312
13350,585938	-118,497368
13393,652344	-119,440605
13436,718750	-119,589729
13479,785156	-118,284676
13522,851563	-118,021324
13565,917969	-119,109802
13608,984375	-119,384888
13652,050781	-118,916779
13695,117188	-118,115494
13738,183594	-118,761368
13781,250000	-117,837029
13824,316406	-117,843002
13867,382813	-118,528732
13910,449219	-117,924240
13953,515625	-118,517654
13996,582031	-118,909760
14039,648438	-118,520905
14082,714844	-119,320671
14125,781250	-118,839035
14168,847656	-118,654968
14211,914063	-118,875397
14254,980469	-118,078278
14298,046875	-118,839394
14341,113281	-118,524933
14384,179688	-118,747093
14427,246094	-118,785149
14470,312500	-118,964027
14513,378906	-114,359154
14556,445313	-113,742996
14599,511719	-115,985664
14642,578125	-116,850960
14685,644531	-118,903839
14728,710938	-119,014412
14771,777344	-118,965126
14814,843750	-118,559410
14857,910156	-118,421349
14900,976563	-118,229973
14944,042969	-118,119392
14987,109375	-118,615524
15030,175781	-119,174118
15073,242188	-119,041046
15116,308594	-118,377922
15159,375000	-104,946213
15202,441406	-101,130074
15245,507813	-101,229027
15288,574219	-100,792961
15331,640625	-107,242699
15374,707031	-110,396767
15417,773438	-103,574783
15460,839844	-107,470161
15503,906250	-118,210686
15546,972656	-118,601608
15590,039063	-118,897774
15633,105469	-119,011429
15676,171875	-118,945503
15719,238281	-119,124924
15762,304688	-118,849579
15805,371094	-118,462944
15848,437500	-118,599098
15891,503906	-119,301147
15934,570313	-118,741989
15977,636719	-118,722725
16020,703125	-119,192192
16063,769531	-118,538437
16106,835938	-118,621170
16149,902344	-118,639259
16192,968750	-118,979607
16236,035156	-119,259140
16279,101563	-118,672333
16322,167969	-118,490044
16365,234375	-118,202438
16408,300781	-118,727112
16451,367188	-118,876183
16494,433594	-118,643097
16537,500000	-115,594269
16580,566406	-112,672165
16623,632813	-115,978447
16666,699219	-110,214638
16709,765625	-102,694641
16752,832031	-102,114311
16795,898438	-99,852829
16838,964844	-103,179657
16882,031250	-116,837082
16925,097656	-119,066093
16968,164063	-119,865547
17011,230469	-118,733116
17054,296875	-118,195114
17097,363281	-117,355568
17140,429688	-118,679070
17183,496094	-119,177444
17226,562500	-118,744873
17269,628906	-118,540764
17312,695313	-118,932915
17355,761719	-118,652779
17398,828125	-117,828262
17441,894531	-115,966599
17484,960938	-115,872704
17528,027344	-118,103737
17571,093750	-118,032249
17614,160156	-118,387093
17657,226563	-118,462029
17700,292969	-117,843239
17743,359375	-118,437065
17786,425781	-118,583916
17829,492188	-118,269478
17872,558594	-118,407486
17915,625000	-119,572884
17958,691406	-119,069672
18001,757813	-119,007744
18044,824219	-119,495331
18087,890625	-118,842361
18130,957031	-118,829781
18174,023438	-118,562401
18217,089844	-118,119064
18260,156250	-118,606911
18303,222656	-118,069290
18346,289063	-118,840446
18389,355469	-119,046326
18432,421875	-118,377106
18475,488281	-119,127739
18518,554688	-118,912971
18561,621094	-118,961945
18604,687500	-118,477135
18647,753906	-118,665283
18690,820313	-118,820137
18733,886719	-118,585640
18776,953125	-118,888260
18820,019531	-117,929337
18863,085938	-118,253212
18906,152344	-118,771240
18949,218750	-117,973228
18992,285156	-118,197746
19035,351563	-119,054153
19078,417969	-118,941895
19121,484375	-119,150658
19164,550781	-118,788055
19207,617188	-118,884254
19250,683594	-118,866081
19293,750000	-118,901741
19336,816406	-118,792343
19379,882813	-119,106743
19422,949219	-118,381584
19466,015625	-118,800713
19509,082031	-118,979530
19552,148438	-118,612984
19595,214844	-118,742371
19638,281250	-118,545937
19681,347656	-118,260468
19724,414063	-119,054703
19767,480469	-119,545898
19810,546875	-119,232765
19853,613281	-118,676949
19896,679688	-118,401840
19939,746094	-119,622398
19982,812500	-119,435455
20025,878906	-118,901573
20068,945313	-118,657082
20112,011719	-118,866188
20155,078125	-119,243301
20198,144531	-118,324966
20241,210938	-118,424271
20284,277344	-118,559525
20327,343750	-118,558479
20370,410156	-119,267937
20413,476563	-118,838501
20456,542969	-119,103951
20499,609375	-119,313065
20542,675781	-118,898071
20585,742188	-118,662842
20628,808594	-118,821228
20671,875000	-117,983482
20714,941406	-118,249832
20758,007813	-118,641350
20801,074219	-118,606674
20844,140625	-118,741028
20887,207031	-119,280594
20930,273438	-118,477379
20973,339844	-118,382828
21016,406250	-118,654816
21059,472656	-118,842445
21102,539063	-118,504875
21145,605469	-118,854866
21188,671875	-118,865982
21231,738281	-118,276711
21274,804688	-119,115776
21317,871094	-118,642921
21360,937500	-118,473534
21404,003906	-118,660347
21447,070313	-119,233498
21490,136719	-118,651985
21533,203125	-118,157654
21576,269531	-118,658775
21619,335938	-118,207230
21662,402344	-118,338524
21705,468750	-118,339180
21748,535156	-118,090851
21791,601563	-118,148277
21834,667969	-118,534607
21877,734375	-118,421242
21920,800781	-118,970161
21963,867188	-118,614571
22006,933594	-118,590820
