,freq,dB
0,136.57504886178018,13.548728984828124
1,212.3575454863045,11.057447103281735
2,328.73780815968115,9.718921485404012
3,396.4007515744351,7.7961687089448635
4,529.0201206673528,26.61148765268854
5,683.2916316529916,2.964783154508606
6,1059.4975970390233,30.6959474901465
7,1581.8555202009234,26.968411685401797
8,2112.3329965725943,20.817937547474624
9,2640.103955207674,20.143690985790634
10,3167.8749138427543,13.702251191426175
11,3711.884978897376,5.356419414334836
12,4732.242165591865,2.822882351559074
13,4775.546449377307,7.257719987542013
