,freq,dB
0,136.57504886178018,13.548728984828124
1,212.3575454863045,11.057447103281735
2,328.73780815968115,9.71892148540401
3,396.4007515744351,7.796168708944868
4,529.0201206673528,26.611487652688545
5,683.2916316529916,2.9647831545086047
6,1059.4975970390233,30.6959474901465
7,1581.8555202009234,26.9684116854018
8,2112.3329965725943,20.817937547474624
9,2640.103955207674,20.14369098579064
10,3167.8749138427543,13.702251191426171
11,3711.884978897376,5.356419414334832
12,4732.242165591865,2.822882351559069
13,4775.546449377307,7.257719987542011
