Frecuencia (Hz)	Nivel (dB)
43.066406	-51.939293
86.132813	-51.783222
129.199219	-51.530212
172.265625	-51.144516
215.332031	-50.642677
258.398438	-50.008331
301.464844	-49.247265
344.531250	-48.337978
387.597656	-47.214493
430.664063	-45.872147
473.730469	-44.210529
516.796875	-42.087719
559.863281	-39.209473
602.929688	-34.808064
645.996094	-25.259613
689.062500	-24.950455
732.128906	-34.705002
775.195313	-39.160046
818.261719	-42.070766
861.328125	-44.221111
904.394531	-45.936378
947.460938	-47.347469
990.527344	-48.538303
1033.593750	-49.597183
1076.660156	-50.494465
1119.726563	-51.291069
1162.792969	-51.968781
1205.859375	-52.542698
1248.925781	-52.839096
1291.992188	-52.137585
1335.058594	-36.455219
1378.125000	-51.938496
1421.191406	-54.353065
1464.257813	-55.228291
1507.324219	-55.687317
1550.390625	-56.039463
1593.457031	-56.241417
1636.523438	-56.368103
1679.589844	-56.415646
1722.656250	-56.247223
1765.722656	-55.873501
1808.789063	-55.145832
1851.855469	-53.926632
1894.921875	-51.777977
1937.988281	-47.840565
1981.054688	-38.526661
2024.121094	-36.690281
2067.187500	-47.518974
2110.253906	-51.764542
2153.320313	-54.265312
2196.386719	-55.938435
2239.453125	-56.683266
2282.519531	-57.688946
2325.585938	-58.482128
2368.652344	-59.221931
2411.718750	-59.611027
2454.785156	-59.918781
2497.851563	-60.121700
2540.917969	-60.112083
2583.984375	-59.555058
2627.050781	-57.006565
2670.117188	-44.413151
2713.183594	-54.809750
2756.250000	-59.105907
2799.316406	-60.103199
2842.382813	-61.128105
2885.449219	-61.580826
2928.515625	-61.435280
2971.582031	-61.405136
3014.648438	-61.189297
3057.714844	-60.836235
3100.781250	-60.123493
3143.847656	-59.082088
3186.914063	-57.579582
3229.980469	-55.151535
3273.046875	-50.916580
3316.113281	-40.874146
3359.179688	-37.830864
3402.246094	-50.278198
3445.312500	-54.618118
3488.378906	-57.304165
3531.445313	-58.969147
3574.511719	-60.282276
3617.578125	-61.226177
3660.644531	-61.823025
3703.710938	-62.300140
3746.777344	-62.503841
3789.843750	-62.711357
3832.910156	-62.370693
3875.976563	-61.524570
3919.042969	-59.199574
3962.109375	-53.953060
4005.175781	-43.419498
4048.242188	-52.004612
4091.308594	-59.541512
4134.375000	-62.466557
4177.441406	-63.859867
4220.507813	-64.654106
4263.574219	-65.140335
4306.640625	-65.345215
4349.707031	-65.423500
4392.773438	-65.284103
4435.839844	-64.808792
4478.906250	-63.937859
4521.972656	-64.624741
4565.039063	-64.944115
4608.105469	-63.886623
4651.171875	-56.689564
4694.238281	-55.345856
4737.304688	-64.811028
4780.371094	-66.395416
4823.437500	-67.058525
4866.503906	-66.920242
4909.570313	-67.021973
4952.636719	-66.860031
4995.703125	-66.721786
5038.769531	-65.266685
5081.835938	-64.572250
5124.902344	-66.041000
5167.968750	-65.980858
5211.035156	-65.311180
5254.101563	-63.321632
5297.167969	-57.932526
5340.234375	-48.200478
5383.300781	-53.071579
5426.367188	-61.868042
5469.433594	-65.256668
5512.500000	-66.393745
5555.566406	-66.443893
5598.632813	-66.432571
5641.699219	-66.999046
5684.765625	-67.697060
5727.832031	-68.154404
5770.898438	-68.960648
5813.964844	-69.082397
5857.031250	-68.888481
5900.097656	-68.579819
5943.164063	-67.155273
5986.230469	-62.064171
6029.296875	-60.306332
6072.363281	-63.794426
6115.429688	-66.208633
6158.496094	-67.891823
6201.562500	-68.966354
6244.628906	-69.778847
6287.695313	-69.955391
6330.761719	-69.698250
6373.828125	-69.729347
6416.894531	-69.492699
6459.960938	-69.105003
6503.027344	-68.478668
6546.093750	-67.218605
6589.160156	-64.950867
6632.226563	-59.111073
6675.292969	-49.779266
6718.359375	-50.511326
6761.425781	-60.618366
6804.492188	-65.133011
6847.558594	-67.200851
6890.625000	-68.700737
6933.691406	-69.364204
6976.757813	-69.933121
7019.824219	-70.253708
7062.890625	-70.536209
7105.957031	-70.698738
7149.023438	-70.962090
7192.089844	-70.778458
7235.156250	-70.563126
7278.222656	-69.348618
7321.289063	-66.506493
7364.355469	-61.768429
7407.421875	-67.533073
7450.488281	-70.360115
7493.554688	-71.149658
7536.621094	-71.524269
7579.687500	-71.714058
7622.753906	-71.866829
7665.820313	-71.973610
7708.886719	-72.015808
7751.953125	-72.119698
7795.019531	-72.098923
7838.085938	-72.038353
7881.152344	-71.832245
7924.218750	-71.441025
7967.285156	-69.349976
8010.351563	-64.663803
8053.417969	-67.474770
8096.484375	-71.442520
8139.550781	-72.377266
8182.617188	-72.620499
8225.683594	-72.754898
8268.750000	-72.829994
8311.816406	-72.866447
8354.882813	-72.946655
8397.949219	-72.937103
8441.015625	-73.015907
8484.082031	-73.018875
8527.148438	-73.190758
8570.214844	-73.190109
8613.281250	-73.187073
8656.347656	-72.789307
8699.414063	-71.554085
8742.480469	-72.689682
8785.546875	-73.370987
8828.613281	-73.404121
8871.679688	-73.456680
8914.746094	-73.498955
8957.812500	-73.565445
9000.878906	-73.628242
9043.945313	-73.646126
9087.011719	-73.704445
9130.078125	-73.743408
9173.144531	-73.786293
9216.210938	-73.820358
9259.277344	-73.853241
9302.343750	-73.861412
9345.410156	-73.896324
9388.476563	-73.819733
9431.542969	-73.941093
9474.609375	-74.020004
9517.675781	-74.062675
9560.742188	-74.100426
9603.808594	-74.134132
9646.875000	-74.178749
9689.941406	-74.205994
9733.007813	-74.247520
9776.074219	-74.272644
9819.140625	-74.305923
9862.207031	-74.338066
9905.273438	-74.377525
9948.339844	-74.405296
9991.406250	-74.393806
10034.472656	-74.409935
10077.539063	-74.464310
10120.605469	-74.546928
10163.671875	-74.596687
10206.738281	-74.622948
10249.804688	-74.653053
10292.871094	-74.679543
10335.937500	-74.714912
10379.003906	-74.738800
10422.070313	-74.765060
10465.136719	-74.798958
10508.203125	-74.828003
10551.269531	-74.857803
10594.335938	-74.890137
10637.402344	-74.916618
10680.468750	-74.943192
10723.535156	-74.895538
10766.601563	-74.991684
10809.667969	-75.043945
10852.734375	-75.058441
10895.800781	-75.089127
10938.867188	-75.119469
10981.933594	-75.140633
11025.000000	-75.171272
11068.066406	-75.200294
11111.132813	-75.224098
11154.199219	-75.255539
11197.265625	-75.282059
11240.332031	-75.316383
11283.398438	-75.337509
11326.464844	-75.371880
11369.531250	-75.385368
11412.597656	-75.412872
11455.664063	-75.449951
11498.730469	-75.467590
11541.796875	-75.494026
11584.863281	-75.514519
11627.929688	-75.550308
11670.996094	-75.568031
11714.062500	-75.599648
11757.128906	-75.618355
11800.195313	-75.644333
11843.261719	-75.667252
11886.328125	-75.690712
11929.394531	-75.714058
11972.460938	-75.739082
12015.527344	-75.767471
12058.593750	-75.791542
12101.660156	-75.810730
12144.726563	-75.824821
12187.792969	-75.865410
12230.859375	-75.880730
12273.925781	-75.890701
12316.992188	-75.931084
12360.058594	-75.954269
12403.125000	-75.980392
12446.191406	-76.000374
12489.257813	-76.024246
12532.324219	-76.053101
12575.390625	-76.065117
12618.457031	-76.084335
12661.523438	-76.109390
12704.589844	-76.122475
12747.656250	-76.158089
12790.722656	-76.171814
12833.789063	-76.197075
12876.855469	-76.218987
12919.921875	-76.239410
12962.988281	-76.260391
13006.054688	-76.275566
13049.121094	-76.293533
13092.187500	-76.313820
13135.253906	-76.340683
13178.320313	-76.361694
13221.386719	-76.378654
13264.453125	-76.401276
13307.519531	-76.417595
13350.585938	-76.445198
13393.652344	-76.470047
13436.718750	-76.476707
13479.785156	-76.505379
13522.851563	-76.520233
13565.917969	-76.536728
13608.984375	-76.560585
13652.050781	-76.575111
13695.117188	-76.596100
13738.183594	-76.617233
13781.250000	-76.638901
13824.316406	-76.647980
13867.382813	-76.669769
13910.449219	-76.686775
13953.515625	-76.702721
13996.582031	-76.716560
14039.648438	-76.731834
14082.714844	-76.749664
14125.781250	-76.773918
14168.847656	-76.784592
14211.914063	-76.803345
14254.980469	-76.820953
14298.046875	-76.834923
14341.113281	-76.855461
14384.179688	-76.874084
14427.246094	-76.885994
14470.312500	-76.907753
14513.378906	-76.917633
14556.445313	-76.940742
14599.511719	-76.950569
14642.578125	-76.963333
14685.644531	-76.990799
14728.710938	-77.001411
14771.777344	-77.018021
14814.843750	-77.031944
14857.910156	-77.055435
14900.976563	-77.064423
14944.042969	-77.076218
14987.109375	-77.088631
15030.175781	-77.119186
15073.242188	-77.123734
15116.308594	-77.134605
15159.375000	-77.154366
15202.441406	-77.170540
15245.507813	-77.187492
15288.574219	-77.187408
15331.640625	-77.219429
15374.707031	-77.226868
15417.773438	-77.243515
15460.839844	-77.249275
15503.906250	-77.273071
15546.972656	-77.276520
15590.039063	-77.293884
15633.105469	-77.304634
15676.171875	-77.319824
15719.238281	-77.328865
15762.304688	-77.344894
15805.371094	-77.356903
15848.437500	-77.361397
15891.503906	-77.385780
15934.570313	-77.405075
15977.636719	-77.403564
16020.703125	-77.424751
16063.769531	-77.431511
16106.835938	-77.443985
16149.902344	-77.461014
16192.968750	-77.466599
16236.035156	-77.484489
16279.101563	-77.489662
16322.167969	-77.495674
16365.234375	-77.516525
16408.300781	-77.530365
16451.367188	-77.545410
16494.433594	-77.557190
16537.500000	-77.559563
16580.566406	-77.572144
16623.632813	-77.586044
16666.699219	-77.596512
16709.765625	-77.613754
16752.832031	-77.615501
16795.898438	-77.636757
16838.964844	-77.642555
16882.031250	-77.649399
16925.097656	-77.668312
16968.164063	-77.668831
17011.230469	-77.682144
17054.296875	-77.691528
17097.363281	-77.697350
17140.429688	-77.707489
17183.496094	-77.727592
17226.562500	-77.741287
17269.628906	-77.748085
17312.695313	-77.754036
17355.761719	-77.753830
17398.828125	-77.769386
17441.894531	-77.787712
17484.960938	-77.789024
17528.027344	-77.799583
17571.093750	-77.799431
17614.160156	-77.814598
17657.226563	-77.822144
17700.292969	-77.835701
17743.359375	-77.844635
17786.425781	-77.855011
17829.492188	-77.852608
17872.558594	-77.868187
17915.625000	-77.870514
17958.691406	-77.880875
18001.757813	-77.888077
18044.824219	-77.906166
18087.890625	-77.904991
18130.957031	-77.920288
18174.023438	-77.931824
18217.089844	-77.926048
18260.156250	-77.943321
18303.222656	-77.951195
18346.289063	-77.945984
18389.355469	-77.957512
18432.421875	-77.971924
18475.488281	-77.975311
18518.554688	-77.978806
18561.621094	-77.991699
18604.687500	-77.996872
18647.753906	-78.009781
18690.820313	-78.011467
18733.886719	-78.012024
18776.953125	-78.028687
18820.019531	-78.027138
18863.085938	-78.042030
18906.152344	-78.045120
18949.218750	-78.049019
18992.285156	-78.055305
19035.351563	-78.066925
19078.417969	-78.057030
19121.484375	-78.082115
19164.550781	-78.074654
19207.617188	-78.085442
19250.683594	-78.091286
19293.750000	-78.104416
19336.816406	-78.109482
19379.882813	-78.103546
19422.949219	-78.105476
19466.015625	-78.110367
19509.082031	-78.123962
19552.148438	-78.121880
19595.214844	-78.133797
19638.281250	-78.137283
19681.347656	-78.136909
19724.414063	-78.150169
19767.480469	-78.149582
19810.546875	-78.153534
19853.613281	-78.153229
19896.679688	-78.151085
19939.746094	-78.170219
19982.812500	-78.177925
20025.878906	-78.177109
20068.945313	-78.168427
20112.011719	-78.177010
20155.078125	-78.188560
20198.144531	-78.194283
20241.210938	-78.189964
20284.277344	-78.198906
20327.343750	-78.195946
20370.410156	-78.197685
20413.476563	-78.194611
20456.542969	-78.210556
20499.609375	-78.206200
20542.675781	-78.216545
20585.742188	-78.215508
20628.808594	-78.221634
20671.875000	-78.225639
20714.941406	-78.224915
20758.007813	-78.228485
20801.074219	-78.224228
20844.140625	-78.233925
20887.207031	-78.241875
20930.273438	-78.240349
20973.339844	-78.237526
21016.406250	-78.242981
21059.472656	-78.236023
21102.539063	-78.250549
21145.605469	-78.252594
21188.671875	-78.248650
21231.738281	-78.256546
21274.804688	-78.256889
21317.871094	-78.253410
21360.937500	-78.248329
21404.003906	-78.261887
21447.070313	-78.255470
21490.136719	-78.257202
21533.203125	-78.262390
21576.269531	-78.267654
21619.335938	-78.265144
21662.402344	-78.258186
21705.468750	-78.259148
21748.535156	-78.264740
21791.601563	-78.262413
21834.667969	-78.264053
21877.734375	-78.270027
21920.800781	-78.260445
21963.867188	-78.271233
22006.933594	-78.266113
