Frecuencia (Hz)	Nivel (dB)
43.066406	-44.985611
86.132813	-44.727604
129.199219	-44.316364
172.265625	-43.722626
215.332031	-42.929607
258.398438	-41.906158
301.464844	-40.609806
344.531250	-38.942547
387.597656	-36.738659
430.664063	-33.636292
473.730469	-28.606287
516.796875	-14.756403
559.863281	-24.051161
602.929688	-31.424828
645.996094	-35.278801
689.062500	-37.824623
732.128906	-39.651443
775.195313	-40.938984
818.261719	-41.740734
861.328125	-42.003029
904.394531	-41.537968
947.460938	-39.954357
990.527344	-36.417423
1033.593750	-27.377287
1076.660156	-26.734753
1119.726563	-36.425293
1162.792969	-40.420792
1205.859375	-42.751686
1248.925781	-44.137619
1291.992188	-44.970970
1335.058594	-45.261452
1378.125000	-45.022625
1421.191406	-44.126579
1464.257813	-42.298306
1507.324219	-38.873119
1550.390625	-31.778917
1593.457031	-21.990374
1636.523438	-36.200592
1679.589844	-41.104389
1722.656250	-43.996811
1765.722656	-45.965366
1808.789063	-47.428970
1851.855469	-48.529453
1894.921875	-49.414364
1937.988281	-50.089993
1981.054688	-50.592552
2024.121094	-50.636497
2067.187500	-49.171234
2110.253906	-33.436985
2153.320313	-47.335228
2196.386719	-51.121746
2239.453125	-52.526199
2282.519531	-53.040031
2325.585938	-53.319592
2368.652344	-53.425381
2411.718750	-53.261963
2454.785156	-52.856609
2497.851563	-51.972614
2540.917969	-50.085266
2583.984375	-46.142437
2627.050781	-33.255791
2670.117188	-41.029236
2713.183594	-48.045040
2756.250000	-51.503117
2799.316406	-53.410500
2842.382813	-54.536125
2885.449219	-55.176674
2928.515625	-55.560375
2971.582031	-55.625851
3014.648438	-55.417664
3057.714844	-54.391392
3100.781250	-51.937595
3143.847656	-43.496323
3186.914063	-41.743851
3229.980469	-50.767784
3273.046875	-53.698830
3316.113281	-56.064838
3359.179688	-57.150387
3402.246094	-57.663399
3445.312500	-57.924652
3488.378906	-58.105904
3531.445313	-57.988228
3574.511719	-57.507298
3617.578125	-55.886555
3660.644531	-50.553680
3703.710938	-42.538834
3746.777344	-54.337440
3789.843750	-57.223835
3832.910156	-58.477119
3875.976563	-59.376553
3919.042969	-59.922943
3962.109375	-60.274921
4005.175781	-60.444904
4048.242188	-60.568848
4091.308594	-60.535526
4134.375000	-60.169605
4177.441406	-58.037365
4220.507813	-44.652344
4263.574219	-55.402122
4306.640625	-59.075581
4349.707031	-60.125149
4392.773438	-60.464828
4435.839844	-61.069328
4478.906250	-61.517887
4521.972656	-61.719753
4565.039063	-61.826572
4608.105469	-61.936146
4651.171875	-61.526096
4694.238281	-60.618736
4737.304688	-53.183968
4780.371094	-56.975426
4823.437500	-60.639748
4866.503906	-61.125576
4909.570313	-61.378635
4952.636719	-61.737057
4995.703125	-62.030975
5038.769531	-62.241730
5081.835938	-62.470490
5124.902344	-62.188282
5167.968750	-61.759853
5211.035156	-59.890305
5254.101563	-53.402248
5297.167969	-52.252007
5340.234375	-60.180405
5383.300781	-61.869949
5426.367188	-62.786217
5469.433594	-62.564991
5512.500000	-62.947517
5555.566406	-63.066528
5598.632813	-63.643139
5641.699219	-63.535770
5684.765625	-63.398148
5727.832031	-63.329727
5770.898438	-61.755253
5813.964844	-58.129230
5857.031250	-63.508286
5900.097656	-63.934330
5943.164063	-64.253952
5986.230469	-64.374153
6029.296875	-64.530258
6072.363281	-64.420029
6115.429688	-64.429527
6158.496094	-63.821468
6201.562500	-64.355843
6244.628906	-64.398628
6287.695313	-63.763565
6330.761719	-60.421955
6373.828125	-64.086769
6416.894531	-64.721352
6459.960938	-65.108925
6503.027344	-65.359062
6546.093750	-65.364540
6589.160156	-65.333580
6632.226563	-65.398483
6675.292969	-65.032440
6718.359375	-64.980438
6761.425781	-64.973785
6804.492188	-64.647919
6847.558594	-63.218311
6890.625000	-64.128838
6933.691406	-65.112564
6976.757813	-65.620674
7019.824219	-65.753250
7062.890625	-66.038223
7105.957031	-65.930016
7149.023438	-65.981194
7192.089844	-66.123665
7235.156250	-66.237381
7278.222656	-66.237167
7321.289063	-66.152588
7364.355469	-66.020058
7407.421875	-65.806519
7450.488281	-66.426819
7493.554688	-66.596230
7536.621094	-66.632767
7579.687500	-66.660858
7622.753906	-66.714081
7665.820313	-66.760864
7708.886719	-66.805260
7751.953125	-66.861229
7795.019531	-66.753761
7838.085938	-66.644424
7881.152344	-66.436264
7924.218750	-66.156326
7967.285156	-66.831207
8010.351563	-67.129234
8053.417969	-67.161896
8096.484375	-67.255653
8139.550781	-67.292587
8182.617188	-67.364532
8225.683594	-67.368599
8268.750000	-67.455719
8311.816406	-67.393677
8354.882813	-67.432091
8397.949219	-67.232483
8441.015625	-66.539551
8484.082031	-67.348137
8527.148438	-67.532120
8570.214844	-67.647942
8613.281250	-67.690041
8656.347656	-67.780823
8699.414063	-67.779007
8742.480469	-67.852440
8785.546875	-67.880066
8828.613281	-67.941727
8871.679688	-67.928986
8914.746094	-67.961967
8957.812500	-67.828865
9000.878906	-67.947083
9043.945313	-68.065742
9087.011719	-68.122978
9130.078125	-68.176186
9173.144531	-68.207634
9216.210938	-68.264786
9259.277344	-68.297058
9302.343750	-68.322029
9345.410156	-68.363899
9388.476563	-68.379272
9431.542969	-68.437263
9474.609375	-68.537941
9517.675781	-68.357315
9560.742188	-68.463943
9603.808594	-68.546440
9646.875000	-68.585258
9689.941406	-68.617691
9733.007813	-68.638268
9776.074219	-68.677856
9819.140625	-68.754013
9862.207031	-68.729652
9905.273438	-68.810768
9948.339844	-68.810593
9991.406250	-68.852409
10034.472656	-68.835754
10077.539063	-68.881561
10120.605469	-68.969490
10163.671875	-68.973083
10206.738281	-69.019859
10249.804688	-69.087601
10292.871094	-69.066658
10335.937500	-69.091309
10379.003906	-69.118500
10422.070313	-69.137901
10465.136719	-69.195107
10508.203125	-69.204819
10551.269531	-69.241005
10594.335938	-69.281860
10637.402344	-69.304848
10680.468750	-69.329041
10723.535156	-69.374153
10766.601563	-69.399681
10809.667969	-69.425262
10852.734375	-69.465240
10895.800781	-69.482094
10938.867188	-69.491943
10981.933594	-69.533012
11025.000000	-69.552460
11068.066406	-69.561958
11111.132813	-69.625175
11154.199219	-69.637779
11197.265625	-69.660095
11240.332031	-69.676025
11283.398438	-69.702187
11326.464844	-69.763596
11369.531250	-69.787743
11412.597656	-69.822090
11455.664063	-69.807259
11498.730469	-69.861023
11541.796875	-69.889320
11584.863281	-69.923325
11627.929688	-69.883110
11670.996094	-69.961624
11714.062500	-69.938866
11757.128906	-70.009521
11800.195313	-69.985855
11843.261719	-70.058434
11886.328125	-70.062798
11929.394531	-70.107124
11972.460938	-70.101006
12015.527344	-70.143761
12058.593750	-70.171425
12101.660156	-70.200844
12144.726563	-70.246063
12187.792969	-70.237106
12230.859375	-70.287697
12273.925781	-70.283936
12316.992188	-70.305199
12360.058594	-70.322807
12403.125000	-70.330208
12446.191406	-70.381187
12489.257813	-70.386406
12532.324219	-70.415703
12575.390625	-70.446617
12618.457031	-70.471512
12661.523438	-70.471504
12704.589844	-70.529556
12747.656250	-70.549232
12790.722656	-70.507469
12833.789063	-70.573944
12876.855469	-70.609604
12919.921875	-70.622696
12962.988281	-70.621696
13006.054688	-70.654770
13049.121094	-70.655861
13092.187500	-70.697380
13135.253906	-70.680801
13178.320313	-70.719048
13221.386719	-70.748688
13264.453125	-70.766487
13307.519531	-70.825508
13350.585938	-70.807304
13393.652344	-70.864708
13436.718750	-70.840820
13479.785156	-70.870995
13522.851563	-70.876587
13565.917969	-70.905052
13608.984375	-70.900299
13652.050781	-70.937378
13695.117188	-70.965263
13738.183594	-70.953934
13781.250000	-70.960915
13824.316406	-71.017906
13867.382813	-71.048607
13910.449219	-71.064163
13953.515625	-71.050545
13996.582031	-71.074905
14039.648438	-71.125381
14082.714844	-71.096611
14125.781250	-71.099785
14168.847656	-71.171906
14211.914063	-71.252419
14254.980469	-71.198235
14298.046875	-71.215614
14341.113281	-71.207207
14384.179688	-71.192909
14427.246094	-71.248764
14470.312500	-71.247932
14513.378906	-71.268799
14556.445313	-71.315033
14599.511719	-71.318932
14642.578125	-71.292465
14685.644531	-71.330177
14728.710938	-71.348923
14771.777344	-71.381653
14814.843750	-71.377197
14857.910156	-71.414787
14900.976563	-71.404106
14944.042969	-71.426735
14987.109375	-71.443039
15030.175781	-71.445702
15073.242188	-71.454849
15116.308594	-71.481789
15159.375000	-71.535461
15202.441406	-71.540688
15245.507813	-71.548462
15288.574219	-71.561317
15331.640625	-71.594803
15374.707031	-71.603111
15417.773438	-71.569191
15460.839844	-71.601158
15503.906250	-71.643631
15546.972656	-71.628616
15590.039063	-71.668121
15633.105469	-71.686707
15676.171875	-71.689308
15719.238281	-71.700706
15762.304688	-71.664032
15805.371094	-71.713058
15848.437500	-71.732590
15891.503906	-71.731827
15934.570313	-71.745728
15977.636719	-71.748062
16020.703125	-71.815102
16063.769531	-71.813950
16106.835938	-71.800865
16149.902344	-71.824898
16192.968750	-71.841980
16236.035156	-71.834534
16279.101563	-71.888237
16322.167969	-71.884018
16365.234375	-71.872063
16408.300781	-71.897415
16451.367188	-71.913483
16494.433594	-71.932343
16537.500000	-71.939667
16580.566406	-71.926689
16623.632813	-71.939415
16666.699219	-71.953964
16709.765625	-71.978867
16752.832031	-71.990326
16795.898438	-71.965904
16838.964844	-71.989807
16882.031250	-71.964920
16925.097656	-71.991280
16968.164063	-72.031189
17011.230469	-72.023010
17054.296875	-72.056900
17097.363281	-72.095695
17140.429688	-72.126915
17183.496094	-72.059067
17226.562500	-72.048988
17269.628906	-72.092827
17312.695313	-72.131256
17355.761719	-72.109444
17398.828125	-72.106628
17441.894531	-72.133568
17484.960938	-72.107338
17528.027344	-72.143303
17571.093750	-72.184914
17614.160156	-72.191513
17657.226563	-72.165588
17700.292969	-72.179161
17743.359375	-72.179825
17786.425781	-72.232239
17829.492188	-72.230278
17872.558594	-72.225563
17915.625000	-72.254639
17958.691406	-72.263084
18001.757813	-72.251762
18044.824219	-72.242569
18087.890625	-72.282867
18130.957031	-72.275764
18174.023438	-72.301300
18217.089844	-72.257477
18260.156250	-72.307625
18303.222656	-72.310448
18346.289063	-72.344276
18389.355469	-72.297813
18432.421875	-72.293663
18475.488281	-72.323250
18518.554688	-72.404427
18561.621094	-72.333061
18604.687500	-72.297218
18647.753906	-72.353951
18690.820313	-72.375603
18733.886719	-72.390625
18776.953125	-72.433418
18820.019531	-72.402359
18863.085938	-72.372734
18906.152344	-72.396103
18949.218750	-72.415154
18992.285156	-72.412445
19035.351563	-72.458488
19078.417969	-72.387054
19121.484375	-72.423836
19164.550781	-72.429291
19207.617188	-72.447685
19250.683594	-72.434723
19293.750000	-72.431526
19336.816406	-72.447113
19379.882813	-72.469154
19422.949219	-72.406792
19466.015625	-72.484406
19509.082031	-72.488876
19552.148438	-72.445457
19595.214844	-72.460274
19638.281250	-72.471001
19681.347656	-72.500023
19724.414063	-72.466698
19767.480469	-72.512817
19810.546875	-72.517372
19853.613281	-72.505951
19896.679688	-72.504501
19939.746094	-72.521599
19982.812500	-72.498405
20025.878906	-72.522514
20068.945313	-72.523178
20112.011719	-72.531212
20155.078125	-72.558510
20198.144531	-72.519539
20241.210938	-72.557251
20284.277344	-72.544571
20327.343750	-72.572189
20370.410156	-72.573318
20413.476563	-72.501228
20456.542969	-72.565277
20499.609375	-72.610130
20542.675781	-72.551094
20585.742188	-72.599403
20628.808594	-72.608521
20671.875000	-72.558823
20714.941406	-72.589142
20758.007813	-72.534637
20801.074219	-72.568192
20844.140625	-72.567131
20887.207031	-72.576820
20930.273438	-72.543648
20973.339844	-72.618034
21016.406250	-72.611954
21059.472656	-72.597153
21102.539063	-72.577888
21145.605469	-72.602135
21188.671875	-72.620033
21231.738281	-72.600098
21274.804688	-72.634430
21317.871094	-72.609001
21360.937500	-72.591255
21404.003906	-72.634590
21447.070313	-72.606331
21490.136719	-72.619064
21533.203125	-72.602592
21576.269531	-72.604736
21619.335938	-72.621124
21662.402344	-72.619987
21705.468750	-72.628532
21748.535156	-72.617088
21791.601563	-72.617798
21834.667969	-72.632339
21877.734375	-72.631508
21920.800781	-72.624359
21963.867188	-72.624451
22006.933594	-72.623749
