Frecuencia (Hz)	Nivel (dB)
43.066406	-51.667183
86.132813	-54.276245
129.199219	-62.260509
172.265625	-64.418098
215.332031	-66.583076
258.398438	-68.230728
301.464844	-68.822815
344.531250	-67.724037
387.597656	-64.667603
430.664063	-58.662136
473.730469	-49.149036
516.796875	-31.930117
559.863281	-18.482759
602.929688	-18.710527
645.996094	-32.972126
689.062500	-49.694653
732.128906	-58.846764
775.195313	-65.180702
818.261719	-69.112839
861.328125	-70.925667
904.394531	-71.279015
947.460938	-69.551971
990.527344	-67.653114
1033.593750	-63.053738
1076.660156	-56.281307
1119.726563	-31.636217
1162.792969	-25.831217
1205.859375	-31.751389
1248.925781	-52.786770
1291.992188	-59.958420
1335.058594	-63.763000
1378.125000	-66.254189
1421.191406	-68.365959
1464.257813	-68.832138
1507.324219	-68.521545
1550.390625	-67.006355
1593.457031	-65.163521
1636.523438	-59.982071
1679.589844	-46.459064
1722.656250	-34.497311
1765.722656	-34.965126
1808.789063	-47.609467
1851.855469	-59.206379
1894.921875	-65.378471
1937.988281	-68.921112
1981.054688	-70.845131
2024.121094	-70.193649
2067.187500	-69.413956
2110.253906	-68.221466
2153.320313	-64.392166
2196.386719	-57.428658
2239.453125	-51.203007
2282.519531	-44.459442
2325.585938	-41.100826
2368.652344	-48.092918
2411.718750	-61.497032
2454.785156	-64.597076
2497.851563	-66.776543
2540.917969	-68.413559
2583.984375	-68.908409
2627.050781	-67.383995
2670.117188	-64.156097
2713.183594	-58.625412
2756.250000	-56.064281
2799.316406	-57.223667
2842.382813	-57.928410
2885.449219	-53.014870
2928.515625	-53.969849
2971.582031	-63.018955
3014.648438	-67.851433
3057.714844	-70.214050
3100.781250	-71.103249
3143.847656	-70.672501
3186.914063	-69.421532
3229.980469	-66.173912
3273.046875	-61.180977
3316.113281	-59.268082
3359.179688	-61.631161
3402.246094	-64.212906
3445.312500	-62.994453
3488.378906	-61.103134
3531.445313	-66.258675
3574.511719	-70.711464
3617.578125	-72.512177
3660.644531	-73.953102
3703.710938	-73.806892
3746.777344	-73.003265
3789.843750	-71.051628
3832.910156	-66.609230
3875.976563	-63.851299
3919.042969	-64.702400
3962.109375	-66.856415
4005.175781	-68.694336
4048.242188	-68.185585
4091.308594	-69.012680
4134.375000	-72.975410
4177.441406	-75.183640
4220.507813	-76.598862
4263.574219	-77.871948
4306.640625	-77.864738
4349.707031	-76.696877
4392.773438	-74.889511
4435.839844	-71.809616
4478.906250	-69.641205
4521.972656	-69.957748
4565.039063	-72.336823
4608.105469	-73.109215
4651.171875	-73.136871
4694.238281	-75.897766
4737.304688	-78.995880
4780.371094	-80.325073
4823.437500	-80.860878
4866.503906	-81.355309
4909.570313	-80.420601
4952.636719	-78.138519
4995.703125	-75.637329
5038.769531	-74.377785
5081.835938	-74.597191
5124.902344	-75.364899
5167.968750	-75.891739
5211.035156	-74.180840
5254.101563	-74.813690
5297.167969	-78.478813
5340.234375	-80.339630
5383.300781	-80.742958
5426.367188	-80.454796
5469.433594	-79.442444
5512.500000	-77.984955
5555.566406	-76.589783
5598.632813	-76.602089
5641.699219	-78.049942
5684.765625	-79.713501
5727.832031	-81.360115
5770.898438	-80.031769
5813.964844	-78.651833
5857.031250	-82.346169
5900.097656	-84.977081
5943.164063	-85.412888
5986.230469	-85.764481
6029.296875	-85.020233
6072.363281	-83.573448
6115.429688	-81.287201
6158.496094	-80.506889
6201.562500	-81.686935
6244.628906	-84.059807
6287.695313	-85.597641
6330.761719	-85.511177
6373.828125	-85.574661
6416.894531	-86.662689
6459.960938	-87.369446
6503.027344	-87.554123
6546.093750	-87.668137
6589.160156	-87.654388
6632.226563	-87.634384
6675.292969	-87.313461
6718.359375	-85.904816
6761.425781	-84.487816
6804.492188	-84.535942
6847.558594	-85.370430
6890.625000	-86.463844
6933.691406	-86.312317
6976.757813	-86.230331
7019.824219	-87.728676
7062.890625	-89.102036
7105.957031	-89.552399
7149.023438	-89.697922
7192.089844	-89.378403
7235.156250	-89.038895
7278.222656	-87.464294
7321.289063	-87.184044
7364.355469	-88.129768
7407.421875	-89.248314
7450.488281	-89.818596
7493.554688	-90.495033
7536.621094	-90.637535
7579.687500	-90.776939
7622.753906	-91.463478
7665.820313	-92.302788
7708.886719	-92.544136
7751.953125	-92.103630
7795.019531	-91.622490
7838.085938	-91.183754
7881.152344	-90.285744
7924.218750	-89.197159
7967.285156	-88.676315
8010.351563	-89.475632
8053.417969	-89.566635
8096.484375	-89.224556
8139.550781	-89.154953
8182.617188	-89.924042
8225.683594	-90.414650
8268.750000	-90.744286
8311.816406	-90.342926
8354.882813	-89.348740
8397.949219	-88.075729
8441.015625	-86.913490
8484.082031	-86.127655
8527.148438	-85.513618
8570.214844	-86.345062
8613.281250	-86.902725
8656.347656	-86.522675
8699.414063	-86.338089
8742.480469	-87.553780
8785.546875	-88.579445
8828.613281	-89.189392
8871.679688	-89.656754
8914.746094	-90.395576
8957.812500	-89.716408
9000.878906	-89.294243
9043.945313	-88.344482
9087.011719	-86.790833
9130.078125	-86.361900
9173.144531	-87.023224
9216.210938	-87.726524
9259.277344	-87.730896
9302.343750	-87.851028
9345.410156	-89.490303
9388.476563	-89.981041
9431.542969	-89.968719
9474.609375	-89.848122
9517.675781	-89.299980
9560.742188	-89.049393
9603.808594	-88.655861
9646.875000	-87.628227
9689.941406	-87.686096
9733.007813	-89.013367
9776.074219	-89.949577
9819.140625	-90.811935
9862.207031	-91.517189
9905.273438	-92.330620
9948.339844	-93.017563
9991.406250	-94.127563
10034.472656	-94.462013
10077.539063	-93.932587
10120.605469	-93.779366
10163.671875	-93.549744
10206.738281	-93.079475
10249.804688	-93.566528
10292.871094	-94.953331
10335.937500	-96.095833
10379.003906	-96.623756
10422.070313	-97.452759
10465.136719	-97.479225
10508.203125	-97.188507
10551.269531	-96.508339
10594.335938	-95.463219
10637.402344	-94.214172
10680.468750	-92.336777
10723.535156	-89.947823
10766.601563	-88.633980
10809.667969	-88.710823
10852.734375	-89.308975
10895.800781	-90.422440
10938.867188	-91.380188
10981.933594	-91.969788
11025.000000	-92.397301
11068.066406	-92.565498
11111.132813	-92.685196
11154.199219	-92.837524
11197.265625	-92.504547
11240.332031	-91.629524
11283.398438	-90.523430
11326.464844	-89.389938
11369.531250	-88.475082
11412.597656	-88.549896
11455.664063	-89.075089
11498.730469	-89.444839
11541.796875	-90.599808
11584.863281	-91.715118
11627.929688	-92.263687
11670.996094	-92.593170
11714.062500	-92.632919
11757.128906	-92.946495
11800.195313	-92.883904
11843.261719	-92.210228
11886.328125	-91.101807
11929.394531	-91.182121
11972.460938	-92.136147
12015.527344	-92.602165
12058.593750	-93.385056
12101.660156	-93.547417
12144.726563	-94.049767
12187.792969	-94.463493
12230.859375	-95.054565
12273.925781	-95.346916
12316.992188	-95.146004
12360.058594	-95.070107
12403.125000	-95.395447
12446.191406	-95.130806
12489.257813	-95.814407
12532.324219	-95.526398
12575.390625	-94.901138
12618.457031	-95.000648
12661.523438	-95.334816
12704.589844	-95.974670
12747.656250	-95.434174
12790.722656	-95.111816
12833.789063	-95.365250
12876.855469	-95.368729
12919.921875	-95.492363
12962.988281	-95.709129
13006.054688	-95.889168
13049.121094	-95.855095
13092.187500	-95.676964
13135.253906	-96.003334
13178.320313	-96.185448
13221.386719	-95.626274
13264.453125	-95.930023
13307.519531	-96.211296
13350.585938	-96.619438
13393.652344	-96.657806
13436.718750	-96.516571
13479.785156	-96.466454
13522.851563	-96.298370
13565.917969	-95.674507
13608.984375	-94.056870
13652.050781	-92.777039
13695.117188	-92.622162
13738.183594	-93.735504
13781.250000	-94.093025
13824.316406	-95.090813
13867.382813	-96.152130
13910.449219	-96.814034
13953.515625	-96.965630
13996.582031	-97.461624
14039.648438	-97.739586
14082.714844	-97.958015
14125.781250	-98.243515
14168.847656	-97.912117
14211.914063	-97.864975
14254.980469	-97.977547
14298.046875	-98.135239
14341.113281	-97.972931
14384.179688	-97.744568
14427.246094	-97.066864
14470.312500	-95.910568
14513.378906	-93.997108
14556.445313	-92.349030
14599.511719	-92.080788
14642.578125	-92.113609
14685.644531	-92.122887
14728.710938	-91.442024
14771.777344	-91.269058
14814.843750	-92.163147
14857.910156	-93.264030
14900.976563	-94.410843
14944.042969	-94.950645
14987.109375	-95.532845
15030.175781	-96.638092
15073.242188	-97.409050
15116.308594	-96.949066
15159.375000	-95.777069
15202.441406	-94.647400
15245.507813	-93.667679
15288.574219	-92.539467
15331.640625	-91.354042
15374.707031	-90.691475
15417.773438	-90.991096
15460.839844	-92.298798
15503.906250	-94.745544
15546.972656	-96.102440
15590.039063	-95.839211
15633.105469	-95.508812
15676.171875	-95.405846
15719.238281	-95.318932
15762.304688	-94.304703
15805.371094	-93.607758
15848.437500	-93.371010
15891.503906	-92.920471
15934.570313	-93.106476
15977.636719	-93.471649
16020.703125	-93.989159
16063.769531	-94.738304
16106.835938	-95.088478
16149.902344	-95.144287
16192.968750	-95.178612
16236.035156	-95.770317
16279.101563	-96.884277
16322.167969	-97.389908
16365.234375	-97.147041
16408.300781	-97.338692
16451.367188	-97.722878
16494.433594	-97.937828
16537.500000	-97.833054
16580.566406	-97.513718
16623.632813	-97.873100
16666.699219	-98.487427
16709.765625	-98.519814
16752.832031	-99.115829
16795.898438	-99.630943
16838.964844	-100.339424
16882.031250	-100.525185
16925.097656	-100.603287
16968.164063	-100.551003
17011.230469	-100.366127
17054.296875	-100.001442
17097.363281	-99.966125
17140.429688	-99.421333
17183.496094	-98.728638
17226.562500	-98.036247
17269.628906	-97.599068
17312.695313	-97.733261
17355.761719	-98.561234
17398.828125	-99.244316
17441.894531	-99.766632
17484.960938	-99.681328
17528.027344	-100.239616
17571.093750	-99.799881
17614.160156	-99.512329
17657.226563	-99.195808
17700.292969	-99.635796
17743.359375	-99.753326
17786.425781	-99.979622
17829.492188	-99.994331
17872.558594	-100.476349
17915.625000	-101.376335
17958.691406	-101.456062
18001.757813	-101.568985
18044.824219	-102.487053
18087.890625	-102.903389
18130.957031	-102.984039
18174.023438	-103.022346
18217.089844	-103.008018
18260.156250	-103.358154
18303.222656	-102.507103
18346.289063	-101.969376
18389.355469	-101.909515
18432.421875	-101.904076
18475.488281	-101.799332
18518.554688	-101.742386
18561.621094	-101.729820
18604.687500	-101.704727
18647.753906	-101.244522
18690.820313	-101.302917
18733.886719	-101.805084
18776.953125	-102.010597
18820.019531	-101.983864
18863.085938	-100.830666
18906.152344	-99.700508
18949.218750	-98.697578
18992.285156	-98.527077
19035.351563	-98.376961
19078.417969	-98.836861
19121.484375	-98.694595
19164.550781	-98.590546
19207.617188	-98.889320
19250.683594	-98.679268
19293.750000	-99.483788
19336.816406	-100.091171
19379.882813	-100.736656
19422.949219	-101.572571
19466.015625	-102.212631
19509.082031	-103.060020
19552.148438	-104.015121
19595.214844	-103.904129
19638.281250	-103.734451
19681.347656	-104.088959
19724.414063	-105.621567
19767.480469	-106.289566
19810.546875	-106.789223
19853.613281	-106.705940
19896.679688	-107.144264
19939.746094	-107.492332
19982.812500	-108.034492
20025.878906	-108.758087
20068.945313	-109.114525
20112.011719	-108.659042
20155.078125	-109.143997
20198.144531	-110.105263
20241.210938	-110.955292
20284.277344	-111.223900
20327.343750	-111.011330
20370.410156	-111.541771
20413.476563	-111.862930
20456.542969	-112.165047
20499.609375	-112.779854
20542.675781	-113.393707
20585.742188	-114.751793
20628.808594	-115.578911
20671.875000	-116.405838
20714.941406	-117.124939
20758.007813	-117.561729
20801.074219	-117.663002
20844.140625	-118.029015
20887.207031	-117.943268
20930.273438	-118.119278
20973.339844	-118.034065
21016.406250	-118.205254
21059.472656	-118.095634
21102.539063	-118.296135
21145.605469	-118.409317
21188.671875	-118.414948
21231.738281	-118.272301
21274.804688	-118.374908
21317.871094	-118.365311
21360.937500	-118.311333
21404.003906	-118.475906
21447.070313	-118.587715
21490.136719	-118.580261
21533.203125	-118.523788
21576.269531	-118.450485
21619.335938	-118.316582
21662.402344	-118.514984
21705.468750	-118.484985
21748.535156	-118.559998
21791.601563	-118.420776
21834.667969	-118.728722
21877.734375	-118.596001
21920.800781	-118.680038
21963.867188	-118.578514
22006.933594	-118.610878
