,freq,dB
0,58.712121212121225,3.556583409330621
1,513.8257575757575,19.43274538316981
2,1040.5303030303032,10.483895096219108
3,1562.121212121212,5.369912809670758
4,2063.2575757575755,2.4723071490798794
5,2155.3030303030305,-0.3619557982002091
6,2579.734848484848,-8.30935488813447
7,2738.2575757575755,-6.1979949230671
8,3085.9848484848494,-9.020097316874555
9,3300.7575757575755,-9.804016722365759
10,3582.0075757575755,-17.732147247982024
11,3853.0303030303035,-13.196217699030619
12,4425.757575757575,-18.70759536672942
