,freq,dB
0,583.7043890591569,8.401984737244081
1,1162.0250968600012,27.117478693926337
2,1766.1308043717113,18.196784241039424
3,2344.4515121725553,17.585735918278615
4,2926.455791360667,23.085148047041404
5,3512.143641936043,22.621233436748057
6,4097.831492511421,17.572547554802785
7,4683.5193430867985,12.579642746898166
8,4805.077198866594,4.446187477196307
9,5265.523622274909,21.021555624365238
10,5755.438616781357,5.189701776202267
11,5851.211472850287,17.406445740253652
12,6436.899323425663,9.076438780677147
13,7018.903602613775,4.887570200775265
