,freq,dB
0,406.2432746837284,18.30145498230567
1,681.3472444379817,21.15727043922517
2,864.7498909408173,10.956944241086042
3,1364.9389268576415,32.98412788933207
4,2052.698851243275,17.324379254432664
5,2432.0088701468667,4.379864384178685
6,2740.4587756289084,15.6880304276965
7,2919.6931801657697,7.621226789645049
8,3428.218700014542,18.856292647375934
9,3557.4342009597212,6.8122920246770855
10,4115.978624400174,16.879529762416112
11,4803.738548785809,21.77478080142977
12,5103.851970335903,5.29056228809965
13,5474.825505307548,21.629464748269807
14,5837.462556347245,13.989077586237238
15,6170.921913625128,22.020087974465092
16,6337.65159226407,11.420750219894302
17,6446.0258833793805,12.575379917070407
18,6854.513596044788,17.19934024350163
19,7058.757452377491,2.217584046516088
