Frecuencia (Hz)	Nivel (dB)
46,875000	-63,464115
93,750000	-62,202110
140,625000	-65,219116
187,500000	-65,775436
234,375000	-63,224415
281,250000	-70,426079
328,125000	-71,897392
375,000000	-73,332901
421,875000	-74,932175
468,750000	-74,733688
515,625000	-74,775246
562,500000	-76,311966
609,375000	-76,924492
656,250000	-77,164810
703,125000	-78,557167
750,000000	-79,175972
796,875000	-79,636444
843,750000	-79,799553
890,625000	-80,080765
937,500000	-80,205452
984,375000	-79,958702
1031,250000	-80,856682
1078,125000	-80,718582
1125,000000	-81,247742
1171,875000	-81,691132
1218,750000	-81,571175
1265,625000	-82,280838
1312,500000	-82,779121
1359,375000	-83,111328
1406,250000	-82,265556
1453,125000	-83,035332
1500,000000	-80,895744
1546,875000	-81,772964
1593,750000	-81,942726
1640,625000	-81,651329
1687,500000	-81,095093
1734,375000	-79,893379
1781,250000	-82,181068
1828,125000	-81,585022
1875,000000	-83,598412
1921,875000	-83,328918
1968,750000	-82,703033
2015,625000	-83,011841
2062,500000	-83,400024
2109,375000	-83,873245
2156,250000	-82,299324
2203,125000	-82,382309
2250,000000	-82,924782
2296,875000	-81,599815
2343,750000	-74,990799
2390,625000	-76,611366
2437,500000	-79,984253
2484,375000	-79,975319
2531,250000	-81,273697
2578,125000	-83,241592
2625,000000	-84,918365
2671,875000	-85,693634
2718,750000	-86,053787
2765,625000	-85,903954
2812,500000	-86,395218
2859,375000	-86,051353
2906,250000	-86,450706
2953,125000	-86,785477
3000,000000	-86,838249
3046,875000	-87,145660
3093,750000	-86,782227
3140,625000	-86,541466
3187,500000	-86,846207
3234,375000	-86,767601
3281,250000	-87,032921
3328,125000	-86,996216
3375,000000	-87,446487
3421,875000	-87,356865
3468,750000	-87,421478
3515,625000	-87,540329
3562,500000	-87,210762
3609,375000	-87,243729
3656,250000	-87,975136
3703,125000	-87,812904
3750,000000	-87,802887
3796,875000	-87,902931
3843,750000	-87,880920
3890,625000	-87,681602
3937,500000	-87,888161
3984,375000	-87,959534
4031,250000	-87,735321
4078,125000	-88,016266
4125,000000	-87,725311
4171,875000	-88,666847
4218,750000	-88,529358
4265,625000	-88,381355
4312,500000	-88,309349
4359,375000	-87,925484
4406,250000	-88,220673
4453,125000	-87,981438
4500,000000	-88,255196
4546,875000	-88,396011
4593,750000	-88,353798
4640,625000	-88,304855
4687,500000	-88,502914
4734,375000	-88,425217
4781,250000	-88,545944
4828,125000	-88,543091
4875,000000	-88,705482
4921,875000	-88,965691
4968,750000	-89,095993
5015,625000	-88,753159
5062,500000	-89,243675
5109,375000	-89,047318
5156,250000	-89,194809
5203,125000	-89,201248
5250,000000	-88,842354
5296,875000	-89,019302
5343,750000	-89,164757
5390,625000	-89,147766
5437,500000	-89,132904
5484,375000	-89,209229
5531,250000	-88,981911
5578,125000	-89,075645
5625,000000	-89,123177
5671,875000	-89,347504
5718,750000	-89,088402
5765,625000	-89,653427
5812,500000	-89,507896
5859,375000	-89,228630
5906,250000	-89,362717
5953,125000	-89,385727
6000,000000	-89,369652
6046,875000	-89,136955
6093,750000	-89,214058
6140,625000	-89,489929
6187,500000	-89,217110
6234,375000	-89,123215
6281,250000	-89,460320
6328,125000	-89,697151
6375,000000	-89,569283
6421,875000	-89,359085
6468,750000	-89,535858
6515,625000	-89,367294
6562,500000	-89,893318
6609,375000	-89,864922
6656,250000	-89,685570
6703,125000	-89,764404
6750,000000	-89,957466
6796,875000	-89,645226
6843,750000	-89,664520
6890,625000	-89,905258
6937,500000	-89,854126
6984,375000	-89,627327
7031,250000	-89,633179
7078,125000	-89,757858
7125,000000	-89,654861
7171,875000	-89,884964
7218,750000	-89,828629
7265,625000	-89,645973
7312,500000	-87,678825
7359,375000	-89,911263
7406,250000	-90,040886
7453,125000	-89,889130
7500,000000	-90,080330
7546,875000	-90,280602
7593,750000	-90,166740
7640,625000	-89,966728
7687,500000	-89,893280
7734,375000	-90,152451
7781,250000	-90,193916
7828,125000	-90,200027
7875,000000	-89,891319
7921,875000	-90,312241
7968,750000	-90,243034
8015,625000	-90,043808
8062,500000	-90,520432
8109,375000	-90,522804
8156,250000	-90,327736
8203,125000	-89,991508
8250,000000	-90,553337
8296,875000	-90,595688
8343,750000	-90,546783
8390,625000	-90,437431
8437,500000	-90,563263
8484,375000	-90,467224
8531,250000	-90,307663
8578,125000	-90,533844
8625,000000	-90,459404
8671,875000	-90,444878
8718,750000	-90,806572
8765,625000	-90,587135
8812,500000	-90,756561
8859,375000	-90,886200
8906,250000	-90,871231
8953,125000	-90,860619
9000,000000	-90,560837
9046,875000	-90,490974
9093,750000	-90,892273
9140,625000	-91,041794
9187,500000	-90,667366
9234,375000	-90,954254
9281,250000	-90,671791
9328,125000	-90,679939
9375,000000	-90,700211
9421,875000	-90,733879
9468,750000	-90,521431
9515,625000	-91,051773
9562,500000	-91,165070
9609,375000	-90,760094
9656,250000	-90,534729
9703,125000	-91,027382
9750,000000	-90,921989
9796,875000	-90,957092
9843,750000	-90,910980
9890,625000	-91,138832
9937,500000	-91,196144
9984,375000	-90,924561
10031,250000	-91,264351
10078,125000	-91,200554
10125,000000	-91,108055
10171,875000	-91,082268
10218,750000	-91,174995
10265,625000	-91,553810
10312,500000	-91,448860
10359,375000	-91,144775
10406,250000	-91,337097
10453,125000	-91,606194
10500,000000	-91,303711
10546,875000	-91,209091
10593,750000	-91,429962
10640,625000	-91,395088
10687,500000	-91,432114
10734,375000	-91,457436
10781,250000	-91,507721
10828,125000	-91,097321
10875,000000	-91,201706
10921,875000	-90,982056
10968,750000	-91,023132
11015,625000	-91,436958
11062,500000	-91,121971
11109,375000	-91,388847
11156,250000	-91,303093
11203,125000	-91,333298
11250,000000	-91,051575
11296,875000	-91,070313
11343,750000	-91,093796
11390,625000	-91,435616
11437,500000	-90,742882
11484,375000	-91,218765
11531,250000	-91,373856
11578,125000	-91,389191
11625,000000	-91,296616
11671,875000	-91,405212
11718,750000	-91,610138
11765,625000	-91,275406
11812,500000	-91,443825
11859,375000	-91,605667
11906,250000	-91,589005
11953,125000	-91,235001
12000,000000	-91,409706
12046,875000	-91,823303
12093,750000	-91,766487
12140,625000	-91,623878
12187,500000	-91,342133
12234,375000	-91,641396
12281,250000	-91,280212
12328,125000	-91,828598
12375,000000	-91,857239
12421,875000	-91,671501
12468,750000	-91,439842
12515,625000	-91,695152
12562,500000	-91,732887
12609,375000	-91,494392
12656,250000	-91,452484
12703,125000	-91,787262
12750,000000	-91,845451
12796,875000	-91,866486
12843,750000	-91,588219
12890,625000	-91,619492
12937,500000	-91,411728
12984,375000	-91,440201
13031,250000	-91,402199
13078,125000	-91,596054
13125,000000	-91,688080
13171,875000	-91,883873
13218,750000	-91,592407
13265,625000	-92,050400
13312,500000	-92,112190
13359,375000	-91,913475
13406,250000	-91,208847
13453,125000	-91,774216
13500,000000	-91,707924
13546,875000	-91,662605
13593,750000	-91,275475
13640,625000	-91,938309
13687,500000	-91,939659
13734,375000	-91,813271
13781,250000	-91,662148
13828,125000	-91,907478
13875,000000	-92,210976
13921,875000	-91,655594
13968,750000	-91,770065
14015,625000	-91,737457
14062,500000	-91,932014
14109,375000	-91,925453
14156,250000	-91,936584
14203,125000	-91,818031
14250,000000	-91,967316
14296,875000	-91,172554
14343,750000	-91,926628
14390,625000	-91,914558
14437,500000	-91,952019
14484,375000	-91,725052
14531,250000	-91,499863
14578,125000	-91,927666
14625,000000	-90,765793
14671,875000	-91,599792
14718,750000	-91,846893
14765,625000	-91,950310
14812,500000	-91,490112
14859,375000	-92,011284
14906,250000	-92,128616
14953,125000	-91,543411
15000,000000	-90,215462
15046,875000	-92,120987
15093,750000	-92,147293
15140,625000	-92,002586
15187,500000	-91,779037
15234,375000	-92,221031
15281,250000	-92,319801
15328,125000	-91,879311
15375,000000	-91,742676
15421,875000	-92,106483
15468,750000	-92,066330
15515,625000	-91,875397
15562,500000	-91,971611
15609,375000	-91,781418
15656,250000	-91,685333
15703,125000	-91,643700
15750,000000	-92,309296
15796,875000	-92,026291
15843,750000	-91,788788
15890,625000	-92,146866
15937,500000	-92,040680
15984,375000	-91,904152
16031,250000	-91,954277
16078,125000	-92,610344
16125,000000	-99,993813
16171,875000	-105,403404
16218,750000	-107,315422
16265,625000	-108,372795
16312,500000	-109,111748
16359,375000	-109,481468
16406,250000	-110,051109
16453,125000	-110,193611
16500,000000	-110,578239
16546,875000	-110,796227
16593,750000	-110,878860
16640,625000	-111,118172
16687,500000	-111,164856
16734,375000	-111,390495
16781,250000	-111,436317
16828,125000	-111,558113
16875,000000	-111,726440
16921,875000	-111,762718
16968,750000	-111,727547
17015,625000	-111,843941
17062,500000	-111,995163
17109,375000	-112,152588
17156,250000	-112,015968
17203,125000	-112,172020
17250,000000	-112,348824
17296,875000	-112,279823
17343,750000	-112,362244
17390,625000	-112,457428
17437,500000	-112,501678
17484,375000	-112,367706
17531,250000	-112,506744
17578,125000	-112,659309
17625,000000	-112,595207
17671,875000	-112,666412
17718,750000	-112,556175
17765,625000	-112,572533
17812,500000	-112,548073
17859,375000	-112,734154
17906,250000	-112,770821
17953,125000	-112,689285
18000,000000	-112,731911
18046,875000	-112,885635
18093,750000	-112,706932
18140,625000	-112,953957
18187,500000	-112,820511
18234,375000	-112,681923
18281,250000	-112,731369
18328,125000	-113,024559
18375,000000	-112,919991
18421,875000	-112,857132
18468,750000	-112,958900
18515,625000	-113,029259
18562,500000	-113,098427
18609,375000	-112,913147
18656,250000	-112,964798
18703,125000	-112,893372
18750,000000	-112,830231
18796,875000	-113,102364
18843,750000	-113,127785
18890,625000	-113,140289
18937,500000	-112,838715
18984,375000	-112,963585
19031,250000	-113,035789
19078,125000	-113,106003
19125,000000	-113,179939
19171,875000	-113,168236
19218,750000	-113,173584
19265,625000	-113,283905
19312,500000	-113,182953
19359,375000	-113,339813
19406,250000	-113,285713
19453,125000	-113,332855
19500,000000	-113,113365
19546,875000	-113,245636
19593,750000	-113,232262
19640,625000	-113,273621
19687,500000	-113,226410
19734,375000	-113,333229
19781,250000	-113,151176
19828,125000	-113,151352
19875,000000	-113,373512
19921,875000	-113,318085
19968,750000	-113,422676
20015,625000	-113,446556
20062,500000	-113,456718
20109,375000	-113,226105
20156,250000	-113,358582
20203,125000	-113,560783
20250,000000	-113,522034
20296,875000	-113,343025
20343,750000	-113,442474
20390,625000	-113,376579
20437,500000	-113,426979
20484,375000	-113,259315
20531,250000	-113,433891
20578,125000	-113,591911
20625,000000	-113,573723
20671,875000	-113,320488
20718,750000	-113,410965
20765,625000	-113,458733
20812,500000	-113,564705
20859,375000	-113,466042
20906,250000	-113,503128
20953,125000	-113,580315
21000,000000	-113,320351
21046,875000	-113,542206
21093,750000	-113,559319
21140,625000	-113,480820
21187,500000	-113,510567
21234,375000	-113,553505
21281,250000	-113,622345
21328,125000	-113,481163
21375,000000	-113,460197
21421,875000	-113,585136
21468,750000	-113,591621
21515,625000	-113,513878
21562,500000	-113,305145
21609,375000	-113,619133
21656,250000	-113,593697
21703,125000	-113,496414
21750,000000	-113,747116
21796,875000	-113,618027
21843,750000	-113,569427
21890,625000	-113,848015
21937,500000	-113,364075
21984,375000	-113,405998
22031,250000	-113,716957
22078,125000	-113,585754
22125,000000	-113,598434
22171,875000	-113,567673
22218,750000	-113,541054
22265,625000	-113,537895
22312,500000	-113,623474
22359,375000	-113,692360
22406,250000	-113,654755
22453,125000	-113,695442
22500,000000	-113,519287
22546,875000	-113,673233
22593,750000	-113,659554
22640,625000	-113,644325
22687,500000	-113,486977
22734,375000	-113,793198
22781,250000	-113,726395
22828,125000	-113,467995
22875,000000	-113,558029
22921,875000	-113,801216
22968,750000	-113,705460
23015,625000	-113,668381
23062,500000	-113,768303
23109,375000	-113,716042
23156,250000	-113,637085
23203,125000	-113,701981
23250,000000	-113,833046
23296,875000	-113,566460
23343,750000	-113,822815
23390,625000	-113,604202
23437,500000	-113,837585
23484,375000	-113,750504
23531,250000	-113,561890
23578,125000	-113,660713
23625,000000	-113,793983
23671,875000	-113,761612
23718,750000	-113,782722
23765,625000	-113,874069
23812,500000	-113,595085
23859,375000	-113,718994
23906,250000	-113,763535
23953,125000	-113,787537
