,fft
0,-1.5458161011299503
1,-1.653552942684899
2,-1.7358856216551508
3,-1.8181519921633515
4,-1.9027943606438207
5,-1.9908072210887287
6,-2.0803269021670907
7,-2.167195055879469
8,-2.2451518390624092
9,-2.30616913973774
10,-2.3445312373164846
11,-2.360074272592796
12,-2.358874572317319
13,-2.3482688884093323
14,-2.3339622584284374
15,-2.319375811931171
16,-2.306067103131149
17,-2.294771252339613
18,-2.2856379388658294
19,-2.2786105887430397
20,-2.273372530171864
21,-2.2698768247453716
22,-2.2676838882501733
23,-2.2667391313670726
24,-2.266654571074932
25,-2.267396632520321
26,-2.268638649980712
27,-2.270304336138795
28,-2.272166747049859
29,-2.274167062707106
30,-2.2761177817705014
31,-2.277963865704825
32,-2.2796239916092165
33,-2.2810389286772557
34,-2.2821417610954886
35,-2.282907084353375
36,-2.283408692157148
37,-2.2836390508124156
38,-2.2835227041425736
39,-2.283222174199193
40,-2.2827089573625328
41,-2.28207552835928
42,-2.2814261166675505
43,-2.2806751242645826
44,-2.279896327152558
45,-2.279184182676913
46,-2.2785583837094756
47,-2.277997054556898
48,-2.2776219599485423
49,-2.27727676290963
50,-2.2771286689271064
51,-2.276955244673335
52,-2.27699024697095
53,-2.2770595948205203
54,-2.277267557965719
55,-2.277420904278838
56,-2.277660769436449
57,-2.277917305720742
58,-2.2782346534150846
59,-2.27847707773041
60,-2.278642612236903
61,-2.2788938441155913
62,-2.2790099523508887
63,-2.2789917807689926
64,-2.2790925801471436
65,-2.279037268036137
66,-2.278994345993821
67,-2.2788679191317502
68,-2.2787605800903514
69,-2.278536348731421
70,-2.2782982420363225
71,-2.2781232312975015
72,-2.2778779556265274
73,-2.2777502396904206
74,-2.2775292811652674
75,-2.2773825411219186
76,-2.2771867799997674
77,-2.2770322544939092
78,-2.27689946860085
79,-2.2768324586165867
80,-2.2767259743057293
81,-2.2767091772503147
82,-2.276637175616339
83,-2.2766206055384663
84,-2.2766591266757605
85,-2.276629552014248
86,-2.2767167083093405
87,-2.276711255700451
88,-2.276743887632996
89,-2.27669267011472
90,-2.276748572884222
91,-2.2767601891401648
92,-2.2767094332783215
93,-2.276688175835857
94,-2.276601398653178
95,-2.2765071131223173
96,-2.2764284376795865
97,-2.2763243619454743
98,-2.276150161561114
99,-2.2760817698454083
100,-2.275887480314084
101,-2.2757687374863784
102,-2.275637563650518
103,-2.275446030434854
104,-2.275321320274875
105,-2.2751554533033964
106,-2.2750018179198115
107,-2.2749148816764873
108,-2.2747485638959093
109,-2.274706603759189
110,-2.274559905794505
111,-2.274554817481664
112,-2.2744994096825324
113,-2.274434614141826
114,-2.274448065030892
115,-2.2743576543371473
116,-2.274343401783873
117,-2.274336433771971
118,-2.274252041620622
119,-2.274218769896065
120,-2.274169552482844
121,-2.2741029628963223
122,-2.273971372264604
123,-2.2738906291467713
124,-2.2737840672386573
125,-2.273669381406904
126,-2.2735112553701597
127,-2.2734022408818824
128,-2.2732556081569486
129,-2.2730759327688568
130,-2.2729146662893833
131,-2.2728266477210894
132,-2.2726119313154927
133,-2.2724713025532592
134,-2.2723234168976965
135,-2.2722489177181977
136,-2.2720514208286144
137,-2.2719929417275693
138,-2.27191251859571
139,-2.271807448146358
140,-2.271655483275415
141,-2.2715679781498967
142,-2.271496340432719
143,-2.2714503776874477
144,-2.271325533192713
145,-2.271269742639053
146,-2.271191331117558
147,-2.271159375803825
148,-2.270995668981741
149,-2.270879950519216
150,-2.2708314006188535
151,-2.2706906994831777
152,-2.2706086350473442
153,-2.2704319528873818
154,-2.2702758498454343
155,-2.2701791637967252
156,-2.269986809177992
157,-2.269828824731905
158,-2.269607059383187
159,-2.269471490718632
160,-2.269323640132911
161,-2.269129587406564
162,-2.269018566509134
163,-2.2688317109370186
164,-2.2686839329482367
165,-2.2685018375009527
166,-2.268443828865426
167,-2.268310227255042
168,-2.26820643075869
169,-2.268089555068671
170,-2.2679567472883697
171,-2.2678687374086604
172,-2.2677856300409696
173,-2.2676656692177337
174,-2.2675510714441147
175,-2.2674559729012755
176,-2.267332097813288
177,-2.267178011638344
178,-2.2670983037729076
179,-2.2669872575796775
180,-2.266827887223342
181,-2.26664569881113
182,-2.266467380103865
183,-2.2662848314248003
184,-2.2661083642880775
185,-2.2659049805035867
186,-2.265694410172075
187,-2.26556195430792
188,-2.2653596789604538
189,-2.26522240052292
190,-2.2650072502504863
191,-2.2648218671335485
192,-2.264723589445259
193,-2.264517561602079
194,-2.2643745909768365
195,-2.26424818748431
196,-2.264119706830861
197,-2.2639618227566807
198,-2.2638363342020207
199,-2.26371919358462
200,-2.263600444929086
201,-2.2634638117896335
202,-2.2633194503947545
203,-2.263230745040189
204,-2.263053702399618
205,-2.262908934036133
206,-2.2627771271754895
207,-2.262599655786414
208,-2.2624357213041577
209,-2.2622287424364202
210,-2.262030724343888
211,-2.2618382797016956
212,-2.26161394294523
213,-2.2614226656455867
214,-2.261199595273194
215,-2.2610281098380893
216,-2.260845957367113
217,-2.2607008604507226
218,-2.260489778993072
219,-2.2602697911271905
220,-2.2600884230936287
221,-2.2599264483754045
222,-2.259740434173716
223,-2.259588670467694
224,-2.2594470144914736
225,-2.2593073687105143
226,-2.2591705359779684
227,-2.2589997038863228
228,-2.25890353856424
229,-2.258730393422172
230,-2.258539476932423
231,-2.2583859749277653
232,-2.258239756380698
233,-2.2579897449523925
234,-2.257848004301927
235,-2.2576721046981945
236,-2.257468893222213
237,-2.2572429716736644
238,-2.256970890402962
239,-2.256765273067115
240,-2.256552861945368
241,-2.2563401673669223
242,-2.2561249771059058
243,-2.255959313704165
244,-2.2557218638264374
245,-2.2555353612195663
246,-2.2553083017101985
247,-2.255107752744604
248,-2.2549167041897653
249,-2.254732450052112
250,-2.254581349123336
251,-2.2544145198380003
252,-2.2542529995100513
253,-2.25408188378778
254,-2.253912758966118
255,-2.253691563002791
256,-2.2535748310259436
257,-2.2533727599214473
258,-2.2531904871032533
259,-2.253008319081248
260,-2.2527641999442487
261,-2.252533577543183
262,-2.2523659868268013
263,-2.252136892749768
264,-2.2518864729727195
265,-2.2516818113976993
266,-2.251448091783453
267,-2.2512194494072295
268,-2.2509892605386135
269,-2.2507582847661785
270,-2.25053186095503
271,-2.2503119268711913
272,-2.2500823425245424
273,-2.24988908599284
274,-2.2496309370064145
275,-2.2494496562927857
276,-2.2492388989219485
277,-2.2490291043886446
278,-2.248824176147918
279,-2.2486294322597575
280,-2.2484115579323656
281,-2.248257576782984
282,-2.248043782217551
283,-2.2478714250594285
284,-2.247694577325518
285,-2.247437756040552
286,-2.247278404560593
287,-2.2470760260894354
288,-2.246799169255316
289,-2.2465576618979988
290,-2.2463102521287137
291,-2.2460716079770804
292,-2.2458221051615723
293,-2.2455984771224853
294,-2.2453698478788433
295,-2.245105151650208
296,-2.2448850018785733
297,-2.244570740977235
298,-2.2444068517436233
299,-2.244170122411598
300,-2.243886418837335
301,-2.2436548603553383
302,-2.243449516561739
303,-2.2431820737124495
304,-2.243016422065335
305,-2.2428112791720114
306,-2.2425820529992606
307,-2.2423785477545906
308,-2.242172255138218
309,-2.241936261287474
310,-2.241682284995779
311,-2.2414498661686904
312,-2.241252778361186
313,-2.240990094098993
314,-2.240790385808754
315,-2.240505851301851
316,-2.2402610032389196
317,-2.240067878221306
318,-2.2397681676043333
319,-2.2395223651954956
320,-2.2392928744849727
321,-2.2390324593617614
322,-2.238715890122334
323,-2.2385041621924064
324,-2.2382275346824896
325,-2.237995528050129
326,-2.2376757184438736
327,-2.23742674024116
328,-2.23720083572945
329,-2.2369363552067485
330,-2.236737754701863
331,-2.2364725172957804
332,-2.236222708513292
333,-2.235996610016762
334,-2.2357468544331374
335,-2.2355275826554935
336,-2.2353279207693593
337,-2.2350659204045393
338,-2.2347885419024345
339,-2.2345429781123287
340,-2.2343120366835416
341,-2.234103278818622
342,-2.2338521233850672
343,-2.233576123845849
344,-2.233312395550878
345,-2.2330494113543975
346,-2.2328008788179114
347,-2.2324897149148493
348,-2.2322602490307974
349,-2.2319565851023553
350,-2.2316752236049773
351,-2.231371513144983
352,-2.2310825975865067
353,-2.2308177356767214
354,-2.2304851808684507
355,-2.2302777309262205
356,-2.229995986558956
357,-2.229760299126842
358,-2.229509356518232
359,-2.2292525124423173
360,-2.228974953299821
361,-2.228734575137033
362,-2.2284711598239753
363,-2.2282275942145833
364,-2.2279310842821056
365,-2.2277206551580506
366,-2.227466103208494
367,-2.2271645102256556
368,-2.2269412759121003
369,-2.2266538230139434
370,-2.2264346342028354
371,-2.2261540991390465
372,-2.2258710248226574
373,-2.225568201950705
374,-2.2252795343084455
375,-2.225010175553131
376,-2.224686488708244
377,-2.2243838375384275
378,-2.2241023299670424
379,-2.223806208633947
380,-2.223535347294892
381,-2.2231768526589706
382,-2.2229095801028618
383,-2.2226037025481737
384,-2.222265305557033
385,-2.2220272740362303
386,-2.221758718826834
387,-2.2214793864973115
388,-2.2211920745577483
389,-2.220895458661351
390,-2.2206241019048782
391,-2.220364548372631
392,-2.220130045822621
393,-2.2199178004007685
394,-2.219612315016854
395,-2.21939312186689
396,-2.2191394602747034
397,-2.2188488889101636
398,-2.218584678201983
399,-2.2183067937166623
400,-2.217968461665299
401,-2.217634136108316
402,-2.2173495095639764
403,-2.2169464302603563
404,-2.216696345691306
405,-2.216359064992979
406,-2.216023614835573
407,-2.2156998003584545
408,-2.2153401223662557
409,-2.2150439033086124
410,-2.2147443488015797
411,-2.214411183273516
412,-2.2141280906459184
413,-2.2138860100867332
414,-2.2135691681841334
415,-2.2133319513195113
416,-2.213038456556395
417,-2.21278763810347
418,-2.212527495514447
419,-2.2122554544082322
420,-2.212028298008515
421,-2.2117142370729432
422,-2.2114226715139265
423,-2.211122253098088
424,-2.2108505433037395
425,-2.2105169209171813
426,-2.210225137775907
427,-2.20991564573222
428,-2.2095895748351
429,-2.2092668638368274
430,-2.2089443769785357
431,-2.2085792052784927
432,-2.2082416104081237
433,-2.2078379693338164
434,-2.2075202558401203
435,-2.2071819169916695
436,-2.206816584793404
437,-2.2064575230713874
438,-2.206155461287508
439,-2.205829154452472
440,-2.2055469124385403
441,-2.205232981527946
442,-2.2049963507912653
443,-2.2047273300966714
444,-2.204433322724347
445,-2.204236188394722
446,-2.2039370470594797
447,-2.2037204923556377
448,-2.2033970315386147
449,-2.2031386424323967
450,-2.202840436199068
451,-2.202512876967241
452,-2.202242803132047
453,-2.201846289331283
454,-2.201461218070966
455,-2.201120945783214
456,-2.200740704153924
457,-2.2003469726953386
458,-2.199958778122129
459,-2.199531061963726
460,-2.199165595387684
461,-2.198842455999784
462,-2.198406626809845
463,-2.19809612609292
464,-2.1978138431058354
465,-2.197484785163419
466,-2.197222588504525
467,-2.196990433792185
468,-2.1967009993199347
469,-2.1964253760918906
470,-2.1962071377438743
471,-2.1958906997348744
472,-2.1956143103543058
473,-2.1953181356336064
474,-2.194999302376507
475,-2.1946691084221683
476,-2.1943670038695036
477,-2.194009647791438
478,-2.1936528778718776
479,-2.193298844216195
480,-2.1929671175719974
481,-2.1925761611369654
482,-2.192235289870551
483,-2.191832175364274
484,-2.191446431086166
485,-2.1910559352322765
486,-2.1906902774046024
487,-2.1902940439532816
488,-2.189893567478186
489,-2.1894965676417564
490,-2.1891455377095235
491,-2.188833142355856
492,-2.1885060813007784
493,-2.188183217814344
494,-2.1878577146132128
495,-2.1876418259856623
496,-2.1873312820919693
497,-2.187108287610555
498,-2.1868212460614935
499,-2.18652482049421
500,-2.186258456903186
501,-2.1859293246669096
502,-2.1856556918260317
503,-2.1853381481260414
504,-2.18496753893404
505,-2.1846230964381355
506,-2.184231374628562
507,-2.1838371311064484
508,-2.1834047177235667
509,-2.182969045135582
510,-2.1825063084385157
511,-2.1820819050527374
512,-2.1816470451659913
513,-2.181217371332642
514,-2.1808378698888733
515,-2.1804505109892283
516,-2.180130886621942
517,-2.1797986306524586
518,-2.1794546244669286
519,-2.17918722012248
520,-2.178929809277224
521,-2.178701736698136
522,-2.1784136876263864
523,-2.178103977279447
524,-2.1778614407521197
525,-2.177504103441462
526,-2.177208967923942
527,-2.1768520632994273
528,-2.176483755980496
529,-2.1761295915753016
530,-2.1757730738043364
531,-2.1754112986674725
532,-2.1750098003648626
533,-2.1745862863784686
534,-2.174185260451721
535,-2.173772811766626
536,-2.1733408475194986
537,-2.1729352221876703
538,-2.1724542170313903
539,-2.1720638873364564
540,-2.1716363511030687
541,-2.1712553955525755
542,-2.1708532506386833
543,-2.170490410991272
544,-2.170128567604144
545,-2.1697928801738806
546,-2.169487674553976
547,-2.1691920469825288
548,-2.1688909093342987
549,-2.1686339405325494
550,-2.168339330901776
551,-2.1680885609478224
552,-2.167766897400374
553,-2.167498088344765
554,-2.1671759870410168
555,-2.1668375143772574
556,-2.1664593168410096
557,-2.1661126231320886
558,-2.165674171780739
559,-2.165254854202672
560,-2.164782256095313
561,-2.1642988973654966
562,-2.1637849096081636
563,-2.163302622842637
564,-2.1628189132389664
565,-2.1623501550235327
566,-2.161883953374902
567,-2.161501211809682
568,-2.161095677784649
569,-2.1607677851019838
570,-2.1604318238854403
571,-2.1601774977304804
572,-2.1598962912999857
573,-2.1596445161717104
574,-2.1593613084162193
575,-2.159089288611841
576,-2.1588181255406087
577,-2.158523126123171
578,-2.1581847996298085
579,-2.1578123207739757
580,-2.157451492210367
581,-2.157049269709763
582,-2.1566027622097126
583,-2.1562201993531245
584,-2.1558098792604516
585,-2.1553233008700414
586,-2.1548573275763645
587,-2.1544253618620304
588,-2.153942433346056
589,-2.1535092509889027
590,-2.1530387143811747
591,-2.1525733461295147
592,-2.1521233909002455
593,-2.1517261620653128
594,-2.151321757080457
595,-2.150939337430986
596,-2.150565686370677
597,-2.1502251489186093
598,-2.1498894994574442
599,-2.1495900805974313
600,-2.149261635519914
601,-2.148964723319394
602,-2.148676350245028
603,-2.14838704811117
604,-2.1480781276227496
605,-2.147774867722028
606,-2.1474606906300755
607,-2.147144563265838
608,-2.1467700030561674
609,-2.1463673663907055
610,-2.1459266637609264
611,-2.1454250567344273
612,-2.1449439264262766
613,-2.14442228745607
614,-2.143873630282035
615,-2.143296446713481
616,-2.142785390140593
617,-2.142250982526881
618,-2.141792859294843
619,-2.141338730877066
620,-2.140940195794228
621,-2.140561642074496
622,-2.140234395339764
623,-2.1399171055490784
624,-2.139649535328432
625,-2.1394117770911554
626,-2.139151345192298
627,-2.1389393814643323
628,-2.1385991620398563
629,-2.13832007360674
630,-2.138037347915817
631,-2.137599575049229
632,-2.1372459386582903
633,-2.136797489973623
634,-2.1363664025174502
635,-2.1358976596323793
636,-2.135407862137105
637,-2.134899508330256
638,-2.1343768898247655
639,-2.1338784514249927
640,-2.1333451834962776
641,-2.132880971504016
642,-2.1323949788740313
643,-2.1319545123732544
644,-2.131501343126121
645,-2.131063681035595
646,-2.1306555798775024
647,-2.130276772469643
648,-2.129875240769554
649,-2.129503514995879
650,-2.129167662384205
651,-2.1288007829535323
652,-2.1284986012442375
653,-2.1281983571720877
654,-2.1278847439134414
655,-2.127578321383441
656,-2.127286359837619
657,-2.126973153806009
658,-2.126645584307558
659,-2.1262976316266697
660,-2.12590420359011
661,-2.125459292382039
662,-2.124997231494699
663,-2.1244975826641768
664,-2.123954017524262
665,-2.123404627687511
666,-2.1228062653880455
667,-2.1222056819709474
668,-2.121657945079686
669,-2.121095479671244
670,-2.1205655224582487
671,-2.1200611449764177
672,-2.1196336064848693
673,-2.1192326631832783
674,-2.118905853978173
675,-2.1185975079066517
676,-2.118368992949127
677,-2.1180767614954905
678,-2.117825741206552
679,-2.117581458858813
680,-2.1173403350923667
681,-2.117042393204841
682,-2.116709780761656
683,-2.1163809857049984
684,-2.1159270221099633
685,-2.1154524640087864
686,-2.114977726095301
687,-2.114445568210831
688,-2.113890390194175
689,-2.1133738328391476
690,-2.112778701818428
691,-2.112203948630176
692,-2.1116637165446015
693,-2.1111503611803415
694,-2.110649946286397
695,-2.1101815556049965
696,-2.1096992071419964
697,-2.109292932685491
698,-2.108842235704342
699,-2.1084597908958385
700,-2.1080912261711378
701,-2.1077302487151317
702,-2.1073502162336446
703,-2.1069957199650187
704,-2.1066628953708655
705,-2.1063655466945987
706,-2.1060158868700074
707,-2.105710905861157
708,-2.105359604946618
709,-2.1050578764263705
710,-2.10471676496302
711,-2.104293164465779
712,-2.103948534021822
713,-2.103487369994524
714,-2.1029975366863205
715,-2.102464035771901
716,-2.101915402165464
717,-2.10131599118449
718,-2.1006929279057793
719,-2.1000451772947386
720,-2.099424945089406
721,-2.0988156991864946
722,-2.0982500807957494
723,-2.097714946308501
724,-2.097274605689284
725,-2.0968652304292394
726,-2.09646268026166
727,-2.096159360051089
728,-2.095907801368999
729,-2.0956715579041485
730,-2.0954666741187458
731,-2.0952125757922238
732,-2.094995404382784
733,-2.0947097142307483
734,-2.094382527061547
735,-2.094026880742846
736,-2.093608216712094
737,-2.0930881599363063
738,-2.0925685354629686
739,-2.091978842812106
740,-2.091384484831146
741,-2.0907554496742997
742,-2.090146160703428
743,-2.089513606342047
744,-2.088938343729807
745,-2.0883778739238448
746,-2.0878474500003548
747,-2.087336377946156
748,-2.0868841481641547
749,-2.086432611513365
750,-2.085989230562803
751,-2.085606898085425
752,-2.0852219845670463
753,-2.0848378359886754
754,-2.0844679631829695
755,-2.0841348079872684
756,-2.0838375193426284
757,-2.0834596789148683
758,-2.0831571596749807
759,-2.0828076325282527
760,-2.082474924230013
761,-2.082093971714648
762,-2.081762308757587
763,-2.081368130784891
764,-2.0809565226081133
765,-2.080492651386155
766,-2.0799999353568417
767,-2.0794170657505537
768,-2.0788316000818003
769,-2.0781970558860854
770,-2.0775491692884858
771,-2.0768448615777615
772,-2.0761642762806924
773,-2.0754967195136116
774,-2.074850902808656
775,-2.0743025071824492
776,-2.0737853654447678
777,-2.073332710958956
778,-2.072969834915821
779,-2.0726801371083816
780,-2.0724576214407437
781,-2.072222935035999
782,-2.0720443324116986
783,-2.0718521000713865
784,-2.0716669654557287
785,-2.07143172537914
786,-2.071119363931719
787,-2.070759802889535
788,-2.0703040043009375
789,-2.0697649042398596
790,-2.069167759126943
791,-2.068545234528829
792,-2.0678478298552503
793,-2.0671427995939267
794,-2.066412798176891
795,-2.065756103956921
796,-2.065088240125067
797,-2.064470516221669
798,-2.063892684085018
799,-2.063386664706097
800,-2.062899580458163
801,-2.062484691318624
802,-2.0620732960619894
803,-2.0616867727087933
804,-2.06133613645821
805,-2.060978218968053
806,-2.0606503591956624
807,-2.0603145248004613
808,-2.0600049873554114
809,-2.059654814221927
810,-2.0593295522659854
811,-2.0589540583134487
812,-2.0586197303968063
813,-2.0582821083430685
814,-2.0578717680603735
815,-2.0574396736494194
816,-2.0569876075133373
817,-2.0564681802695857
818,-2.0559301329207136
819,-2.0553208466962105
820,-2.054665369760937
821,-2.053952382131603
822,-2.053245879237467
823,-2.052512753653171
824,-2.051775507820021
825,-2.051031861553351
826,-2.0503711163870606
827,-2.049755352582916
828,-2.0492010045352274
829,-2.048810562795185
830,-2.048439036255948
831,-2.0481758993121795
832,-2.048004319820114
833,-2.0478522880740955
834,-2.047722793291783
835,-2.0475953252925443
836,-2.047456928583931
837,-2.0472068905675527
838,-2.046937709578467
839,-2.046550303253256
840,-2.0460643258217983
841,-2.045467820405599
842,-2.0447898206924155
843,-2.044039000110882
844,-2.043231726477886
845,-2.042419605695067
846,-2.041574298090338
847,-2.0407945235180796
848,-2.0400669741247452
849,-2.039394042177753
850,-2.038783005180878
851,-2.0382609277108723
852,-2.0378211551575065
853,-2.037405575284428
854,-2.0370958790478775
855,-2.036768219432975
856,-2.036477062755097
857,-2.036189408743264
858,-2.0359214507909775
859,-2.0355899282599497
860,-2.0352953411030965
861,-2.034935442888355
862,-2.0345832484421904
863,-2.0342046867143275
864,-2.0338617305441904
865,-2.033409540729401
866,-2.0329778359169635
867,-2.032504208625295
868,-2.031969628862818
869,-2.0314174115984978
870,-2.0308023789562357
871,-2.0301093288386336
872,-2.0293701287007653
873,-2.0286245409138846
874,-2.027813241086517
875,-2.026989147669774
876,-2.02619543306943
877,-2.0254553846402064
878,-2.024725750677547
879,-2.02410775266457
880,-2.023598559152723
881,-2.0232062233763886
882,-2.0229114308383105
883,-2.0227475393191856
884,-2.022636257435321
885,-2.022597836814729
886,-2.0225502046574326
887,-2.022509596175517
888,-2.022414719264531
889,-2.0221894806742964
890,-2.0218660145320717
891,-2.0214250371707188
892,-2.020830393453446
893,-2.020117245789413
894,-2.0193002642169096
895,-2.0183886100261756
896,-2.0174034002911228
897,-2.0164507113411836
898,-2.01548541196298
899,-2.0146145970177147
900,-2.0138457774978957
901,-2.013132226348193
902,-2.012534647793154
903,-2.0120615103811303
904,-2.0116611047445163
905,-2.011364597171728
906,-2.011112098662193
907,-2.0108951104533217
908,-2.01071430561806
909,-2.0105194670159263
910,-2.010273044442454
911,-2.009996441259659
912,-2.0096864072772447
913,-2.0093676678263157
914,-2.0089498007935784
915,-2.0085397835838323
916,-2.008073737594688
917,-2.0075705905473056
918,-2.0070193140837915
919,-2.006466384107821
920,-2.005825461262769
921,-2.005171765349239
922,-2.004444536442714
923,-2.003684522035333
924,-2.0028318200019095
925,-2.0020148057338556
926,-2.0011445171372513
927,-2.0002637082694115
928,-1.9994433869305661
929,-1.9986633540883556
930,-1.9979699809019826
931,-1.9974211098067673
932,-1.9969553346465156
933,-1.996664536869787
934,-1.9965256809512795
935,-1.996455223023021
936,-1.9964698509994718
937,-1.9965338476265484
938,-1.996578905583955
939,-1.9965868721892195
940,-1.9965353193208846
941,-1.9962843464647244
942,-1.995875489502134
943,-1.9952590669127859
944,-1.9945128475701164
945,-1.9935494339669657
946,-1.992481557895797
947,-1.9913533067599336
948,-1.9901901453605673
949,-1.9890584227581467
950,-1.988007114798905
951,-1.987065492610734
952,-1.9862673858544
953,-1.9856331277247274
954,-1.985153989377399
955,-1.9847842792267647
956,-1.9845536769355847
957,-1.9844464062888538
958,-1.9843451948602127
959,-1.984233854863449
960,-1.9841643835599538
961,-1.9840283385135367
962,-1.983793146396711
963,-1.983527532136909
964,-1.983192338403183
965,-1.9827448733164987
966,-1.9822876858654124
967,-1.981733998656727
968,-1.98118526888804
969,-1.9805335543405154
970,-1.9798698643607116
971,-1.9791982113526787
972,-1.9784687943721457
973,-1.9776473458512192
974,-1.976848401125083
975,-1.9759502580183606
976,-1.975054495399919
977,-1.9740935322243929
978,-1.9731768364708115
979,-1.9722482784518698
980,-1.9714369147565263
981,-1.9706502173818732
982,-1.9700628550493222
983,-1.9696038890017384
984,-1.9693194283862203
985,-1.9691846868569043
986,-1.969224548425483
987,-1.9693502721597642
988,-1.9695646643112164
989,-1.9697649931772552
990,-1.969933771109488
991,-1.9699428213666461
992,-1.9697986776005898
993,-1.9694321241431136
994,-1.968797684615308
995,-1.9679403967490479
996,-1.9668428555173934
997,-1.9655891689992955
998,-1.964219207071911
999,-1.9627966734753197
1000,-1.9613737031548313
1001,-1.960092125121399
1002,-1.9589511282582053
1003,-1.9580200665900764
1004,-1.957279099572544
1005,-1.9568023750629444
1006,-1.9565520036656174
1007,-1.9564732709078714
1008,-1.9565009536377216
1009,-1.9566362872892478
1010,-1.9567836035363604
1011,-1.9569226855115087
1012,-1.9569408864259368
1013,-1.9568845314246996
1014,-1.956670499319329
1015,-1.956341119907742
1016,-1.9558571920478671
1017,-1.9552648358533802
1018,-1.9545552744008794
1019,-1.9538210179351392
1020,-1.9530443615884536
1021,-1.9521997385872103
1022,-1.9513018725867974
1023,-1.9504081054332862
1024,-1.9494889672844062
1025,-1.9485304235797178
1026,-1.9475714078184876
1027,-1.946567668297646
1028,-1.9455621498432352
1029,-1.9445570783084944
1030,-1.9436686450645422
1031,-1.942813490543305
1032,-1.9420851861398907
1033,-1.9415215664359269
1034,-1.9411572840577962
1035,-1.9410004211185379
1036,-1.9410259408775656
1037,-1.9412354569092924
1038,-1.9415731742940525
1039,-1.9419422203713057
1040,-1.9423440426755958
1041,-1.9426340627621534
1042,-1.942713385072553
1043,-1.9425728064570755
1044,-1.9420828695422623
1045,-1.9412818682501538
1046,-1.9401461070794976
1047,-1.9387345740023072
1048,-1.9371191098360514
1049,-1.9353502971974308
1050,-1.9335703556785269
1051,-1.9318920020227994
1052,-1.9303622327993195
1053,-1.9290949006331433
1054,-1.928144909141684
1055,-1.9275011948821557
1056,-1.9271837286776015
1057,-1.9271806004762648
1058,-1.9273889514068436
1059,-1.9277837181764776
1060,-1.9282567278389482
1061,-1.9287323923118023
1062,-1.9290863417965713
1063,-1.9293089306548328
1064,-1.9293139505383496
1065,-1.929115782410376
1066,-1.9286829314304894
1067,-1.9280395941079684
1068,-1.9271907775631045
1069,-1.9262065896212879
1070,-1.9251398652361238
1071,-1.9240157903948285
1072,-1.9228600296643883
1073,-1.9217030036235299
1074,-1.9206209475611138
1075,-1.9195280034654498
1076,-1.9184964414376577
1077,-1.917468109567931
1078,-1.9164681667227044
1079,-1.9155019679914116
1080,-1.9145878754280292
1081,-1.9137921260681954
1082,-1.9130862230689683
1083,-1.9125079597653092
1084,-1.9121404866040308
1085,-1.9119729803506178
1086,-1.9120057700377466
1087,-1.9122332329018448
1088,-1.9126408133567883
1089,-1.9131600008209302
1090,-1.9136628468254462
1091,-1.9141242282235773
1092,-1.9143862197504296
1093,-1.9144012284307836
1094,-1.9140555282452048
1095,-1.9133258104510071
1096,-1.9121508839824928
1097,-1.910600124134837
1098,-1.9087572715922196
1099,-1.9066565093516303
1100,-1.904520180135663
1101,-1.902390362493716
1102,-1.9004734113605193
1103,-1.8988336961849852
1104,-1.8975852381329987
1105,-1.8967779043009092
1106,-1.8964372192738124
1107,-1.896557218582764
1108,-1.8969806938315175
1109,-1.897703379942575
1110,-1.8985864186464085
1111,-1.8994611810713924
1112,-1.9002693385077905
1113,-1.9008544198155535
1114,-1.901122732007112
1115,-1.9010449214538825
1116,-1.9005933109511053
1117,-1.8998159129143097
1118,-1.8987254623058964
1119,-1.897413444567242
1120,-1.8959754036243366
1121,-1.894454691067277
1122,-1.8929528772213957
1123,-1.8914955106944538
1124,-1.8901257551922626
1125,-1.888907340244541
1126,-1.8877624855681714
1127,-1.886721980085273
1128,-1.885767769387515
1129,-1.8849151425750679
1130,-1.884108476874864
1131,-1.8834159601287306
1132,-1.882814278054542
1133,-1.8823443156753883
1134,-1.882046833858135
1135,-1.881948422300801
1136,-1.8820365365587364
1137,-1.8823462222143412
1138,-1.8828275293080055
1139,-1.8834343047747708
1140,-1.8840663958102586
1141,-1.8846164487365336
1142,-1.8849855952916224
1143,-1.885062230464818
1144,-1.884717744221685
1145,-1.8839170210529739
1146,-1.8826327221127341
1147,-1.8808751764700362
1148,-1.8787039843988498
1149,-1.8762566216972583
1150,-1.8737219876441418
1151,-1.8712129352710698
1152,-1.8689178997091118
1153,-1.8669818922136086
1154,-1.8655425093510107
1155,-1.864629610008677
1156,-1.8643300512466907
1157,-1.8645751113436404
1158,-1.865331972139257
1159,-1.8664463537729468
1160,-1.8677905054791621
1161,-1.8691843261892012
1162,-1.8704750925085067
1163,-1.8714578288641217
1164,-1.8720103647111204
1165,-1.8720589392277562
1166,-1.8715541779384555
1167,-1.8705468873325848
1168,-1.869099830224031
1169,-1.8673103433146083
1170,-1.8653189122636273
1171,-1.8632623797230403
1172,-1.8612879535114137
1173,-1.8594166323316839
1174,-1.857757174254333
1175,-1.8563348900707815
1176,-1.8551517812278573
1177,-1.8541495143191722
1178,-1.8533634780457466
1179,-1.8526876271492678
1180,-1.852139033454313
1181,-1.85165241675021
1182,-1.8512739067629598
1183,-1.851008095152567
1184,-1.8508646455007975
1185,-1.850885004599862
1186,-1.8510627503283064
1187,-1.8514428096731728
1188,-1.852000107748593
1189,-1.8526442277899704
1190,-1.8533458272546992
1191,-1.8539754557929937
1192,-1.8543929998982507
1193,-1.8544489885990514
1194,-1.8540393266541682
1195,-1.8530803007711414
1196,-1.851543712432219
1197,-1.849425151259324
1198,-1.8468455773673182
1199,-1.8439252590825832
1200,-1.840871280107584
1201,-1.8379074127012842
1202,-1.8352498684554048
1203,-1.833046115841504
1204,-1.831458521619797
1205,-1.830615084808768
1206,-1.830537648289008
1207,-1.8311262499706944
1208,-1.832391409034331
1209,-1.8341296455900353
1210,-1.8361325778486113
1211,-1.8381571969575432
1212,-1.8399693851712258
1213,-1.841368926047597
1214,-1.8421677827640326
1215,-1.8422379326023957
1216,-1.8415423326188867
1217,-1.8401126244682335
1218,-1.8380724264600745
1219,-1.8356016568996643
1220,-1.8328869781114485
1221,-1.830117561536214
1222,-1.8274464588372656
1223,-1.825045640390774
1224,-1.8230000746127522
1225,-1.821336472896891
1226,-1.8201130934878065
1227,-1.8192322601120992
1228,-1.8186826198781851
1229,-1.818376483970137
1230,-1.8182543035019731
1231,-1.818244343334329
1232,-1.8183406923820524
1233,-1.8185143939032826
1234,-1.8187618682992859
1235,-1.8191039977089232
1236,-1.819545849498548
1237,-1.8200922553083154
1238,-1.820741149552175
1239,-1.821441016344148
1240,-1.8220481408018219
1241,-1.8224941534671981
1242,-1.8226306227411835
1243,-1.8223309046524772
1244,-1.821492264511175
1245,-1.8199872408129616
1246,-1.8178577638948479
1247,-1.815101857526738
1248,-1.8119387676711936
1249,-1.808455929761365
1250,-1.804969536452356
1251,-1.8016834748711745
1252,-1.7988437149398824
1253,-1.7966754487949959
1254,-1.79533164946867
1255,-1.7949075448792167
1256,-1.7954342899120088
1257,-1.796833141109119
1258,-1.7989584867019979
1259,-1.8016179544885467
1260,-1.8044715904592936
1261,-1.8072373888180946
1262,-1.8095936879903514
1263,-1.8112106270173065
1264,-1.8118656374233477
1265,-1.811465247538292
1266,-1.8099898825757585
1267,-1.8075415712887803
1268,-1.8043919040913807
1269,-1.8007543001244786
1270,-1.7969706222906163
1271,-1.7933069041190288
1272,-1.7899706549752235
1273,-1.7871697978189554
1274,-1.7849851674706823
1275,-1.7834964800126925
1276,-1.7826193429646102
1277,-1.7822843454145234
1278,-1.7824324041712916
1279,-1.782895518285944
1280,-1.7835548799175525
1281,-1.7842982439812014
1282,-1.785043374269858
1283,-1.7857659100902372
1284,-1.7864201136088838
1285,-1.7870138695983202
1286,-1.7875557033562401
1287,-1.7880653984138515
1288,-1.7885207139233261
1289,-1.7888666479785977
1290,-1.789051956921836
1291,-1.7889506332427165
1292,-1.7884427022658795
1293,-1.7874269506829639
1294,-1.7857881201110293
1295,-1.7834863009058213
1296,-1.7805629189313918
1297,-1.7771641731940586
1298,-1.7733858675621132
1299,-1.7695256268809842
1300,-1.7658722157232274
1301,-1.7626546972025492
1302,-1.7601732463225523
1303,-1.7585627334866485
1304,-1.7580313842434279
1305,-1.7585955425115465
1306,-1.7601995718012942
1307,-1.7627357587438035
1308,-1.7659647405980832
1309,-1.7695625841353149
1310,-1.7731372194588393
1311,-1.7762893077703383
1312,-1.7786233863025322
1313,-1.7797957701898803
1314,-1.7796110518388941
1315,-1.7779972530728163
1316,-1.7750810711042138
1317,-1.7711265942945273
1318,-1.7664781881231943
1319,-1.7615591096360088
1320,-1.7567443932133975
1321,-1.7523670944015257
1322,-1.7487226996247969
1323,-1.745979555498173
1324,-1.744204142452873
1325,-1.7434049860239509
1326,-1.7434358705088
1327,-1.744199477905414
1328,-1.7454868725467951
1329,-1.7470668315262525
1330,-1.7487394121163624
1331,-1.7503152395613346
1332,-1.7516971541964625
1333,-1.752795586607611
1334,-1.7535694014698169
1335,-1.7540414802013997
1336,-1.7542909693420456
1337,-1.7543228484672087
1338,-1.7541431562755943
1339,-1.7537801163223243
1340,-1.7531317191920954
1341,-1.752144413140596
1342,-1.750707872216005
1343,-1.748753332506333
1344,-1.7461780762995325
1345,-1.7430331922813835
1346,-1.7393868383023883
1347,-1.7354099762847377
1348,-1.7313245162101003
1349,-1.727425549847439
1350,-1.723976417038843
1351,-1.7213030569067265
1352,-1.7196266367400128
1353,-1.7191242774710256
1354,-1.7199217259660058
1355,-1.721946301487678
1356,-1.725108905344573
1357,-1.7291109651830112
1358,-1.7336325105376253
1359,-1.7381385225458932
1360,-1.7421274007372174
1361,-1.7450789753950002
1362,-1.746555666506175
1363,-1.7462369145796868
1364,-1.7440597714516817
1365,-1.7402403046601442
1366,-1.73505984337644
1367,-1.7290607620999665
1368,-1.7227472205225214
1369,-1.7166427008293328
1370,-1.7112137375097087
1371,-1.706806290145404
1372,-1.7036150803771297
1373,-1.7017696014158028
1374,-1.7012398674308136
1375,-1.7019232985564439
1376,-1.7035818532769822
1377,-1.7059696907860542
1378,-1.7087798401239092
1379,-1.7116583427652046
1380,-1.7143582706148883
1381,-1.7166145066843486
1382,-1.718292698079789
1383,-1.7193073570533044
1384,-1.719701723079002
1385,-1.7195138412333442
1386,-1.7188621424610866
1387,-1.7178428393559748
1388,-1.7165324145509913
1389,-1.7149453114906
1390,-1.713051992752373
1391,-1.7108147966029144
1392,-1.7081548824016337
1393,-1.7050347791517177
1394,-1.7014608043559005
1395,-1.6975115274984747
1396,-1.6933396849265354
1397,-1.6891578647194572
1398,-1.6852701470628373
1399,-1.6819738500409713
1400,-1.6795653989373864
1401,-1.6782827116429249
1402,-1.6783465571443312
1403,-1.6798181921513209
1404,-1.68270195741163
1405,-1.6868183040134603
1406,-1.69187262966192
1407,-1.6973973878617696
1408,-1.7028238204225496
1409,-1.7075098342019204
1410,-1.7107647635308105
1411,-1.7120231436660376
1412,-1.7109557280988934
1413,-1.707535779072191
1414,-1.702004264653778
1415,-1.6949186392731954
1416,-1.68695863140448
1417,-1.6788548609365037
1418,-1.6712903408649578
1419,-1.6648262973729957
1420,-1.6598446961495326
1421,-1.6566344719104729
1422,-1.6552740683687015
1423,-1.6556881935752232
1424,-1.6577132127339305
1425,-1.6610265613008797
1426,-1.6652209378321616
1427,-1.6698526679512982
1428,-1.6744127215911977
1429,-1.6784701337209054
1430,-1.6816595580269886
1431,-1.683723525877611
1432,-1.6846197694825844
1433,-1.6843619344008878
1434,-1.683141143003208
1435,-1.681149487274046
1436,-1.6786601415211544
1437,-1.6758293640670592
1438,-1.6727724779145554
1439,-1.6695526702507504
1440,-1.6661792143857022
1441,-1.662606769102552
1442,-1.6588112879988406
1443,-1.6547744118121375
1444,-1.6505914146255838
1445,-1.6463901452006744
1446,-1.6424318334621766
1447,-1.6389366091873978
1448,-1.6362890596007544
1449,-1.634732326679451
1450,-1.6345701662883076
1451,-1.6359327728913564
1452,-1.6389137477072457
1453,-1.6434196652253992
1454,-1.6492002528825052
1455,-1.655780151332465
1456,-1.6625553871392396
1457,-1.6687285225142048
1458,-1.6734108286877616
1459,-1.6758318555470983
1460,-1.6754085685436448
1461,-1.6719135559474707
1462,-1.66559955931023
1463,-1.6570519173411313
1464,-1.647137794730625
1465,-1.636808307246598
1466,-1.626972197718634
1467,-1.6183723497146807
1468,-1.6115949895601334
1469,-1.6070265420986574
1470,-1.6048541630148436
1471,-1.6051274080213618
1472,-1.6076771650491133
1473,-1.6122076729916035
1474,-1.618262037120281
1475,-1.6252308949672964
1476,-1.6324171261714064
1477,-1.6390874309937278
1478,-1.6445288874895998
1479,-1.648217870505334
1480,-1.6498617459626195
1481,-1.6494228162258207
1482,-1.6471365894425645
1483,-1.6434324876252415
1484,-1.6387534994525463
1485,-1.6336180993026144
1486,-1.6283899054775113
1487,-1.623295541253947
1488,-1.618478811205047
1489,-1.6139566510305694
1490,-1.6096793717858555
1491,-1.6055992941555108
1492,-1.6016696102554056
1493,-1.5979568567652396
1494,-1.5945447814231846
1495,-1.591643529846984
1496,-1.5895163152740095
1497,-1.5884582687670454
1498,-1.5887424152203524
1499,-1.590608977685757
1500,-1.5941897540048955
1501,-1.5994405476973308
1502,-1.6061824351746317
1503,-1.613940730703678
1504,-1.6220466401393383
1505,-1.6295455335017233
1506,-1.6353217388473626
1507,-1.6382925258526977
1508,-1.6376136435690567
1509,-1.63297207751139
1510,-1.6246266973298535
1511,-1.6134189636367704
1512,-1.600529875275492
1513,-1.5872703429711326
1514,-1.5748018076044208
1515,-1.5640991360805498
1516,-1.5558711331890471
1517,-1.550600263044186
1518,-1.5485193575177465
1519,-1.5496724750912618
1520,-1.553887875068479
1521,-1.560813924449777
1522,-1.5698696977291589
1523,-1.580256774256153
1524,-1.5909694834057613
1525,-1.600905076829603
1526,-1.6089199960785296
1527,-1.6140715670087618
1528,-1.6158258950286184
1529,-1.6141111741905931
1530,-1.6093907638238725
1531,-1.602452462559717
1532,-1.5942014934763409
1533,-1.5855060393265688
1534,-1.577069110233968
1535,-1.5693609964152513
1536,-1.5626419466226964
1537,-1.5569709538971177
1538,-1.552299729622032
1539,-1.5484664655161025
1540,-1.545330442965604
1541,-1.5427950828756245
1542,-1.5408259850003156
1543,-1.539503766669863
1544,-1.5390052923379296
1545,-1.5395878085103325
1546,-1.5414826488754325
1547,-1.5449543392537313
1548,-1.5501146506389731
1549,-1.5569625144603239
1550,-1.5652290436326517
1551,-1.5743725927381704
1552,-1.583490710398596
1553,-1.5913795331454268
1554,-1.5967082233055623
1555,-1.5981113354806313
1556,-1.5947628267651086
1557,-1.586528669242914
1558,-1.5741027562308543
1559,-1.5587959172939485
1560,-1.542211739275284
1561,-1.5259370878770142
1562,-1.511318154995127
1563,-1.4994067480311843
1564,-1.4909229150778391
1565,-1.4863584432658778
1566,-1.4859535794355667
1567,-1.4897597630881203
1568,-1.497578553034548
1569,-1.508950768730472
1570,-1.5231324775227584
1571,-1.5389638395964815
1572,-1.554884939590091
1573,-1.5689729351169992
1574,-1.5792713578257187
1575,-1.5842115524205613
1576,-1.5831118655321972
1577,-1.5764259544099897
1578,-1.5654746809992595
1579,-1.5520088899213498
1580,-1.5377702198067909
1581,-1.5241316832014762
1582,-1.512016031063449
1583,-1.5019651948582171
1584,-1.4941591220120358
1585,-1.4885416360269372
1586,-1.4848713573892884
1587,-1.482832057074543
1588,-1.482079354058497
1589,-1.4823194939484114
1590,-1.4833435513256448
1591,-1.4850891498697538
1592,-1.4876167603188881
1593,-1.491104715663659
1594,-1.4958190718798963
1595,-1.5019615203164265
1596,-1.5096361799283964
1597,-1.518727336750383
1598,-1.528747137537364
1599,-1.5388233422140711
1600,-1.547620573984176
1601,-1.5534479103154086
1602,-1.5546494804518247
1603,-1.5500166008810563
1604,-1.5393628810907751
1605,-1.5235711444764446
1606,-1.504394123844281
1607,-1.4838883895163764
1608,-1.464014178441228
1609,-1.446377088971023
1610,-1.432151586407646
1611,-1.4221778265259393
1612,-1.4169850932201355
1613,-1.4169018086105163
1614,-1.4220415842965377
1615,-1.4323318801357101
1616,-1.4474546924185405
1617,-1.466679350248786
1618,-1.4887505136108397
1619,-1.5116795643467702
1620,-1.5326335467808456
1621,-1.5482240862108407
1622,-1.5553559426805548
1623,-1.552499324784197
1624,-1.5404262112549545
1625,-1.521769664431152
1626,-1.499890501049917
1627,-1.4777233886486396
1628,-1.4573998554106224
1629,-1.4402062155609578
1630,-1.4267983182652069
1631,-1.4173418760227738
1632,-1.41169117900912
1633,-1.4094564255183737
1634,-1.4101346021014671
1635,-1.4131017142342504
1636,-1.417700018403676
1637,-1.4233572602984284
1638,-1.4295889402154174
1639,-1.436146317039588
1640,-1.4429571413275046
1641,-1.4501345897712237
1642,-1.457886980780268
1643,-1.4663723449960906
1644,-1.4755333761695277
1645,-1.4849617169389253
1646,-1.4937750271464387
1647,-1.5005495103769917
1648,-1.5035306979528162
1649,-1.5010284860231773
1650,-1.4919891772497493
1651,-1.4765531297666423
1652,-1.456090091102658
1653,-1.4327362868407953
1654,-1.4088284219525307
1655,-1.3864602800375152
1656,-1.3672746173761305
1657,-1.352488725895481
1658,-1.3429494801153372
1659,-1.3392724044598951
1660,-1.3418640325902482
1661,-1.350968279935825
1662,-1.3666576498332916
1663,-1.3886986404211885
1664,-1.4163465094668333
1665,-1.4479874902997307
1666,-1.4804915797357223
1667,-1.5088957058915193
1668,-1.526868204123509
1669,-1.5292297654421936
1670,-1.5151544288356353
1671,-1.4887809182666187
1672,-1.4563408354241045
1673,-1.4232875587947547
1674,-1.3931208572309421
1675,-1.367736879859346
1676,-1.34794887565452
1677,-1.3339641980961285
1678,-1.3256253061761667
1679,-1.3225529904319042
1680,-1.3242096235381158
1681,-1.3299159953895752
1682,-1.3388684136672613
1683,-1.3501548417153502
1684,-1.362809475806862
1685,-1.3758965907611835
1686,-1.3886472579049953
1687,-1.40052338239351
1688,-1.411273070976976
1689,-1.4208697687171905
1690,-1.4293905086803456
1691,-1.436719014967698
1692,-1.4423941581738873
1693,-1.4455151008332054
1694,-1.4447358563937829
1695,-1.438708259757158
1696,-1.4265642836400598
1697,-1.4084474010838735
1698,-1.3856046055298206
1699,-1.3600239909497311
1700,-1.333966394138716
1701,-1.3094955845532854
1702,-1.2883045663617114
1703,-1.2716895125944399
1704,-1.260631482476233
1705,-1.2558610340796408
1706,-1.2580119114907953
1707,-1.267584138592631
1708,-1.2850335114367997
1709,-1.3106620308198442
1710,-1.3444319736412935
1711,-1.3854363114113903
1712,-1.4308603315255408
1713,-1.474251974343447
1714,-1.504441530524171
1715,-1.509403535088708
1716,-1.4859705372633032
1717,-1.4431711415707646
1718,-1.3935658347449997
1719,-1.3459314661444304
1720,-1.3046216002321325
1721,-1.2712926914899154
1722,-1.2463208040318554
1723,-1.2295246138915892
1724,-1.2205124171661985
1725,-1.2187843659613553
1726,-1.2237663312246003
1727,-1.2347635057055293
1728,-1.2509315296110615
1729,-1.2711648706559289
1730,-1.2940517702662004
1731,-1.317850865466713
1732,-1.3405845971349963
1733,-1.3602945248811529
1734,-1.3754479196115657
1735,-1.3852892978945235
1736,-1.389871074977977
1737,-1.3897841928251102
1738,-1.385679138107679
1739,-1.3779407640465096
1740,-1.366551285394173
1741,-1.3513268923236215
1742,-1.3322354724687082
1743,-1.309688982616913
1744,-1.2846666151703057
1745,-1.2586176088088172
1746,-1.2332020915323427
1747,-1.2100527961599714
1748,-1.190613851521803
1749,-1.1761114778060124
1750,-1.1675646653880847
1751,-1.1658584877612366
1752,-1.1718077152800275
1753,-1.186216883028284
1754,-1.2099153881996303
1755,-1.243715916078302
1756,-1.2881075514665152
1757,-1.3425315962100401
1758,-1.4031629145675986
1759,-1.4585460193792885
1760,-1.4868230638888418
1761,-1.469700362583776
1762,-1.415351070149187
1763,-1.3472764411597338
1764,-1.2817516666877191
1765,-1.2253757119592343
1766,-1.1798619014688672
1767,-1.1451528234465789
1768,-1.1207062651543425
1769,-1.1059261256408601
1770,-1.1003034535439709
1771,-1.1034245680520578
1772,-1.1149262007141603
1773,-1.1344374818503489
1774,-1.1614150879253498
1775,-1.1949288528542223
1776,-1.2332683843170646
1777,-1.2734728574004162
1778,-1.310914790631863
1779,-1.3397131149483041
1780,-1.3546862513289475
1781,-1.354113685238068
1782,-1.3406731150036322
1783,-1.3192980095731284
1784,-1.2944918281002042
1785,-1.2690830459539304
1786,-1.2443075337105491
1787,-1.2203738352212057
1788,-1.1970464219272192
1789,-1.1741073162335849
1790,-1.1516177830624985
1791,-1.1300494647783033
1792,-1.1102149997900155
1793,-1.0931409615574537
1794,-1.0799638084965673
1795,-1.0718041349082428
1796,-1.069794209786989
1797,-1.0750569499062141
1798,-1.0888037284138723
1799,-1.1123420693320012
1800,-1.1471985974171337
1801,-1.1949795332962498
1802,-1.2568840940641453
1803,-1.331512432142594
1804,-1.4077490894024405
1805,-1.4525049814452125
1806,-1.4278119895703871
1807,-1.3486867065199397
1808,-1.2574358307135478
1809,-1.1755240476541424
1810,-1.1081925987361667
1811,-1.0553446629080951
1812,-1.0157445153989335
1813,-0.9881876643510477
1814,-0.9717463873865575
1815,-0.9658034238339541
1816,-0.970022678555914
1817,-0.9842967620207701
1818,-1.0087122686889234
1819,-1.043419342494985
1820,-1.0884448443950125
1821,-1.1431373504593274
1822,-1.2049070017484047
1823,-1.2667601236374164
1824,-1.3146620052364755
1825,-1.331382409703677
1826,-1.3117813926459525
1827,-1.2686931409919866
1828,-1.2185719763929816
1829,-1.171178542124924
1830,-1.130196085873293
1831,-1.09615624118425
1832,-1.0682811475534808
1833,-1.0453481419475863
1834,-1.0261174883659148
1835,-1.009588849966812
1836,-0.9951439539190967
1837,-0.9826429421456854
1838,-0.9724240112832621
1839,-0.9652330240167241
1840,-0.9621261369106324
1841,-0.9643762527778588
1842,-0.973412996804287
1843,-0.9908164178486112
1844,-1.0183840607514065
1845,-1.0581975113619733
1846,-1.1126044517234572
1847,-1.1835272332686788
1848,-1.2689759763003945
1849,-1.3502324465596134
1850,-1.374204110018821
1851,-1.3084809926156422
1852,-1.2022508393594322
1853,-1.1001731381741835
1854,-1.0147288099852942
1855,-0.9465201627056948
1856,-0.8937780771843531
1857,-0.8547562692047459
1858,-0.8281670723702296
1859,-0.8132070239844024
1860,-0.8094911456371261
1861,-0.8170276895802736
1862,-0.836212348676761
1863,-0.8678504332120607
1864,-0.9132037414977001
1865,-0.9740025205505479
1866,-1.0520376938082499
1867,-1.1470756083216964
1868,-1.2482476675942518
1869,-1.3139944850861542
1870,-1.2919126334365143
1871,-1.2077679793227662
1872,-1.1164269950680807
1873,-1.0388566150468577
1874,-0.9776110724236717
1875,-0.9307067699405731
1876,-0.8955726090265452
1877,-0.8698631294459653
1878,-0.8515391429067283
1879,-0.8388563593359178
1880,-0.830335880799674
1881,-0.8248303001004768
1882,-0.8216308045407065
1883,-0.8205707348728067
1884,-0.822065282190011
1885,-0.8270835726655634
1886,-0.8370567516870808
1887,-0.8537841831166042
1888,-0.8794203117345517
1889,-0.9165335421357345
1890,-0.9681609139361473
1891,-1.0374659341988064
1892,-1.1250702210474093
1893,-1.2163936362051153
1894,-1.2530944101970014
1895,-1.182791534134313
1896,-1.0620772779828864
1897,-0.9473034174227621
1898,-0.8521251740883511
1899,-0.7761844251724409
1900,-0.7169624166997576
1901,-0.6722823140325903
1902,-0.6406180641552082
1903,-0.6210319657817358
1904,-0.6130993493774484
1905,-0.6168625420257307
1906,-0.6328574709678958
1907,-0.6622287754525427
1908,-0.7069599361797432
1909,-0.770331932152486
1910,-0.8577513770351639
1911,-0.9779170063428962
1912,-1.140388881898605
1913,-1.304229935345507
1914,-1.2560556339657463
1915,-1.0777800045675483
1916,-0.9312350508598274
1917,-0.8240346221396383
1918,-0.7454980494408655
1919,-0.6879388960455848
1920,-0.6464358787317852
1921,-0.617715386454484
1922,-0.5994108799961666
1923,-0.5896454647342433
1924,-0.5867972834740408
1925,-0.589404304664248
1926,-0.5961700436465256
1927,-0.606080038850572
1928,-0.6185697650633418
1929,-0.6336845955015867
1930,-0.6521976817986721
1931,-0.6756320709564355
1932,-0.7062360042120993
1933,-0.7469002889955316
1934,-0.800875461468775
1935,-0.8704814034741373
1936,-0.9512350226542812
1937,-1.0129709987118696
1938,-0.9932310507449575
1939,-0.89040771202494
1940,-0.7675949964166385
1941,-0.6572032434209324
1942,-0.5651642374328751
1943,-0.4903864694282323
1944,-0.43086482145479743
1945,-0.38496352769737474
1946,-0.3515896647418501
1947,-0.3301513338397646
1948,-0.32052629665380067
1949,-0.3230768565425363
1950,-0.33875245808624055
1951,-0.3693145697056467
1952,-0.4178221962352712
1953,-0.4896862786771027
1954,-0.5952525627165952
1955,-0.7573124790138998
1956,-1.0376891615708672
1957,-1.335898445780109
1958,-0.9248215144172072
1959,-0.6748711190227737
1960,-0.518460314966968
1961,-0.40958529315137865
1962,-0.33017475972939614
1963,-0.2715165945197785
1964,-0.22878518167804046
1965,-0.1990211759331315
1966,-0.18024969022332116
1967,-0.17102695713700017
1968,-0.1701972393145
1969,-0.17674149780726464
1970,-0.18967595414587868
1971,-0.20800233038606475
1972,-0.23071285562295207
1973,-0.2569061475332573
1974,-0.2860328443982658
1975,-0.31818925129964126
1976,-0.3542073064216326
1977,-0.39502410727415077
1978,-0.4392735834959042
1979,-0.4771302455052798
1980,-0.4824049924694889
1981,-0.42736040725849145
1982,-0.3223929050265262
1983,-0.20093031670348707
1984,-0.08339546465468263
1985,0.023551591717810978
1986,0.1189368619675581
1987,0.20348635825114836
1988,0.2782773541043257
1989,0.34433964946272055
1990,0.4025569032974811
1991,0.4536543034209067
1992,0.4982122401692405
1993,0.5366884316782036
1994,0.5694401386549535
1995,0.5967439378945429
1996,0.6188124295732443
1997,0.635806174574533
1998,0.647842142954867
1999,0.6549996806980777
2000,1.9128269925426364
2001,0.654820609311065
2002,0.6474650903658531
2003,0.6351892104701118
2004,0.6178860855942278
2005,0.5954119082564477
2006,0.5675910956420493
2007,0.5342218901086632
2008,0.4950765141681996
2009,0.4498965243179537
2010,0.3983818901502748
2011,0.3401805281355667
2012,0.27489401893155363
2013,0.2021092741668952
2014,0.12148036467034519
2015,0.03289016203316495
2016,-0.06324390435433133
2017,-0.16537579490837062
2018,-0.26968643932567143
2019,-0.3682417123788868
2020,-0.4476496747520576
2021,-0.49278722073338055
2022,-0.4975935292155033
2023,-0.47004520747141565
2024,-0.4236395010591253
2025,-0.3692455564244127
2026,-0.3138511042396606
2027,-0.2617710126158722
2028,-0.21566737149537252
2029,-0.17714221296558189
2030,-0.14713279834714119
2031,-0.1262038146460442
2032,-0.11477596306475087
2033,-0.11329745546835894
2034,-0.12238179156380882
2035,-0.1429475341767556
2036,-0.17639813612849709
2037,-0.22493974230607694
2038,-0.29218535320660033
2039,-0.384498421861275
2040,-0.5144432010242573
2041,-0.7122184863392993
2042,-1.0847579745972031
2043,-1.3443226992836772
2044,-0.8356070433692531
2045,-0.6121126082740611
2046,-0.47884171834504796
2047,-0.39101962851823724
2048,-0.3319612388555521
2049,-0.29375570288324687
2050,-0.2721495728431545
2051,-0.26472805279701705
2052,-0.2701547210431706
2053,-0.287826140691078
2054,-0.31771369202347116
2055,-0.3603142730077863
2056,-0.4166838505446533
2057,-0.4885577211572185
2058,-0.5785828305452696
2059,-0.6904880314786952
2060,-0.8279841303028248
2061,-0.9847563808750819
2062,-1.099773080048828
2063,-1.0716693579034304
2064,-0.9673507144162392
2065,-0.8705596252041983
2066,-0.7944676986848889
2067,-0.7343544338326782
2068,-0.6846081685119552
2069,-0.6413780914103763
2070,-0.6026796416185605
2071,-0.5680079562182764
2072,-0.5378005413889352
2073,-0.5129739256476966
2074,-0.4946342811786607
2075,-0.4839402282985711
2076,-0.48209640016889405
2077,-0.49042421274500403
2078,-0.510515198229871
2079,-0.5445259352684899
2080,-0.5956784039757572
2081,-0.6692969590658571
2082,-0.7751989994873516
2083,-0.9345551221652728
2084,-1.2053359432476365
2085,-1.6106020274088708
2086,-1.189601426861579
2087,-0.9240503412625244
2088,-0.7664242011706329
2089,-0.6614094274966984
2090,-0.5887145809108305
2091,-0.538978113617994
2092,-0.5072758601426384
2093,-0.4908502333403708
2094,-0.4882006813295029
2095,-0.4986685978357688
2096,-0.5222718271171146
2097,-0.5596925193545923
2098,-0.6124247327028032
2099,-0.6831819089231527
2100,-0.7768161337098456
2101,-0.9025311155585888
2102,-1.0799320351462647
2103,-1.3575964834168273
2104,-1.692265057020853
2105,-1.379235248137932
2106,-1.1468947966743797
2107,-1.009587914838499
2108,-0.9200261898442161
2109,-0.858207666180143
2110,-0.8138675769993604
2111,-0.780864706709421
2112,-0.7552113672968459
2113,-0.7343548480221269
2114,-0.7169227410221912
2115,-0.7026269044117492
2116,-0.692086877285473
2117,-0.6865618758874154
2118,-0.6877013422242648
2119,-0.697379672930107
2120,-0.7177530690612621
2121,-0.751523299241339
2122,-0.8025195809960315
2123,-0.8768912802666898
2124,-0.9859481607267929
2125,-1.154471325972203
2126,-1.4505555892529567
2127,-1.6992978304759323
2128,-1.284780414608532
2129,-1.046416918203841
2130,-0.8973353925027899
2131,-0.7948566288122076
2132,-0.7221387959211417
2133,-0.6711280152666026
2134,-0.6375387552430934
2135,-0.6190032912291241
2136,-0.6143081128453793
2137,-0.6230484487266968
2138,-0.6455238700160015
2139,-0.6827914507385168
2140,-0.7369455007617876
2141,-0.8117608443784016
2142,-0.9142427024623841
2143,-1.0587822265559206
2144,-1.2815983291360633
2145,-1.7163635207655727
2146,-1.7105154922858434
2147,-1.3176036098790713
2148,-1.1277364804106544
2149,-1.0131329162754072
2150,-0.9383105044451582
2151,-0.8885725412069625
2152,-0.8561636408305602
2153,-0.8361786813050304
2154,-0.825049233040055
2155,-0.8199745962582884
2156,-0.818863914231378
2157,-0.8204823827830401
2158,-0.8245922588495459
2159,-0.8319355778080386
2160,-0.8440900313193466
2161,-0.8633570356573946
2162,-0.8927816959981916
2163,-0.9364832801295346
2164,-1.0005080218445837
2165,-1.0950139723348276
2166,-1.2405097703667989
2167,-1.489776360979262
2168,-1.8661653131997267
2169,-1.4841580900293574
2170,-1.2064813304050306
2171,-1.0371774290498235
2172,-0.9213857282229191
2173,-0.8385502108310425
2174,-0.7791774931034303
2175,-0.7382754553236306
2176,-0.7130556355352664
2177,-0.7019938804732994
2178,-0.7044300375280846
2179,-0.7204234616712412
2180,-0.750764694802431
2181,-0.7971742412992298
2182,-0.8627340582509198
2183,-0.9528502713266482
2184,-1.0772140406162785
2185,-1.2528409251853951
2186,-1.48425375394956
2187,-1.5219637519448748
2188,-1.3115040412448262
2189,-1.1468588640982051
2190,-1.0361318586369108
2191,-0.9611633814133491
2192,-0.9112088974043375
2193,-0.8800292410461785
2194,-0.8636121549000959
2195,-0.8590583070655916
2196,-0.8640324074065361
2197,-0.8765156332747122
2198,-0.8947218372989818
2199,-0.9171816619703835
2200,-0.9429284153683949
2201,-0.9718985116666812
2202,-1.0053807392334002
2203,-1.046397207636427
2204,-1.1000406539403718
2205,-1.1744285974967357
2206,-1.2838100534304264
2207,-1.4600408038645254
2208,-1.8114590158406103
2209,-1.9987343866597667
2210,-1.4938254101454254
2211,-1.2504349001252257
2212,-1.0950506377208744
2213,-0.9850928955101239
2214,-0.9044848842711759
2215,-0.8455731066941994
2216,-0.8042527042971296
2217,-0.7782438683675394
2218,-0.7663622042241948
2219,-0.7682086493101041
2220,-0.7840643973788735
2221,-0.8149050891470115
2222,-0.8625771970457068
2223,-0.9301069656883502
2224,-1.0221082166047233
2225,-1.1442352138475718
2226,-1.2930247685738798
2227,-1.3974213626975982
2228,-1.3324303515194917
2229,-1.197024082107064
2230,-1.083310644397976
2231,-1.0001738349754872
2232,-0.9420821631829172
2233,-0.9039041330237484
2234,-0.8820474808705321
2235,-0.8740563817384446
2236,-0.8782318449004018
2237,-0.8933591742025437
2238,-0.9184919963324627
2239,-0.9527763879814408
2240,-0.9953032529981397
2241,-1.0451909631529144
2242,-1.1019757755645845
2243,-1.1664237978363459
2244,-1.2417871382545098
2245,-1.335766650330149
2246,-1.4651387540543062
2247,-1.6734613616281409
2248,-2.172502638409568
2249,-2.0181921068824393
2250,-1.5659346092975472
2251,-1.338476273374499
2252,-1.1866853766359189
2253,-1.0757999853499411
2254,-0.9921969623179128
2255,-0.9291856722162514
2256,-0.8831025950297156
2257,-0.8518827549832996
2258,-0.8344420212653035
2259,-0.8303935166716312
2260,-0.8399364820453128
2261,-0.8638534037716615
2262,-0.9035862925865569
2263,-0.9613588253643527
2264,-1.0400140074902045
2265,-1.141119802657566
2266,-1.2543616361684178
2267,-1.3251133135340496
2268,-1.2825867512993538
2269,-1.1770112306787297
2270,-1.0763889210102295
2271,-0.9978527000605808
2272,-0.9410341561764324
2273,-0.9030203030422825
2274,-0.8813035167574692
2275,-0.8741647382142359
2276,-0.8805521860926713
2277,-0.8999470988055716
2278,-0.932236093204946
2279,-0.977634667098178
2280,-1.0366989145775571
2281,-1.1105083544333152
2282,-1.2010864307066136
2283,-1.3123641631894287
2284,-1.4524615458382464
2285,-1.6407057611155835
2286,-1.9344444855342589
2287,-2.3367065054516556
2288,-1.898915140033245
2289,-1.6198654613273684
2290,-1.437559559101651
2291,-1.3011205375212684
2292,-1.1931256322639934
2293,-1.1060548811970834
2294,-1.0361020791102442
2295,-0.9811404987637428
2296,-0.940006354378079
2297,-0.912117340986506
2298,-0.8973066359092727
2299,-0.895773731560555
2300,-0.9080992562177135
2301,-0.9353475810498907
2302,-0.9791300415317025
2303,-1.0415140284288853
2304,-1.1239054576941694
2305,-1.2215553356538686
2306,-1.3048258653957359
2307,-1.309561851931634
2308,-1.2300592444693177
2309,-1.130375239876621
2310,-1.0444191484061558
2311,-0.9783659816303921
2312,-0.9310432067145299
2313,-0.9003919128278485
2314,-0.8848281709478067
2315,-0.8833987366153413
2316,-0.8957597202496377
2317,-0.922111987474789
2318,-0.9632286763907624
2319,-1.0206624219908855
2320,-1.0972003152194538
2321,-1.1978866412611813
2322,-1.332417696161472
2323,-1.5222417000326016
2324,-1.8282903873926972
2325,-2.287195893739118
2326,-1.8545563649014103
2327,-1.6080427155545691
2328,-1.4634682370285756
2329,-1.3620638514745864
2330,-1.2821965550002936
2331,-1.2143909025339605
2332,-1.154655353445399
2333,-1.1019483663885428
2334,-1.0567468732899508
2335,-1.0201252768095554
2336,-0.99323103050071
2337,-0.9770943801332188
2338,-0.9726865526769841
2339,-0.9811050805058349
2340,-1.003763344407587
2341,-1.0425271360429944
2342,-1.0995175186346762
2343,-1.175775318834218
2344,-1.2650767332002877
2345,-1.3355462104486169
2346,-1.3276117490712522
2347,-1.2436189948251444
2348,-1.1433092577884572
2349,-1.0569240851205932
2350,-0.9901742535658178
2351,-0.9421275853734112
2352,-0.9109617502391979
2353,-0.8952444217607306
2354,-0.8941287711364054
2355,-0.9073323051121336
2356,-0.9351628628118757
2357,-0.9786334888640635
2358,-1.039742907263904
2359,-1.122010699137515
2360,-1.2314574356004198
2361,-1.378113520028853
2362,-1.5733768029824458
2363,-1.76094012620309
2364,-1.695936074629135
2365,-1.529589716969219
2366,-1.4059910588272122
2367,-1.3209706629133993
2368,-1.261167132834896
2369,-1.2171387736239532
2370,-1.182245307140871
2371,-1.1520962711533387
2372,-1.1245485503387398
2373,-1.0996044589991545
2374,-1.0786723601400547
2375,-1.0637524238218934
2376,-1.05692158516276
2377,-1.060253157112181
2378,-1.0759629666120798
2379,-1.1065599517737998
2380,-1.154867536444307
2381,-1.2234957404694027
2382,-1.3114255075315249
2383,-1.3993283461821453
2384,-1.4249839371849644
2385,-1.3507816064222973
2386,-1.238431918005758
2387,-1.1361960883669129
2388,-1.0548699736494365
2389,-0.9938850278995182
2390,-0.951009753480492
2391,-0.9244159670065054
2392,-0.9129592040420627
2393,-0.916142975211466
2394,-0.9341053454749262
2395,-0.9676492984037964
2396,-1.0183854215329822
2397,-1.0888853622769472
2398,-1.1827678469012524
2399,-1.3033100560605153
2400,-1.443204815169971
2401,-1.5431208611281018
2402,-1.510487739535718
2403,-1.407635662373384
2404,-1.3148939029075755
2405,-1.2474459375144975
2406,-1.2022155594262711
2407,-1.1739884371086051
2408,-1.1578847685253564
2409,-1.149586050297821
2410,-1.1455365133972426
2411,-1.1432452755529319
2412,-1.141629546635263
2413,-1.14113245743243
2414,-1.143693864311966
2415,-1.152388693445507
2416,-1.1709841312856968
2417,-1.203609228805074
2418,-1.254657061366122
2419,-1.3282639477020284
2420,-1.423938318056234
2421,-1.5141623461242546
2422,-1.5129106725310326
2423,-1.4032613633444802
2424,-1.274692649869976
2425,-1.16693422548399
2426,-1.0837753815730837
2427,-1.022250267982549
2428,-0.9793294695355317
2429,-0.9529067876412224
2430,-0.9417196213944321
2431,-0.9452455065790555
2432,-0.9636005732311558
2433,-0.9975602310373597
2434,-1.0485397697052066
2435,-1.1184682437468134
2436,-1.2088590791200025
2437,-1.3161762898081437
2438,-1.4152207982031035
2439,-1.4440732378245762
2440,-1.384938414934107
2441,-1.2993292830713474
2442,-1.225980986926714
2443,-1.1729074714603223
2444,-1.1389675292958208
2445,-1.1214409484491248
2446,-1.1176358937972783
2447,-1.1250952359967348
2448,-1.1413051392768017
2449,-1.163490340623558
2450,-1.1888037685352213
2451,-1.2151954786167865
2452,-1.242620823716259
2453,-1.273675006996216
2454,-1.3131874645728514
2455,-1.3676876721731668
2456,-1.4452366887593862
2457,-1.5538462621061884
2458,-1.6805776383192033
2459,-1.7049991695881745
2460,-1.5575676519972597
2461,-1.3919260518139964
2462,-1.2602890747963171
2463,-1.1603891610610881
2464,-1.0857764205704918
2465,-1.0318628136781731
2466,-0.9958351960916737
2467,-0.9760887842734824
2468,-0.9718747733117626
2469,-0.9831128287917608
2470,-1.0103076909037934
2471,-1.054474173031924
2472,-1.1167934333279645
2473,-1.1973499598205348
2474,-1.290116432113514
2475,-1.3696025970051875
2476,-1.3875704916691964
2477,-1.3352833166479532
2478,-1.2593014331544574
2479,-1.1918471534773754
2480,-1.141784545262161
2481,-1.109510614025127
2482,-1.0936137954999257
2483,-1.0926658985260929
2484,-1.10548222424555
2485,-1.1309668030322768
2486,-1.1678066677949657
2487,-1.2143687138334347
2488,-1.2688116938749925
2489,-1.3295945054799827
2490,-1.3964992865425856
2491,-1.472160264483906
2492,-1.5644645927609446
2493,-1.6903044850243616
2494,-1.8786455953051293
2495,-2.058349420688671
2496,-1.8439018710034236
2497,-1.5953582280318184
2498,-1.4199864411840781
2499,-1.2924255571068346
