0,0
1,0
2,0
3,0
4,0
5,0
6,0
7,0
8,0
9,0
10,0
11,0
12,0
13,0
14,0
15,0
16,0
17,0
18,0
19,0
20,0
21,0
22,0
23,0
24,0
25,0
26,0
27,0
28,0
29,0
30,0
31,0
32,0
33,0
34,0
35,0
36,0
37,0
38,0
39,0
40,0
41,0
42,0
43,0
44,0
45,0
46,0
47,0
48,0
49,0
50,0
51,0
52,0
53,0
54,0
55,0
56,0
57,0
58,0
59,0
60,0
61,0
62,0
63,0
64,0
65,0
66,0
67,0
68,0
69,0
70,0
71,0
72,0
73,0
74,0
75,0
76,0
77,0
78,0
79,0
80,0
81,0
82,0
83,0
84,0
85,0
86,0
87,0
88,0
89,0
90,0
91,0
92,0
93,0
94,0
95,0
96,0
97,0
98,0
99,0
100,0
101,0
102,0
103,0
104,0
105,0
106,0
107,0
108,0
109,0
110,0
111,0
112,0
113,0
114,0
115,0
116,0
117,0
118,0
119,0
120,0
121,0
122,0
123,0
124,0
125,0
126,0
127,0
128,0
129,0
130,0
131,0
132,0
133,0
134,0
135,0
136,0
137,0
138,0
139,0
140,0
141,0
142,0
143,0
144,0
145,0
146,0
147,0
148,0
149,0
150,0
151,0
152,0
153,0
154,0
155,0
156,0
157,0
158,0
159,0
160,0
161,0
162,0
163,0
164,0
165,0
166,0
167,0
168,0
169,0
170,0
171,0
172,0
173,0
174,0
175,0
176,0
177,0
178,0
179,0
180,0
181,0
182,0
183,0
184,0
185,0
186,0
187,0
188,0
189,0
190,0
191,0
192,0
193,0
194,0
195,0
196,0
197,0
198,0
199,0
200,0
201,0
202,0
203,0
204,0
205,0
206,0
207,0
208,0
209,0
210,0
211,0
212,0
213,0
214,0
215,0
216,0
217,0
218,0
219,0
220,0
221,0
222,0
223,0
224,0
225,0
226,0
227,0
228,0
229,0
230,0
231,0
232,0
233,0
234,0
235,0
236,0
237,0
238,0
239,0
240,0
241,0
242,0
243,0
244,0
245,0
246,0
247,0
248,0
249,0
250,0
251,0
252,0
253,0
254,0
255,0
256,0
257,0
258,0
259,0
260,0
261,0
262,0
263,0
264,0
265,0
266,0
267,0
268,0
269,0
270,0
271,0
272,0
273,0
274,0
275,0
276,0
277,0
278,0
279,0
280,0
281,0
282,0
283,0
284,0
285,0
286,0
287,0
288,0
289,0
290,0
291,0
292,0
293,0
294,0
295,0
296,0
297,0
298,0
299,0
300,0
301,0
302,0
303,0
304,0
305,0
306,0
307,0
308,0
309,0
310,0
311,0
312,0
313,0
314,0
315,0
316,0
317,0
318,0
319,0
320,0
321,0
322,0
323,0
324,0
325,0
326,0
327,0
328,0
329,0
330,0
331,0
332,0
333,0
334,0
335,0
336,0
337,0
338,0
339,0
340,0
341,0
342,0
343,0
344,0
345,0
346,0
347,0
348,0
349,0
350,0
351,0
352,0
353,0
354,0
355,0
356,0
357,0
358,0
359,0
360,0
361,0
362,0
363,0
364,0
365,0
366,0
367,0
368,0
369,0
370,0
371,0
372,0
373,0
374,0
375,0
376,0
377,0
378,0
379,0
380,0
381,0
382,0
383,0
384,0
385,0
386,0
387,0
388,0
389,0
390,0
391,0
392,0
393,0
394,0
395,0
396,0
397,0
398,0
399,0
400,0
401,0
402,0
403,0
404,0
405,0
406,0
407,0
408,0
409,0
410,0
411,0
412,0
413,0
414,0
415,0
416,0
417,0
418,0
419,0
420,0
421,0
422,0
423,0
424,0
425,0
426,0
427,0
428,1.60785e-257
429,6.91219e-255
430,1.66815e-252
431,2.91679e-250
432,4.03977e-248
433,4.63547e-246
434,4.53535e-244
435,3.86386e-242
436,2.91331e-240
437,1.96947e-238
438,1.20644e-236
439,6.75566e-235
440,3.48368e-233
441,1.66472e-231
442,7.41172e-230
443,3.08896e-228
444,1.21006e-226
445,4.47183e-225
446,1.56404e-223
447,5.19228e-222
448,1.64039e-220
449,4.94359e-219
450,1.42423e-217
451,3.93014e-216
452,1.04067e-214
453,2.64856e-213
454,6.48884e-212
455,1.53249e-210
456,3.4936e-209
457,7.69707e-208
458,1.64078e-206
459,3.38773e-205
460,6.78172e-204
461,1.31749e-202
462,2.48611e-201
463,4.56054e-200
464,8.13915e-199
465,1.41426e-197
466,2.39429e-196
467,3.95193e-195
468,6.36357e-194
469,1.00027e-192
470,1.53568e-191
471,2.30408e-190
472,3.3801e-189
473,4.85081e-188
474,6.81333e-187
475,9.3705e-186
476,1.26245e-184
477,1.66685e-183
478,2.15767e-182
479,2.73935e-181
480,3.41229e-180
481,4.17191e-179
482,5.00801e-178
483,5.90447e-177
484,6.83944e-176
485,7.78608e-175
486,8.71376e-174
487,9.58973e-173
488,1.03811e-171
489,1.10568e-170
490,1.159e-169
491,1.19595e-168
492,1.21513e-167
493,1.21596e-166
494,1.19867e-165
495,1.16429e-164
496,1.11456e-163
497,1.05174e-162
498,9.78527e-162
499,8.978e-161
500,8.12481e-160
501,7.25363e-159
502,6.38978e-158
503,5.55497e-157
504,4.76671e-156
505,4.03803e-155
506,3.37758e-154
507,2.78996e-153
508,2.27621e-152
509,1.83449e-151
510,1.46074e-150
511,1.14934e-149
512,8.93719e-149
513,6.86897e-148
514,5.21891e-147
515,3.92033e-146
516,2.91189e-145
517,2.13891e-144
518,1.55391e-143
519,1.11669e-142
520,7.93889e-142
521,5.58417e-141
522,3.88667e-140
523,2.6771e-139
524,1.82502e-138
525,1.23149e-137
526,8.22618e-137
527,5.44022e-136
528,3.56227e-135
529,2.30979e-134
530,1.48318e-133
531,9.4326e-133
532,5.9419e-132
533,3.70779e-131
534,2.29212e-130
535,1.40388e-129
536,8.51983e-129
537,5.12359e-128
538,3.05349e-127
539,1.80357e-126
540,1.05588e-125
541,6.12743e-125
542,3.52497e-124
543,2.01038e-123
544,1.13678e-122
545,6.3736e-122
546,3.54349e-121
547,1.95365e-120
548,1.06822e-119
549,5.79294e-119
550,3.11598e-118
551,1.66254e-117
552,8.79957e-117
553,4.62049e-116
554,2.40702e-115
555,1.24411e-114
556,6.38053e-114
557,3.24709e-113
558,1.63983e-112
559,8.21851e-112
560,4.08791e-111
561,2.01812e-110
562,9.88907e-110
563,4.81002e-109
564,2.32245e-108
565,1.1132e-107
566,5.29724e-107
567,2.50265e-106
568,1.17393e-105
569,5.46763e-105
570,2.52866e-104
571,1.16128e-103
572,5.29611e-103
573,2.39868e-102
574,1.07895e-101
575,4.82015e-101
576,2.13881e-100
577,9.42657e-100
578,4.12689e-99
579,1.79472e-98
580,7.75347e-98
581,3.32763e-97
582,1.41883e-96
583,6.0104e-96
584,2.52969e-95
585,1.05788e-94
586,4.39574e-94
587,1.81496e-93
588,7.4466e-93
589,3.03613e-92
590,1.23018e-91
591,4.95357e-91
592,1.98237e-90
593,7.88465e-90
594,3.11692e-89
595,1.2247e-88
596,4.78306e-88
597,1.85682e-87
598,7.16534e-87
599,2.74864e-86
600,1.04816e-85
601,3.97355e-85
602,1.49756e-84
603,5.61122e-84
604,2.09031e-83
605,7.74203e-83
606,2.85105e-82
607,1.04393e-81
608,3.80072e-81
609,1.37594e-80
610,4.95323e-80
611,1.77312e-79
612,6.31197e-79
613,2.23448e-78
614,7.86659e-78
615,2.75425e-77
616,9.59047e-77
617,3.32128e-76
618,1.14396e-75
619,3.91892e-75
620,1.33531e-74
621,4.52553e-74
622,1.52559e-73
623,5.11557e-73
624,1.70628e-72
625,5.66133e-72
626,1.86855e-71
627,6.13506e-71
628,2.00387e-70
629,6.51131e-70
630,2.10485e-69
631,6.76924e-69
632,2.16586e-68
633,6.89451e-68
634,2.18356e-67
635,6.88061e-67
636,2.15722e-66
637,6.72942e-66
638,2.08873e-65
639,6.45089e-65
640,1.98242e-64
641,6.06201e-64
642,1.84456e-63
643,5.58509e-63
644,1.68282e-62
645,5.04568e-62
646,1.50552e-61
647,4.47037e-61
648,1.32099e-60
649,3.88471e-60
650,1.13692e-59
651,3.31147e-59
652,9.5992e-59
653,2.76937e-58
654,7.9518e-58
655,2.27245e-57
656,6.46359e-57
657,1.82983e-56
658,5.15596e-56
659,1.44603e-55
660,4.03665e-55
661,1.12162e-54
662,3.1021e-54
663,8.54003e-54
664,2.34024e-53
665,6.38358e-53
666,1.73332e-52
667,4.68495e-52
668,1.26053e-51
669,3.37616e-51
670,9.00169e-51
671,2.38924e-50
672,6.313e-50
673,1.66056e-49
674,4.34835e-49
675,1.13357e-48
676,2.94192e-48
677,7.60109e-48
678,1.95519e-47
679,5.00695e-47
680,1.27654e-46
681,3.24024e-46
682,8.18849e-46
683,2.06025e-45
684,5.16093e-45
685,1.28716e-44
686,3.19624e-44
687,7.90223e-44
688,1.94522e-43
689,4.76758e-43
690,1.16344e-42
691,2.82688e-42
692,6.83903e-42
693,1.64743e-41
694,3.95137e-41
695,9.4367e-41
696,2.24403e-40
697,5.31342e-40
698,1.25274e-39
699,2.94098e-39
700,6.87495e-39
701,1.60028e-38
702,3.70916e-38
703,8.56071e-38
704,1.96744e-37
705,4.50248e-37
706,1.02604e-36
707,2.32831e-36
708,5.2612e-36
709,1.18385e-35
710,2.65265e-35
711,5.91881e-35
712,1.31512e-34
713,2.90985e-34
714,6.41141e-34
715,1.40675e-33
716,3.07371e-33
717,6.6879e-33
718,1.44911e-32
719,3.12679e-32
720,6.71866e-32
721,1.43765e-31
722,3.06348e-31
723,6.50079e-31
724,1.37375e-30
725,2.89096e-30
726,6.05854e-30
727,1.26441e-29
728,2.62785e-29
729,5.43885e-29
730,1.12101e-28
731,2.30094e-28
732,4.70324e-28
733,9.57381e-28
734,1.94074e-27
735,3.91782e-27
736,7.87622e-27
737,1.57683e-26
738,3.14374e-26
739,6.2417e-26
740,1.23411e-25
741,2.42994e-25
742,4.76463e-25
743,9.30367e-25
744,1.80913e-24
745,3.50327e-24
746,6.75563e-24
747,1.29731e-23
748,2.4809e-23
749,4.7245e-23
750,8.95952e-23
751,1.69197e-22
752,3.18186e-22
753,5.95859e-22
754,1.11117e-21
755,2.06343e-21
756,3.81563e-21
757,7.02603e-21
758,1.2883e-20
759,2.35226e-20
760,4.27673e-20
761,7.74269e-20
762,1.3958e-19
763,2.50555e-19
764,4.47843e-19
765,7.97057e-19
766,1.4125e-18
767,2.49241e-18
768,4.37904e-18
769,7.66056e-18
770,1.33432e-17
771,2.31405e-17
772,3.9957e-17
773,6.86936e-17
774,1.17581e-16
775,2.00376e-16
776,3.39971e-16
777,5.7427e-16
778,9.65743e-16
779,1.61686e-15
780,2.69489e-15
781,4.47156e-15
782,7.38619e-15
783,1.21455e-14
784,1.9881e-14
785,3.2395e-14
786,5.25444e-14
787,8.48347e-14
788,1.36336e-13
789,2.18085e-13
790,3.47224e-13
791,5.5024e-13
792,8.6784e-13
793,1.36227e-12
794,2.12817e-12
795,3.30871e-12
796,5.11926e-12
797,7.88202e-12
798,1.20763e-11
799,1.84112e-11
800,2.79297e-11
801,4.21569e-11
802,6.33102e-11
803,9.45935e-11
804,1.40609e-10
805,2.07927e-10
806,3.05866e-10
807,4.47563e-10
808,6.51413e-10
809,9.43003e-10
810,1.35769e-09
811,1.94397e-09
812,2.76792e-09
813,3.9189e-09
814,5.51682e-09
815,7.72138e-09
816,1.07435e-08
817,1.48597e-08
818,2.04288e-08
819,2.79128e-08
820,3.79008e-08
821,5.11364e-08
822,6.85485e-08
823,9.12845e-08
824,1.20745e-07
825,1.58618e-07
826,2.06907e-07
827,2.67959e-07
828,3.44468e-07
829,4.39472e-07
830,5.56313e-07
831,6.98565e-07
832,8.6992e-07
833,1.07401e-06
834,1.31415e-06
835,1.59307e-06
836,1.91247e-06
837,2.27254e-06
838,2.67146e-06
839,3.10477e-06
840,3.56474e-06
841,4.03978e-06
842,4.51388e-06
843,4.96631e-06
844,5.37146e-06
845,5.6991e-06
846,5.91508e-06
847,5.98265e-06
848,5.86438e-06
849,5.52479e-06
850,4.93376e-06
851,4.07052e-06
852,2.92806e-06
853,1.51781e-06
854,-1.25918e-07
855,-1.94228e-06
856,-3.8415e-06
857,-5.70456e-06
858,-7.38549e-06
859,-8.71707e-06
860,-9.52007e-06
861,-9.61657e-06
862,-8.84665e-06
863,-7.08815e-06
864,-4.27786e-06
865,-4.32416e-07
866,4.33361e-06
867,9.79516e-06
868,1.56128e-05
869,2.134e-05
870,2.64444e-05
871,3.03434e-05
872,3.24546e-05
873,3.22578e-05
874,2.93654e-05
875,2.35937e-05
876,1.50263e-05
877,4.06154e-06
878,-8.56817e-06
879,-2.18122e-05
880,-3.43601e-05
881,-4.47448e-05
882,-5.14862e-05
883,-5.32669e-05
884,-4.91227e-05
885,-3.86256e-05
886,-2.20338e-05
887,-3.80849e-07
888,2.45206e-05
889,5.01783e-05
890,7.3629e-05
891,9.17489e-05
892,0.000101639
893,0.000101049
894,8.87738e-05
895,6.49797e-05
896,3.13771e-05
897,-8.79584e-06
898,-5.10144e-05
899,-8.99328e-05
900,-0.000120039
901,-0.000136426
902,-0.00013558
903,-0.00011606
904,-7.89534e-05
905,-2.7991e-05
906,3.07324e-05
907,8.94449e-05
908,0.000139731
909,0.000173783
910,0.000185684
911,0.000172517
912,0.000135074
913,7.80185e-05
914,9.3927e-06
915,-6.04938e-05
916,-0.000120667
917,-0.000161334
918,-0.000175658
919,-0.000161115
920,-0.000120158
921,-5.99778e-05
922,8.64391e-06
923,7.32546e-05
924,0.000122086
925,0.000146406
926,0.000142377
927,0.000111996
928,6.28451e-05
929,6.62134e-06
930,-4.33267e-05
931,-7.49745e-05
932,-8.04769e-05
933,-5.82354e-05
934,-1.36309e-05
935,4.18642e-05
936,9.31198e-05
937,0.00012488
938,0.000125634
939,9.08967e-05
940,2.50521e-05
941,-5.8865e-05
942,-0.00014158
943,-0.00020181
944,-0.000221421
945,-0.000190322
946,-0.000109814
947,6.6005e-06
948,0.000135394
949,0.000247924
950,0.000317063
951,0.000324024
952,0.000263632
953,0.000146569
954,-2.26158e-06
955,-0.000149119
956,-0.000259445
957,-0.000306609
958,-0.000279102
959,-0.00018416
960,-4.65864e-05
961,9.72125e-05
962,0.000208668
963,0.000257569
964,0.000230786
965,0.00013664
966,3.38039e-06
967,-0.000128169
968,-0.000216036
969,-0.000229547
970,-0.000159187
971,-2.0795e-05
972,0.000147572
973,0.000295666
974,0.000375453
975,0.000355864
976,0.000233446
977,3.538e-05
978,-0.000186592
979,-0.00037011
980,-0.000460296
981,-0.000426723
982,-0.000273944
983,-4.19351e-05
984,0.00020435
985,0.00039368
986,0.000470158
987,0.000411088
988,0.000235232
989,-1.69936e-06
990,-0.000223573
991,-0.000357672
992,-0.000358492
993,-0.000223718
994,3.31687e-06
995,0.000246204
996,0.000419708
997,0.000458206
998,0.000338981
999,9.22226e-05
1000,-0.000206406
1001,-0.00045907
1002,-0.000577876
1003,-0.000515287
1004,-0.000282318
1005,5.24076e-05
1006,0.000383416
1007,0.000602781
1008,0.000636913
1009,0.000473011
1010,0.000165458
1011,-0.000181035
1012,-0.000446615
1013,-0.000538131
1014,-0.000423009
1015,-0.00014265
1016,0.000200341
1017,0.000477607
1018,0.000581252
1019,0.00046436
1020,0.000160715
1021,-0.000224483
1022,-0.000550759
1023,-0.000693118
1024,-0.000589182
1025,-0.000264948
1026,0.000171405
1027,0.000566673
1028,0.000778088
1029,0.000726868
1030,0.000429542
1031,-5.72209e-06
1032,-0.000417687
1033,-0.00065204
1034,-0.000620521
1035,-0.000336344
1036,8.86494e-05
1037,0.000485329
1038,0.000692283
1039,0.000619787
1040,0.0002875
1041,-0.000179974
1042,-0.000599384
1043,-0.000800038
1044,-0.000692382
1045,-0.000306407
1046,0.000216591
1047,0.000677163
1048,0.000895857
1049,0.000785577
1050,0.000388637
1051,-0.000137665
1052,-0.000582611
1053,-0.000766952
1054,-0.000616898
1055,-0.000196371
1056,0.000317027
1057,0.000703938
1058,0.000794395
1059,0.000540581
1060,4.00654e-05
1061,-0.000501685
1062,-0.000855471
1063,-0.00086486
1064,-0.000514408
1065,6.02583e-05
1066,0.000626431
1067,0.000951028
1068,0.000899704
1069,0.000495806
1070,-8.72477e-05
1071,-0.000598521
1072,-0.000817115
1073,-0.000648735
1074,-0.000168801
1075,0.000408068
1076,0.00082052
1077,0.000875564
1078,0.000535894
1079,-5.99961e-05
1080,-0.000655511
1081,-0.000987625
1082,-0.000903935
1083,-0.000432813
1084,0.000225924
1085,0.00078744
1086,0.00100814
1087,0.000795538
1088,0.000251673
1089,-0.000371178
1090,-0.000783924
1091,-0.00079284
1092,-0.000390165
1093,0.00023941
1094,0.000801136
1095,0.0010252
1096,0.000792849
1097,0.00019476
1098,-0.000506843
1099,-0.000996779
1100,-0.00105236
1101,-0.000648147
1102,2.99055e-05
1103,0.000669261
1104,0.000976337
1105,0.000815015
1106,0.000272314
1107,-0.000381296
1108,-0.000819825
1109,-0.000818286
1110,-0.000363214
1111,0.000336866
1112,0.000947966
1113,0.00116962
1114,0.000880703
1115,0.000201154
1116,-0.000561685
1117,-0.00105824
1118,-0.00106427
1119,-0.00058955
1120,0.000126134
1121,0.00072941
1122,0.000926429
1123,0.000628152
1124,-4.40443e-06
1125,-0.000638849
1126,-0.000936737
1127,-0.000724415
1128,-8.40662e-05
1129,0.000682069
1130,0.00119862
1131,0.00120346
1132,0.000680654
1133,-0.000127679
1134,-0.000838495
1135,-0.00111692
1136,-0.000843059
1137,-0.000171963
1138,0.000544645
1139,0.000936787
1140,0.000804905
1141,0.000222564
1142,-0.000500341
1143,-0.000976541
1144,-0.000941992
1145,-0.000395014
1146,0.000398917
1147,0.00104103
1148,0.00120424
1149,0.000803646
1150,4.33167e-05
1151,-0.000686699
1152,-0.00101147
1153,-0.000766575
1154,-8.55342e-05
1155,0.000667894
1156,0.00108883
1157,0.000943888
1158,0.000295593
1159,-0.000527765
1160,-0.0011026
1161,-0.001132
1162,-0.000602113
1163,0.000210322
1164,0.000884464
1165,0.0010787
1166,0.000711964
1167,5.69603e-06
1168,-0.000637077
1169,-0.000851248
1170,-0.000509712
1171,0.000204802
1172,0.000896566
1173,0.0011715
1174,0.000853954
1175,8.73173e-05
1176,-0.000738136
1177,-0.00119302
1178,-0.00104062
1179,-0.000366393
1180,0.000466488
1181,0.00101296
1182,0.000987391
1183,0.000418661
1184,-0.000366603
1185,-0.000924183
1186,-0.000937328
1187,-0.000391686
1188,0.000416933
1189,0.00104677
1190,0.00115556
1191,0.000690524
1192,-8.3348e-05
1193,-0.000733113
1194,-0.000902185
1195,-0.000511725
1196,0.000195017
1197,0.000791554
1198,0.000912664
1199,0.00046617
1200,-0.000309244
1201,-0.000975109
1202,-0.00114078
1203,-0.000687819
1204,0.000157221
1205,0.000945013
1206,0.00125355
1207,0.000925167
1208,0.000155679
1209,-0.000616123
1210,-0.000956784
1211,-0.000683372
1212,3.43423e-05
1213,0.000773271
1214,0.00110101
1215,0.000824196
1216,9.82449e-05
1217,-0.000664747
1218,-0.00103611
1219,-0.000818972
1220,-0.000160155
1221,0.000539727
1222,0.000864977
1223,0.00063181
1224,-2.45451e-06
1225,-0.000633408
1226,-0.000852224
1227,-0.000493637
1228,0.000258729
1229,0.000974503
1230,0.0012283
1231,0.000853315
1232,4.591e-05
1233,-0.000743191
1234,-0.00106959
1235,-0.000755353
1236,5.20861e-06
1237,0.000758077
1238,0.00105544
1239,0.000718741
1240,-5.65579e-05
1241,-0.000816777
1242,-0.00111781
1243,-0.000786001
1244,-1.73511e-05
1245,0.000743077
1246,0.00106814
1247,0.000801157
1248,0.000142551
1249,-0.000480076
1250,-0.000677773
1251,-0.000338993
1252,0.000304744
1253,0.000826097
1254,0.000870988
1255,0.000383023
1256,-0.000356474
1257,-0.000899385
1258,-0.000908548
1259,-0.000370779
1260,0.000388469
1261,0.000901065
1262,0.000844559
1263,0.000245562
1264,-0.00052935
1265,-0.000993168
1266,-0.00083638
1267,-0.000120971
1268,0.000750158
1269,0.00127225
1270,0.00114194
1271,0.000439877
1272,-0.000419018
1273,-0.000937367
1274,-0.000834931
1275,-0.000212729
1276,0.000517591
1277,0.000893182
1278,0.00068608
1279,3.86294e-05
1280,-0.000633718
1281,-0.000908316
1282,-0.000620981
1283,3.58402e-05
1284,0.000642467
1285,0.000824277
1286,0.000491761
1287,-0.000105577
1288,-0.000545668
1289,-0.00051305
1290,-9.83838e-06
1291,0.000639584
1292,0.000995873
1293,0.000792262
1294,0.000116466
1295,-0.000633624
1296,-0.000996812
1297,-0.000743015
1298,-2.65133e-05
1299,0.000703427
1300,0.000982186
1301,0.000624496
1302,-0.000153335
1303,-0.000863892
1304,-0.00105211
1305,-0.000581281
1306,0.000279219
1307,0.00102056
1308,0.00121051
1309,0.000759383
1310,-3.11898e-05
1311,-0.000665227
1312,-0.000767264
1313,-0.000313769
1314,0.000364502
1315,0.000806148
1316,0.00072056
1317,0.000171097
1318,-0.000476341
1319,-0.000801172
1320,-0.000606351
1321,-4.30976e-05
1322,0.000498296
1323,0.000656039
1324,0.000342229
1325,-0.000199136
1326,-0.000560799
1327,-0.00045424
1328,8.5761e-05
1329,0.000714586
1330,0.00100432
1331,0.000734161
1332,4.92532e-05
1333,-0.000622958
1334,-0.000849126
1335,-0.000478809
1336,0.000247165
1337,0.000845589
1338,0.000904259
1339,0.000356011
1340,-0.000468289
1341,-0.00104665
1342,-0.00100107
1343,-0.000343409
1344,0.000529185
1345,0.00108745
1346,0.00100774
1347,0.000374932
1348,-0.000380184
1349,-0.000765602
1350,-0.000546656
1351,0.000109615
1352,0.000755275
1353,0.00096264
1354,0.000603614
1355,-7.65448e-05
1356,-0.000634522
1357,-0.000729863
1358,-0.000346683
1359,0.000210861
1360,0.000540174
1361,0.000422237
1362,-3.12428e-05
1363,-0.000465009
1364,-0.000537909
1365,-0.000168985
1366,0.000401375
1367,0.000779166
1368,0.000696618
1369,0.000207271
1370,-0.000343641
1371,-0.000557444
1372,-0.000265512
1373,0.000341118
1374,0.000832079
1375,0.000831519
1376,0.00028557
1377,-0.000483843
1378,-0.000983252
1379,-0.000877225
1380,-0.000220745
1381,0.000566949
1382,0.000975288
1383,0.000741981
1384,3.08985e-05
1385,-0.000673801
1386,-0.000888859
1387,-0.000454125
1388,0.000360216
1389,0.00103316
1390,0.00113804
1391,0.000621504
1392,-0.000169205
1393,-0.000724943
1394,-0.00071468
1395,-0.000196725
1396,0.000437284
1397,0.000740162
1398,0.000513878
1399,-6.68629e-05
1400,-0.00059049
1401,-0.000701705
1402,-0.000344041
1403,0.000214905
1404,0.000585907
1405,0.00053838
1406,0.000157394
1407,-0.000231496
1408,-0.000310268
1409,-6.34567e-06
1410,0.000453418
1411,0.000711811
1412,0.000549508
1413,5.51277e-05
1414,-0.00043049
1415,-0.000559561
1416,-0.00023593
1417,0.000303401
1418,0.000649703
1419,0.000517167
1420,-3.95809e-05
1421,-0.000646492
1422,-0.000863888
1423,-0.000499272
1424,0.000242821
1425,0.000886703
1426,0.00100721
1427,0.000526237
1428,-0.000224878
1429,-0.000726304
1430,-0.000625666
1431,1.63539e-05
1432,0.000762726
1433,0.00109665
1434,0.000775012
1435,-4.77568e-06
1436,-0.000739322
1437,-0.000961674
1438,-0.000555009
1439,0.000177115
1440,0.000728178
1441,0.00073884
1442,0.00023604
1443,-0.000400622
1444,-0.000714
1445,-0.00048789
1446,0.000113687
1447,0.000676874
1448,0.000836515
1449,0.000526538
1450,7.66428e-06
1451,-0.000337495
1452,-0.000285402
1453,7.68851e-05
1454,0.000434169
1455,0.000490139
1456,0.000190888
1457,-0.000240745
1458,-0.000481238
1459,-0.000356223
1460,2.63852e-05
1461,0.000360982
1462,0.000382131
1463,7.41339e-05
1464,-0.000309715
1465,-0.000437386
1466,-0.00015722
1467,0.000371288
1468,0.000780487
1469,0.000762639
1470,0.000306647
1471,-0.000276863
1472,-0.000570362
1473,-0.000354017
1474,0.000222714
1475,0.000734955
1476,0.000782909
1477,0.000286159
1478,-0.000443502
1479,-0.000910896
1480,-0.00078514
1481,-0.000139217
1482,0.000593022
1483,0.000916949
1484,0.000624078
1485,-6.05937e-05
1486,-0.000636972
1487,-0.00068285
1488,-0.000151537
1489,0.000596398
1490,0.00104828
1491,0.000898735
1492,0.000258572
1493,-0.00043161
1494,-0.000716361
1495,-0.000441471
1496,0.000151734
1497,0.000613618
1498,0.000612797
1499,0.000165104
1500,-0.000394197
1501,-0.000664403
1502,-0.000467766
1503,3.65377e-05
1504,0.000486611
1505,0.00059044
1506,0.000331058
1507,-4.25886e-05
1508,-0.000220916
1509,-7.19044e-05
1510,0.000268615
1511,0.000516445
1512,0.000468216
1513,0.000159252
1514,-0.000170921
1515,-0.000274142
1516,-9.31428e-05
1517,0.000193836
1518,0.000319135
1519,0.00014675
1520,-0.000208497
1521,-0.000462389
1522,-0.000384535
1523,1.00064e-05
1524,0.000454995
1525,0.000626697
1526,0.000394306
1527,-6.64618e-05
1528,-0.000392696
1529,-0.000306179
1530,0.000164906
1531,0.000688532
1532,0.00086505
1533,0.000527184
1534,-0.000121956
1535,-0.000643349
1536,-0.000676888
1537,-0.000206853
1538,0.000419331
1539,0.000737595
1540,0.000503693
1541,-0.000123809
1542,-0.0006904
1543,-0.00077109
1544,-0.000281662
1545,0.000453589
1546,0.000933006
1547,0.000840656
1548,0.000272133
1549,-0.000343837
1550,-0.00056406
1551,-0.000248331
1552,0.000353653
1553,0.000794797
1554,0.000751577
1555,0.000246319
1556,-0.000375716
1557,-0.000693273
1558,-0.00050952
1559,7.76282e-06
1560,0.000456924
1561,0.000513538
1562,0.000177376
1563,-0.000247866
1564,-0.000417905
1565,-0.000218567
1566,0.000180284
1567,0.000495632
1568,0.000546234
1569,0.000346219
1570,6.01731e-05
1571,-0.000108392
1572,-4.20036e-05
1573,0.000194856
1574,0.000373633
1575,0.00028515
1576,-3.77476e-05
1577,-0.000309423
1578,-0.000269021
1579,2.76037e-05
1580,0.000254285
1581,0.000176507
1582,-9.3182e-05
1583,-0.00025112
1584,-0.000155081
1585,7.4635e-05
1586,0.000276812
1587,0.00041906
1588,0.000483265
1589,0.000341961
1590,-5.03647e-05
1591,-0.000391724
1592,-0.000231282
1593,0.000428328
1594,0.00092909
1595,0.000629776
1596,-0.00026637
1597,-0.000852782
1598,-0.000578443
1599,0.000113957
1600,0.00042801
1601,0.000244729
1602,0.000100536
1603,0.000213111
1604,0.000113204
1605,-0.000457578
1606,-0.000791863
1607,-4.71289e-05
1608,0.0012946
1609,0.00163751
1610,0.000319904
1611,-0.00122412
1612,-0.0011232
1613,0.000433377
1614,0.0013701
1615,0.000551362
1616,-0.000661646
1617,-0.000462056
1618,0.000647816
1619,0.000584186
1620,-0.000968389
1621,-0.00167284
1622,8.03067e-05
1623,0.00230252
1624,0.0017622
1625,-0.00123879
1626,-0.00271388
1627,-0.000403419
1628,0.0027132
1629,0.00231068
1630,-0.00105419
1631,-0.00248467
1632,0.00019651
1633,0.00299565
1634,0.00143212
1635,-0.00255558
1636,-0.00298203
1637,0.00129549
1638,0.00423067
1639,0.00109249
1640,-0.00411229
1641,-0.00378735
1642,0.00211561
1643,0.00531517
1644,0.000910024
1645,-0.00501486
1646,-0.00367957
1647,0.00344153
1648,0.0061285
1649,0.000135218
1650,-0.00608505
1651,-0.00326336
1652,0.00485614
1653,0.00638027
1654,-0.00136445
1655,-0.00730472
1656,-0.00246757
1657,0.00643738
1658,0.00620676
1659,-0.00342694
1660,-0.00866824
1661,-0.00146478
1662,0.00824831
1663,0.00641113
1664,-0.00464886
1665,-0.00911183
1666,-0.000433014
1667,0.00896952
1668,0.00559012
1669,-0.0055059
1670,-0.00804341
1671,0.00164803
1672,0.00922657
1673,0.00338389
1674,-0.00747596
1675,-0.00745697
1676,0.00356829
1677,0.00971005
1678,0.00211655
1679,-0.00835068
1680,-0.00699764
1681,0.00375457
1682,0.00852182
1683,0.00127541
1684,-0.00683689
1685,-0.00444213
1686,0.00404842
1687,0.00606052
1688,-0.000591188
1689,-0.00556492
1690,-0.00187214
1691,0.00453047
1692,0.00445779
1693,-0.00132441
1694,-0.00444288
1695,-0.00141531
1696,0.00262724
1697,0.00256749
1698,-0.000130808
1699,-0.00144997
1700,-0.000921261
1701,-0.000448468
1702,-8.95243e-05
1703,0.00108943
1704,0.00172101
1705,-8.96336e-05
1706,-0.00237263
1707,-0.00117469
1708,0.00265033
1709,0.00331007
1710,-0.00111571
1711,-0.00437213
1712,-0.000793543
1713,0.00512748
1714,0.00425031
1715,-0.00321105
1716,-0.00666935
1717,-0.000448327
1718,0.0069324
1719,0.00454597
1720,-0.00458999
1721,-0.00731571
1722,0.000466645
1723,0.00754142
1724,0.00373223
1725,-0.00522162
1726,-0.00627232
1727,0.00182657
1728,0.00717261
1729,0.00244984
1730,-0.00493465
1731,-0.00450745
1732,0.00222128
1733,0.00519965
1734,0.000946535
1735,-0.00358461
1736,-0.00236184
1737,0.00161493
1738,0.00240856
1739,-9.89433e-06
1740,-0.00145186
1741,-0.000706259
1742,-1.98424e-05
1743,-1.5809e-06
1744,0.000857524
1745,0.00184333
1746,0.000296681
1747,-0.00276262
1748,-0.00238037
1749,0.00240978
1750,0.00516169
1751,0.000925916
1752,-0.0050808
1753,-0.00395987
1754,0.0032977
1755,0.00620406
1756,0.000136271
1757,-0.00618342
1758,-0.00333119
1759,0.00453517
1760,0.00564943
1761,-0.00173785
1762,-0.00668874
1763,-0.00191077
1764,0.00557878
1765,0.00514586
1766,-0.0020305
1767,-0.00555554
1768,-0.00124516
1769,0.00399713
1770,0.00340798
1771,-0.000651971
1772,-0.00217152
1773,-0.00054514
1774,0.000618979
1775,0.000342554
1776,0.000536612
1777,0.00103179
1778,-0.000204932
1779,-0.00209263
1780,-0.0010589
1781,0.00231543
1782,0.0026561
1783,-0.00163248
1784,-0.00430015
1785,-0.000277997
1786,0.00533167
1787,0.00381573
1788,-0.00352379
1789,-0.00611751
1790,0.000340471
1791,0.00685384
1792,0.00404623
1793,-0.00399377
1794,-0.00584098
1795,0.000526256
1796,0.00546779
1797,0.00239133
1798,-0.00332252
1799,-0.00352236
1800,0.000897986
1801,0.00297886
1802,0.000678838
1803,-0.001578
1804,-0.00098761
1805,0.00027501
1806,0.000326756
1807,0.000575925
1808,0.00158312
1809,0.000913587
1810,-0.00189285
1811,-0.00260889
1812,0.00121156
1813,0.00462914
1814,0.00178184
1815,-0.00418704
1816,-0.00448089
1817,0.00199238
1818,0.00594734
1819,0.00127398
1820,-0.0053925
1821,-0.00429342
1822,0.00288801
1823,0.00568818
1824,0.000481115
1825,-0.00473911
1826,-0.00281057
1827,0.00262289
1828,0.00382686
1829,0.000356089
1830,-0.00205793
1831,-0.000990407
1832,0.000558175
1833,0.000591328
1834,0.000643821
1835,0.00121903
1836,0.000227995
1837,-0.00212708
1838,-0.00197213
1839,0.00168747
1840,0.00361354
1841,-3.57413e-05
1842,-0.00444445
1843,-0.00248248
1844,0.00377805
1845,0.00509767
1846,-0.000991523
1847,-0.00576959
1848,-0.00211089
1849,0.00476732
1850,0.00511166
1851,-0.00106191
1852,-0.0047472
1853,-0.001566
1854,0.00291827
1855,0.00272766
1856,-0.000373975
1857,-0.0015558
1858,-0.000561359
1859,-0.000109461
1860,-0.00021076
1861,0.000777173
1862,0.00156137
1863,-0.000221313
1864,-0.00254233
1865,-0.00107753
1866,0.00299847
1867,0.00334295
1868,-0.00153341
1869,-0.00457679
1870,-0.000515571
1871,0.00522762
1872,0.00400908
1873,-0.00280544
1874,-0.005504
1875,-0.000436722
1876,0.00486239
1877,0.00322551
1878,-0.00213003
1879,-0.0036191
1880,-0.000470481
1881,0.00193421
1882,0.00116168
1883,-8.23454e-05
1884,-6.81179e-05
1885,-0.000332002
1886,-0.00113861
1887,-0.000187827
1888,0.00228756
1889,0.00224446
1890,-0.00139262
1891,-0.00337282
1892,0.000155021
1893,0.00446666
1894,0.00262719
1895,-0.00334587
1896,-0.0046861
1897,0.000851514
1898,0.0052376
1899,0.00217665
1900,-0.00363111
1901,-0.00398698
1902,0.000787444
1903,0.00352053
1904,0.00135834
1905,-0.00139698
1906,-0.00124391
1907,5.21492e-05
1908,0.000293442
1909,0.000573402
1910,0.00161138
1911,0.00114338
1912,-0.00154723
1913,-0.00256419
1914,0.000717668
1915,0.00397992
1916,0.00168111
1917,-0.00358864
1918,-0.00398147
1919,0.00154693
1920,0.00499164
1921,0.00125185
1922,-0.00410469
1923,-0.00339646
1924,0.00181423
1925,0.00389127
1926,0.000781473
1927,-0.00215673
1928,-0.00129539
1929,0.000768005
1930,0.00101179
1931,0.000538315
1932,0.000851564
1933,0.000460575
1934,-0.00140814
1935,-0.00179182
1936,0.00110857
1937,0.00334056
1938,0.000654539
1939,-0.00375092
1940,-0.00304275
1941,0.00240544
1942,0.004689
1943,0.000247699
1944,-0.00445576
1945,-0.00266403
1946,0.00268569
1947,0.00397638
1948,0.000290855
1949,-0.00246022
1950,-0.00119334
1951,0.000946269
1952,0.00108194
1953,0.00056619
1954,0.000774752
1955,0.000182052
1956,-0.00164702
1957,-0.00169433
1958,0.00129204
1959,0.00311884
1960,0.000231542
1961,-0.00359897
1962,-0.00226995
1963,0.0027479
1964,0.00395927
1965,-0.000609985
1966,-0.0041138
1967,-0.00137572
1968,0.0033613
1969,0.00333546
1970,-0.000683684
1971,-0.00265098
1972,-0.000738469
1973,0.00130842
1974,0.00118379
1975,0.000585243
1976,0.00051184
1977,-0.00051074
1978,-0.00213821
1979,-0.00127825
1980,0.00215075
1981,0.00327491
1982,-0.000416875
1983,-0.00396326
1984,-0.00184822
1985,0.00311812
1986,0.00366218
1987,-0.00080842
1988,-0.00342945
1989,-0.000606133
1990,0.00292799
1991,0.00210414
1992,-0.00102266
1993,-0.00166471
1994,0.000107449
1995,0.000907327
1996,0.000289907
1997,0.000343229
1998,0.000720363
1999,-0.000602458
2000,-0.00226852
2001,-0.000768222
2002,0.00281959
2003,0.00299014
2004,-0.00143762
2005,-0.00423893
2006,-0.000884813
2007,0.00404409
2008,0.0034894
2009,-0.00144397
2010,-0.00350257
2011,-0.000357992
2012,0.00274557
2013,0.0017686
2014,-0.000752198
2015,-0.00111368
2016,-7.18368e-05
2017,7.19254e-05
2018,-7.64185e-05
2019,0.000770143
2020,0.00104863
2021,-0.000784968
2022,-0.00224163
2023,-0.000274193
2024,0.00282448
2025,0.00213683
2026,-0.00178938
2027,-0.00307947
2028,0.000384736
2029,0.00349073
2030,0.00185017
2031,-0.00166582
2032,-0.0019947
2033,0.000404365
2034,0.00147107
2035,0.000483352
2036,-5.15992e-06
2037,0.000344353
2038,-0.000450682
2039,-0.00172356
2040,-0.000522992
2041,0.00236701
2042,0.00226394
2043,-0.00162598
2044,-0.00360633
2045,-6.97403e-05
2046,0.00408501
2047,0.00253908
2048,-0.00247504
2049,-0.00344898
2050,0.000855442
2051,0.00385199
2052,0.00151532
2053,-0.00209658
2054,-0.00198103
2055,0.000569269
2056,0.00146451
2057,0.000450336
2058,-6.47246e-05
2059,1.41359e-05
2060,-0.000759739
2061,-0.00138616
2062,0.000142271
2063,0.00227595
2064,0.00148003
2065,-0.00163174
2066,-0.00243493
2067,0.000498209
2068,0.00288568
2069,0.00137883
2070,-0.00141475
2071,-0.00145273
2072,0.000602615
2073,0.0013764
2074,0.000411232
2075,-0.000178648
2076,-4.44397e-05
2077,-0.000474513
2078,-0.000878484
2079,0.000364298
2080,0.00189369
2081,0.000682085
2082,-0.00226393
2083,-0.00227925
2084,0.00145497
2085,0.00361779
2086,0.000720475
2087,-0.00305437
2088,-0.00210715
2089,0.00194522
2090,0.00308868
2091,0.000288105
2092,-0.0017421
2093,-0.00060969
2094,0.000775512
2095,0.000231585
2096,-0.000222224
2097,0.000861606
2098,0.00106992
2099,-0.00109354
2100,-0.00237126
2101,6.67492e-05
2102,0.0029555
2103,0.00154889
2104,-0.00232732
2105,-0.00263621
2106,0.00124298
2107,0.00338247
2108,0.000699512
2109,-0.00240571
2110,-0.00135397
2111,0.00169675
2112,0.00206495
2113,-8.03133e-05
2114,-0.00110055
2115,-0.000226732
2116,0.000241829
2117,-0.000178348
2118,0.000227903
2119,0.00118466
2120,0.000404828
2121,-0.00172043
2122,-0.00177269
2123,0.00100826
2124,0.00274058
2125,0.000768551
2126,-0.002025
2127,-0.00166593
2128,0.000973228
2129,0.00208578
2130,0.000798607
2131,-0.000504046
2132,-0.000551214
2133,-0.000267898
2134,-1.34886e-05
2135,0.000781458
2136,0.00129558
2137,4.63418e-05
2138,-0.00178518
2139,-0.00126108
2140,0.00134429
2141,0.00215005
2142,-0.000304164
2143,-0.00233042
2144,-0.000776292
2145,0.00193627
2146,0.0017792
2147,-0.000547114
2148,-0.00127987
2149,0.000153398
2150,0.000970617
2151,0.000325912
2152,0.000194577
2153,0.000885538
2154,0.00027842
2155,-0.00150834
2156,-0.00127863
2157,0.00151801
2158,0.00266248
2159,-0.000262826
2160,-0.00318367
2161,-0.00151219
2162,0.00236131
2163,0.0026414
2164,-0.000757254
2165,-0.00239714
2166,-0.000169457
2167,0.00191957
2168,0.000907692
2169,-0.000695438
2170,-9.05661e-05
2171,0.000984722
2172,0.000108919
2173,-0.00100958
2174,0.000176431
2175,0.00183576
2176,0.000643858
2177,-0.00196389
2178,-0.00164331
2179,0.00143725
2180,0.00242888
2181,-0.000334989
2182,-0.00254143
2183,-0.000870196
2184,0.00188897
2185,0.00169923
2186,-0.000480246
2187,-0.00107289
2188,0.000164631
2189,0.000705935
2190,0.000138611
2191,0.000265815
2192,0.00103342
2193,0.000479981
2194,-0.00114947
2195,-0.00116559
2196,0.000880996
2197,0.00191444
2198,0.000198835
2199,-0.00174704
2200,-0.0011469
2201,0.000821033
2202,0.00129231
2203,0.000132403
2204,-0.00062141
2205,-0.000304162
2206,0.000102441
2207,0.000313223
2208,0.000757564
2209,0.000869974
2210,-0.000106854
2211,-0.00103337
2212,-0.000191178
2213,0.00150435
2214,0.00139164
2215,-0.000640333
2216,-0.00166413
2217,-0.000262827
2218,0.00132255
2219,0.00090774
2220,-0.000446732
2221,-0.000757445
2222,-0.000263484
2223,-9.05001e-05
2224,0.000163852
2225,0.00102781
2226,0.00114208
2227,-0.000493771
2228,-0.00175844
2229,-0.000214739
2230,0.00235273
2231,0.00201782
2232,-0.000986649
2233,-0.0022314
2234,8.27772e-06
2235,0.00209382
2236,0.000987061
2237,-0.0011376
2238,-0.000997642
2239,0.000478173
2240,0.000502011
2241,-0.000478234
2242,-0.000143969
2243,0.000936186
2244,0.000348271
2245,-0.00121213
2246,-0.000677811
2247,0.00165805
2248,0.00193336
2249,-0.000717794
2250,-0.00213459
2251,0.000166307
2252,0.00263797
2253,0.00135451
2254,-0.00161807
2255,-0.00173555
2256,0.000711803
2257,0.00161881
2258,2.96174e-05
2259,-0.000948095
2260,-1.00509e-05
2261,0.000493505
2262,-0.000533895
2263,-0.000782283
2264,0.000871791
2265,0.00173898
2266,-6.08215e-05
2267,-0.00184174
2268,-0.000561035
2269,0.00194551
2270,0.00181844
2271,-0.000572927
2272,-0.0014491
2273,0.000158855
2274,0.00129861
2275,0.00035702
2276,-0.000650954
2277,-0.000103738
2278,0.000548954
2279,-0.000118363
2280,-0.000782647
2281,1.95796e-05
2282,0.000993258
2283,0.000343129
2284,-0.000901202
2285,-0.00056327
2286,0.000911318
2287,0.00119532
2288,-3.84657e-05
2289,-0.00074855
2290,2.15293e-05
2291,0.000878391
2292,0.000659317
2293,3.72186e-05
2294,-0.000128139
2295,-0.000119663
2296,-0.000229266
2297,1.95338e-05
2298,0.000614898
2299,0.000546583
2300,-0.000450376
2301,-0.0010313
2302,-0.000235654
2303,0.000891322
2304,0.000886319
2305,7.73555e-06
2306,-0.000484896
2307,-0.000262508
2308,0.000161985
2309,0.000608621
2310,0.000974927
2311,0.000625125
2312,-0.000508016
2313,-0.00101646
2314,0.000111338
2315,0.00144184
2316,0.00090513
2317,-0.000861351
2318,-0.00129101
2319,0.000107538
2320,0.00107177
2321,0.000326399
2322,-0.00060186
2323,-0.000292466
2324,0.000328789
2325,0.000138976
2326,-5.24419e-05
2327,0.000582851
2328,0.00086852
2329,-0.000197688
2330,-0.00100259
2331,0.000210882
2332,0.00182925
2333,0.00104457
2334,-0.00128882
2335,-0.0016029
2336,0.00062895
2337,0.00191022
2338,0.000352082
2339,-0.00144246
2340,-0.000873085
2341,0.000639807
2342,0.000632622
2343,-0.000218808
2344,2.79205e-05
2345,0.000705861
2346,3.69752e-05
2347,-0.00100127
2348,-0.000120784
2349,0.00176117
2350,0.00148462
2351,-0.000885881
2352,-0.00168815
2353,0.000386267
2354,0.00201009
2355,0.000663946
2356,-0.00133817
2357,-0.000912688
2358,0.000792667
2359,0.000806061
2360,-0.000535154
2361,-0.000642496
2362,0.000514542
2363,0.000616417
2364,-0.000515837
2365,-0.0005776
2366,0.000822406
2367,0.00122536
2368,-0.000245844
2369,-0.00108539
2370,0.000295979
2371,0.00166967
2372,0.000710044
2373,-0.00104683
2374,-0.000825445
2375,0.00078608
2376,0.00106592
2377,-0.000223415
2378,-0.000794606
2379,4.00621e-05
2380,0.000491838
2381,-0.000211208
2382,-0.000526539
2383,0.000356123
2384,0.000907063
2385,3.84902e-05
2386,-0.000821747
2387,-0.000146793
2388,0.00104865
2389,0.000935125
2390,-0.000133565
2391,-0.000429691
2392,0.00023852
2393,0.000537965
2394,8.84178e-05
2395,-0.000116747
2396,0.000256737
2397,0.000314309
2398,-0.000276143
2399,-0.000567925
2400,-4.20901e-07
2401,0.000580864
2402,0.000319648
2403,-0.000307079
2404,-0.000360346
2405,0.000143587
2406,0.000496355
2407,0.000417769
2408,0.000189009
2409,5.15098e-05
2410,6.07317e-05
2411,0.000240724
2412,0.000441168
2413,0.000346853
2414,-2.58676e-05
2415,-0.000211191
2416,1.47555e-05
2417,0.000258602
2418,0.000153809
2419,-9.80416e-05
2420,-0.000182685
2421,-0.000151107
2422,-6.96716e-05
2423,0.000212099
2424,0.00051895
2425,0.000287728
2426,-0.000386601
2427,-0.000460963
2428,0.000487179
2429,0.00123866
2430,0.000606573
2431,-0.000588267
2432,-0.000642948
2433,0.00040335
2434,0.000922432
2435,0.00031635
2436,-0.000296332
2437,-0.000199757
2438,-6.20017e-05
2439,-0.000270392
2440,-9.75115e-05
2441,0.000603619
2442,0.000626682
2443,-0.000453214
2444,-0.00102602
2445,8.4648e-05
2446,0.00137409
2447,0.000863746
2448,-0.000616689
2449,-0.000714362
2450,0.000603741
2451,0.00112742
2452,0.000164693
2453,-0.000511876
2454,7.7154e-05
2455,0.000576531
2456,2.40326e-06
2457,-0.000470166
2458,0.000125813
2459,0.000594662
2460,-0.000168273
2461,-0.000881376
2462,-5.27719e-05
2463,0.00111558
2464,0.000583765
2465,-0.000878371
2466,-0.000788907
2467,0.000836524
2468,0.00143349
2469,0.000164098
2470,-0.000805773
2471,-6.82532e-05
2472,0.000854982
2473,0.000443576
2474,-0.000278266
2475,5.10557e-05
2476,0.000551048
2477,-7.2599e-05
2478,-0.000853736
2479,-0.000214909
2480,0.000967407
2481,0.00065366
2482,-0.000755053
2483,-0.000942142
2484,0.000410523
2485,0.00110999
2486,0.000203812
2487,-0.000551684
2488,0.000107718
2489,0.000860584
2490,0.000346067
2491,-0.000412871
2492,1.52449e-05
2493,0.000836611
2494,0.000499755
2495,-0.000488011
2496,-0.000484464
2497,0.00037129
2498,0.000497407
2499,-0.000267602
2500,-0.000473565
2501,0.000236418
2502,0.000503964
2503,-0.000204091
2504,-0.000565702
2505,0.000223722
2506,0.000944571
2507,0.000429252
2508,-0.000431723
2509,-0.000230026
2510,0.000622802
2511,0.000730435
2512,6.52545e-05
2513,-0.000207846
2514,0.000176107
2515,0.000327038
2516,-5.49932e-05
2517,-0.000228191
2518,0.000106175
2519,0.000255974
2520,-0.00012004
2521,-0.000341968
2522,4.6659e-05
2523,0.00041412
2524,0.00014304
2525,-0.000262793
2526,-2.74025e-05
2527,0.000567082
2528,0.000628782
2529,8.40107e-05
2530,-0.000251226
2531,6.12309e-05
2532,0.000529042
2533,0.000545877
2534,0.000153401
2535,-0.000206653
2536,-0.000269542
2537,-6.90413e-05
2538,0.000214634
2539,0.000335216
2540,0.000120912
2541,-0.000284635
2542,-0.000453207
2543,-0.000114954
2544,0.000464816
2545,0.000689319
2546,0.000283404
2547,-0.000310522
2548,-0.000352559
2549,0.000294542
2550,0.000887156
2551,0.000680261
2552,-7.59902e-05
2553,-0.000444305
2554,-6.51696e-05
2555,0.000429251
2556,0.000401613
2557,2.61019e-05
2558,-0.000199592
2559,-0.000207438
2560,-0.000159683
2561,1.50731e-05
2562,0.000315064
2563,0.000328874
2564,-0.00012159
2565,-0.000394864
2566,0.000103175
2567,0.000789977
2568,0.000631699
2569,-0.000172583
2570,-0.00038446
2571,0.00031873
2572,0.000820757
2573,0.000375603
2574,-0.000272306
2575,-0.000236328
2576,0.000141415
2577,0.000147923
2578,-2.13743e-05
2579,0.000108594
2580,0.000185921
2581,-0.000244863
2582,-0.000563674
2583,2.0392e-05
2584,0.000850668
2585,0.000628162
2586,-0.000384297
2587,-0.000605354
2588,0.000332474
2589,0.00099062
2590,0.000489624
2591,-0.000194736
2592,-6.19887e-05
2593,0.000325304
2594,0.000147013
2595,-0.000130766
2596,0.000174428
2597,0.00046893
2598,-4.35191e-05
2599,-0.0006775
2600,-0.000301938
2601,0.000574367
2602,0.000530767
2603,-0.000316841
2604,-0.000485512
2605,0.000306319
2606,0.000695554
2607,0.000113866
2608,-0.000264778
2609,0.000292713
2610,0.000761802
2611,0.00026221
2612,-0.000332065
2613,2.86771e-06
2614,0.000586581
2615,0.000307814
2616,-0.000346803
2617,-0.0002267
2618,0.000348095
2619,0.000209836
2620,-0.000438128
2621,-0.000351042
2622,0.000428548
2623,0.000549869
2624,-0.000216382
2625,-0.000494206
2626,0.000280432
2627,0.000843011
2628,0.000312447
2629,-0.000307527
2630,4.38119e-05
2631,0.000658392
2632,0.00042924
2633,-0.000184562
2634,-0.000108656
2635,0.000371986
2636,0.000245029
2637,-0.000285677
2638,-0.000213127
2639,0.00031408
2640,0.000221005
2641,-0.000430749
2642,-0.000417249
2643,0.000428638
2644,0.000760843
2645,6.33074e-07
2646,-0.000605264
2647,-4.46382e-05
2648,0.000816646
2649,0.000740233
2650,5.25262e-05
2651,-0.000169508
2652,9.98108e-05
2653,0.000178448
2654,0.000103223
2655,0.000323878
2656,0.000480386
2657,-6.7969e-05
2658,-0.000780543
2659,-0.00049718
2660,0.000569799
2661,0.000903645
2662,-3.15704e-06
2663,-0.000828512
2664,-0.000445832
2665,0.000498433
2666,0.000790326
2667,0.000381227
2668,1.4335e-05
2669,-6.16396e-05
2670,-3.95369e-05
2671,0.000167217
2672,0.000607294
2673,0.000714456
2674,5.39049e-05
2675,-0.000677151
2676,-0.000443705
2677,0.00048825
2678,0.000792808
2679,2.653e-05
2680,-0.00073497
2681,-0.000512101
2682,0.000270425
2683,0.000605441
2684,0.000294369
2685,-0.000104726
2686,-0.000199549
2687,-8.30321e-06
2688,0.0003606
2689,0.000688471
2690,0.000575675
2691,-3.62946e-05
2692,-0.000479432
2693,-0.000104956
2694,0.000689251
2695,0.000827051
2696,1.591e-05
2697,-0.000784911
2698,-0.000617585
2699,0.000251218
2700,0.000757562
2701,0.000384488
2702,-0.000353338
2703,-0.000647929
2704,-0.00024137
2705,0.000466659
2706,0.000855026
2707,0.000577275
2708,-0.000127785
2709,-0.000545818
2710,-0.000148361
2711,0.000724844
2712,0.00108347
2713,0.000417438
2714,-0.000580939
2715,-0.000772777
2716,2.03164e-05
2717,0.00078969
2718,0.000623481
2719,-0.000204808
2720,-0.000713523
2721,-0.000445579
2722,0.000182915
2723,0.00056526
2724,0.000478124
2725,5.68789e-05
2726,-0.000343064
2727,-0.000272371
2728,0.000357195
2729,0.000913434
2730,0.000658572
2731,-0.000175587
2732,-0.000524289
2733,5.70239e-05
2734,0.000718425
2735,0.000537831
2736,-0.000180757
2737,-0.00047858
2738,-0.000153334
2739,0.000184583
2740,0.00019052
2741,8.50223e-05
2742,-8.37635e-06
2743,-0.000185926
2744,-0.000230293
2745,0.000191344
2746,0.000708501
2747,0.000532881
2748,-0.000217056
2749,-0.00043874
2750,0.000291119
2751,0.000941877
2752,0.000569239
2753,-0.000252254
2754,-0.000406769
2755,7.52935e-05
2756,0.000335797
2757,0.000166112
2758,4.20915e-05
2759,1.91807e-05
2760,-0.000231524
2761,-0.00044576
2762,-3.84859e-05
2763,0.00064002
2764,0.000567395
2765,-0.000241254
2766,-0.000553531
2767,0.00015121
2768,0.000826443
2769,0.000562899
2770,-3.66022e-05
2771,-4.8065e-05
2772,0.000264168
2773,0.00019318
2774,-3.29384e-05
2775,0.000162288
2776,0.000415483
2777,4.39626e-05
2778,-0.000523138
2779,-0.000331035
2780,0.000369349
2781,0.000438092
2782,-0.000191534
2783,-0.000391097
2784,0.000174499
2785,0.000494972
2786,7.50799e-05
2787,-0.000184018
2788,0.000318922
2789,0.000730169
2790,0.000271789
2791,-0.000311941
2792,-4.31576e-05
2793,0.000570703
2794,0.000461256
2795,-0.000142869
2796,-0.000238507
2797,0.000132176
2798,0.000111885
2799,-0.000261115
2800,-0.000153284
2801,0.000361689
2802,0.000309204
2803,-0.000342771
2804,-0.000448649
2805,0.000320156
2806,0.000798969
2807,0.000285064
2808,-0.00028784
2809,-1.55894e-06
2810,0.000537677
2811,0.000420132
2812,1.84339e-05
2813,0.000105958
2814,0.000343936
2815,3.45625e-05
2816,-0.000373401
2817,-4.1307e-05
2818,0.000547569
2819,0.000260661
2820,-0.000601302
2821,-0.000618338
2822,0.000348156
2823,0.000821734
2824,0.000124135
2825,-0.000556693
2826,-0.000182237
2827,0.000559266
2828,0.000613588
2829,0.000217683
2830,0.000113992
2831,0.00017192
2832,-2.30133e-05
2833,-8.42699e-05
2834,0.000401037
2835,0.000730881
2836,9.5247e-05
2837,-0.000805267
2838,-0.000623091
2839,0.000444144
2840,0.000854753
2841,9.69133e-05
2842,-0.000647278
2843,-0.000449824
2844,0.000171796
2845,0.000455326
2846,0.00047777
2847,0.000441296
2848,8.77291e-05
2849,-0.000435753
2850,-0.000262666
2851,0.000738753
2852,0.00124651
2853,0.000325432
2854,-0.000910094
2855,-0.000786034
2856,0.000434082
2857,0.00100376
2858,0.00029661
2859,-0.000555867
2860,-0.000596654
2861,-0.00015854
2862,0.000183995
2863,0.00043694
2864,0.000537302
2865,0.000107162
2866,-0.000569221
2867,-0.000455231
2868,0.00062152
2869,0.00130212
2870,0.000563432
2871,-0.000638618
2872,-0.000697121
2873,0.000333906
2874,0.000981223
2875,0.000531473
2876,-0.000267271
2877,-0.000572879
2878,-0.000367691
2879,5.8744e-05
2880,0.000501914
2881,0.00055388
2882,-9.35374e-05
2883,-0.000821996
2884,-0.000548393
2885,0.000630368
2886,0.00124787
2887,0.000471693
2888,-0.000636327
2889,-0.00062418
2890,0.000361556
2891,0.00101097
2892,0.000717439
2893,2.58565e-05
2894,-0.000432737
2895,-0.000478103
2896,-6.13791e-05
2897,0.000624713
2898,0.000822209
2899,-7.93256e-06
2900,-0.0010631
2901,-0.000918191
2902,0.000426221
2903,0.00129624
2904,0.000603948
2905,-0.00065253
2906,-0.000858072
2907,7.61164e-05
2908,0.000925424
2909,0.000922485
2910,0.000357929
2911,-0.000227725
2912,-0.00050316
2913,-0.000193945
2914,0.000603594
2915,0.00103577
2916,0.000347025
2917,-0.000838807
2918,-0.00104749
2919,3.008e-05
2920,0.00100423
2921,0.000682259
2922,-0.000376672
2923,-0.000816819
2924,-0.000285452
2925,0.000466287
2926,0.000772251
2927,0.000564554
2928,4.25072e-05
2929,-0.000418304
2930,-0.000275298
2931,0.000520586
2932,0.00107368
2933,0.000542433
2934,-0.000537338
2935,-0.000803315
2936,3.84619e-05
2937,0.000800339
2938,0.000523498
2939,-0.000298981
2940,-0.000644138
2941,-0.000320243
2942,0.000167334
2943,0.00047125
2944,0.000485628
2945,0.000104272
2946,-0.000428689
2947,-0.000391801
2948,0.00044548
2949,0.00113286
2950,0.000678654
2951,-0.000408725
2952,-0.000700514
2953,0.000124526
2954,0.000875806
2955,0.000620277
2956,-0.00015691
2957,-0.000528309
2958,-0.000355621
2959,-2.06163e-05
2960,0.000300928
2961,0.000473621
2962,0.000172601
2963,-0.000483923
2964,-0.000645284
2965,0.000144094
2966,0.00100536
2967,0.000804079
2968,-0.000171126
2969,-0.000591703
2970,2.38193e-06
2971,0.000702371
2972,0.000694547
2973,0.000227819
2974,-0.000126688
2975,-0.000268999
2976,-0.000239466
2977,8.77992e-05
2978,0.000501392
2979,0.00037714
2980,-0.000337115
2981,-0.000733912
2982,-0.000191696
2983,0.000598747
2984,0.000613806
2985,-3.77102e-06
2986,-0.000296823
2987,1.60551e-05
2988,0.000351386
2989,0.000377372
2990,0.000350086
2991,0.00034855
2992,0.00011847
2993,-0.000197594
2994,-7.96535e-05
2995,0.000391095
2996,0.000452726
2997,-0.00010342
2998,-0.000485571
2999,-0.000157077
3000,0.000295256
3001,0.000176663
3002,-0.000186511
3003,-0.000119555
3004,0.000217919
3005,0.000228759
3006,7.41485e-06
3007,9.88681e-05
3008,0.000411316
3009,0.000371162
3010,3.33531e-05
3011,2.45901e-05
3012,0.000369603
3013,0.000395823
3014,-3.56323e-05
3015,-0.000225877
3016,0.000118167
3017,0.000330981
3018,-2.98314e-05
3019,-0.000376888
3020,-0.000128043
3021,0.000269893
3022,0.000155937
3023,-0.000184039
3024,-8.39044e-05
3025,0.000295731
3026,0.000313706
3027,4.16273e-05
3028,8.18669e-05
3029,0.000398433
3030,0.000382817
3031,3.1435e-05
3032,-8.00296e-06
3033,0.000340281
3034,0.000378843
3035,-8.68422e-05
3036,-0.000321824
3037,5.759e-05
3038,0.000370345
3039,4.36617e-05
3040,-0.000391741
3041,-0.000234506
3042,0.000212871
3043,0.000261951
3044,2.07792e-05
3045,3.22742e-05
3046,0.000212717
3047,0.000133136
3048,-4.48281e-06
3049,0.000282845
3050,0.00067244
3051,0.000414597
3052,-0.000276832
3053,-0.000374477
3054,0.000297973
3055,0.000706311
3056,0.000236958
3057,-0.000403095
3058,-0.000415154
3059,-4.55168e-05
3060,0.000130647
3061,0.000165431
3062,0.000252162
3063,0.000100748
3064,-0.0003666
3065,-0.00043407
3066,0.000328684
3067,0.00103553
3068,0.000634861
3069,-0.000373364
3070,-0.000581775
3071,0.000221866
3072,0.000854455
3073,0.000595608
3074,1.09597e-06
3075,-0.000282858
3076,-0.000319496
3077,-0.000209088
3078,0.000224373
3079,0.000656667
3080,0.00030874
3081,-0.000665018
3082,-0.000942523
3083,5.97022e-05
3084,0.00108373
3085,0.000787797
3086,-0.00029033
3087,-0.000652625
3088,-2.28616e-05
3089,0.000621388
3090,0.000707722
3091,0.000490569
3092,0.000127562
3093,-0.000384822
3094,-0.000526464
3095,0.000187268
3096,0.0010012
3097,0.000636282
3098,-0.000655609
3099,-0.00116001
3100,-0.000189216
3101,0.000888386
3102,0.000727977
3103,-0.000172365
3104,-0.000569018
3105,-0.000264292
3106,0.000179391
3107,0.000560396
3108,0.000812377
3109,0.000487738
3110,-0.000397967
3111,-0.000740236
3112,0.000187766
3113,0.00126408
3114,0.000907182
3115,-0.000501319
3116,-0.00110003
3117,-0.000269874
3118,0.000684618
3119,0.000658095
3120,4.07828e-05
3121,-0.000406627
3122,-0.0005607
3123,-0.000373762
3124,0.000354639
3125,0.00108578
3126,0.000733594
3127,-0.0005459
3128,-0.0010477
3129,9.14807e-05
3130,0.00141099
3131,0.00116969
3132,-0.000179372
3133,-0.000875319
3134,-0.000385629
3135,0.000359084
3136,0.000664059
3137,0.000562115
3138,3.56069e-05
3139,-0.00079883
3140,-0.00102962
3141,2.21028e-05
3142,0.00128066
3143,0.00100751
3144,-0.000558
3145,-0.00130031
3146,-0.000254408
3147,0.00111121
3148,0.00119574
3149,0.000309694
3150,-0.000364026
3151,-0.000464722
3152,-0.000179033
3153,0.00048323
3154,0.00110667
3155,0.000710385
3156,-0.000685075
3157,-0.0014012
3158,-0.000318729
3159,0.00120232
3160,0.00111651
3161,-0.000349068
3162,-0.00118282
3163,-0.000547648
3164,0.00046551
3165,0.000832535
3166,0.000652769
3167,0.000200598
3168,-0.000448444
3169,-0.000677002
3170,0.000192838
3171,0.00137652
3172,0.00118999
3173,-0.000385661
3174,-0.00131548
3175,-0.000405346
3176,0.000969641
3177,0.00101076
3178,-3.35538e-05
3179,-0.000734608
3180,-0.000632798
3181,-0.000205118
3182,0.000334149
3183,0.000828641
3184,0.000605515
3185,-0.00046878
3186,-0.00107346
3187,-9.62304e-05
3188,0.00136917
3189,0.00134011
3190,-0.000113039
3191,-0.000993913
3192,-0.000347332
3193,0.000667308
3194,0.000844998
3195,0.000385826
3196,-0.000119478
3197,-0.00057808
3198,-0.00072457
3199,-4.65365e-05
3200,0.000955807
3201,0.000868264
3202,-0.000471537
3203,-0.00129456
3204,-0.0003858
3205,0.00104352
3206,0.00117519
3207,0.000154256
3208,-0.000529113
3209,-0.000326449
3210,0.000157602
3211,0.000553796
3212,0.000843435
3213,0.000601918
3214,-0.000369981
3215,-0.00103995
3216,-0.000318625
3217,0.000994464
3218,0.00105561
3219,-0.000272031
3220,-0.00117287
3221,-0.000588404
3222,0.000464218
3223,0.000734057
3224,0.000358954
3225,-6.45195e-06
3226,-0.000284339
3227,-0.000402024
3228,0.000101821
3229,0.00100222
3230,0.00109195
3231,-3.02456e-05
3232,-0.000956951
3233,-0.000405573
3234,0.000802721
3235,0.000991791
3236,8.07064e-05
3237,-0.000619523
3238,-0.000501991
3239,-0.000109643
3240,0.000171218
3241,0.000430676
3242,0.000418886
3243,-0.000191076
3244,-0.000762161
3245,-0.000299099
3246,0.000817242
3247,0.00109312
3248,0.000164498
3249,-0.000611616
3250,-0.000246121
3251,0.000536754
3252,0.000679961
3253,0.0003013
3254,2.28633e-05
3255,-0.000142358
3256,-0.000333636
3257,-0.00019041
3258,0.000380313
3259,0.000584207
3260,-9.04779e-05
3261,-0.000781993
3262,-0.000437748
3263,0.000489706
3264,0.000722008
3265,0.00011679
3266,-0.000302191
3267,-5.83045e-05
3268,0.000290757
3269,0.00035212
3270,0.00037781
3271,0.000419335
3272,0.00013856
3273,-0.000295413
3274,-0.000196215
3275,0.000413796
3276,0.000598309
3277,-2.44356e-05
3278,-0.000590868
3279,-0.00034413
3280,0.000228682
3281,0.000310305
3282,1.09079e-05
3283,-8.77637e-05
3284,1.26141e-05
3285,-8.00041e-06
3286,9.95511e-06
3287,0.000340015
3288,0.000605129
3289,0.00029965
3290,-0.000208905
3291,-0.000140213
3292,0.000406562
3293,0.000578181
3294,0.000142537
3295,-0.000222399
3296,-0.000112966
3297,6.41039e-05
3298,-1.94335e-05
3299,-7.10863e-05
3300,0.000103011
3301,0.000135689
3302,-0.000163407
3303,-0.000308218
3304,6.13741e-05
3305,0.000475823
3306,0.000363445
3307,-1.43932e-05
3308,-3.76752e-05
3309,0.000255128
3310,0.000353565
3311,0.000200981
3312,0.000171212
3313,0.000271339
3314,0.000141351
3315,-0.000169112
3316,-0.000180002
3317,0.000157679
3318,0.000291804
3319,-2.70452e-05
3320,-0.000326057
3321,-0.000195789
3322,9.65776e-05
3323,0.000156374
3324,9.39514e-05
3325,0.000159201
3326,0.000206915
3327,4.92435e-05
3328,-3.87716e-05
3329,0.00024697
3330,0.000583142
3331,0.000432089
3332,-5.90241e-05
3333,-0.000230735
3334,7.51419e-05
3335,0.000333048
3336,0.000208646
3337,-3.10539e-05
3338,-0.000119758
3339,-0.000171665
3340,-0.000230256
3341,-5.32532e-05
3342,0.000320244
3343,0.000372446
3344,-8.19e-05
3345,-0.000414116
3346,-5.88264e-05
3347,0.000568262
3348,0.000663706
3349,0.000213036
3350,-0.000116445
3351,-3.20918e-05
3352,0.000160765
3353,0.000263644
3354,0.000359934
3355,0.000318659
3356,-9.4833e-05
3357,-0.000542142
3358,-0.000355254
3359,0.000348162
3360,0.000609356
3361,2.49013e-05
3362,-0.000590496
3363,-0.000414914
3364,0.000230786
3365,0.000539354
3366,0.000386841
3367,0.000163977
3368,-9.74493e-06
3369,-0.000152358
3370,2.05439e-05
3371,0.000579165
3372,0.000832852
3373,0.000212505
3374,-0.000617118
3375,-0.000535341
3376,0.000327084
3377,0.000737498
3378,0.000199859
3379,-0.000460144
3380,-0.000497143
3381,-0.000150669
3382,0.000139267
3383,0.000375606
3384,0.000467789
3385,7.40064e-05
3386,-0.000518945
3387,-0.000373539
3388,0.000606425
3389,0.00116141
3390,0.000457616
3391,-0.00055249
3392,-0.000530124
3393,0.000300846
3394,0.000723741
3395,0.000396715
3396,-5.28344e-05
3397,-0.000305593
3398,-0.000473811
3399,-0.000319213
3400,0.000357595
3401,0.00080764
3402,0.000178742
3403,-0.000859945
3404,-0.000784884
3405,0.000439229
3406,0.00118077
3407,0.000575892
3408,-0.000340667
3409,-0.000424175
3410,7.13539e-05
3411,0.000429908
3412,0.000602791
3413,0.000617623
3414,9.70496e-05
3415,-0.000733935
3416,-0.000743619
3417,0.000367357
3418,0.00114193
3419,0.000384477
3420,-0.000906785
3421,-0.000994415
3422,5.35963e-05
3423,0.000766446
3424,0.000569963
3425,0.000125699
3426,-0.000162426
3427,-0.000393093
3428,-0.00023705
3429,0.000620173
3430,0.00129027
3431,0.000609174
3432,-0.000777986
3433,-0.000990368
3434,0.000262706
3435,0.00118748
3436,0.000630534
3437,-0.000429948
3438,-0.000727926
3439,-0.000397678
3440,-3.16585e-05
3441,0.000396924
3442,0.000741402
3443,0.000285403
3444,-0.000795934
3445,-0.000987224
3446,0.000328359
3447,0.00150788
3448,0.000939569
3449,-0.000496569
3450,-0.000848884
3451,2.85817e-05
3452,0.000738382
3453,0.000688035
3454,0.000385346
3455,-1.81776e-05
3456,-0.000649353
3457,-0.000813102
3458,0.000152209
3459,0.00119804
3460,0.000690748
3461,-0.000879351
3462,-0.00132817
3463,-6.0072e-05
3464,0.00111493
3465,0.000850225
3466,-3.63906e-05
3467,-0.000372128
3468,-0.000254496
3469,-3.93592e-05
3470,0.000517755
3471,0.00113506
3472,0.000718731
3473,-0.000673103
3474,-0.00121673
3475,1.7804e-05
3476,0.00133834
3477,0.000882115
3478,-0.000594319
3479,-0.00109142
3480,-0.000358332
3481,0.000337458
3482,0.00048868
3483,0.000483984
3484,0.000206222
3485,-0.000553226
3486,-0.000854688
3487,0.000208568
3488,0.00150612
3489,0.00113762
3490,-0.000511499
3491,-0.00114849
3492,-4.56266e-05
3493,0.00105569
3494,0.000829648
3495,1.72568e-05
3496,-0.000374222
3497,-0.000490961
3498,-0.000490718
3499,9.38927e-05
3500,0.000934129
3501,0.000690133
3502,-0.000707931
3503,-0.00133936
3504,-0.000122337
3505,0.00131411
3506,0.00107328
3507,-0.000209076
3508,-0.000686376
3509,-0.000126021
3510,0.000396449
3511,0.000563724
3512,0.000702548
3513,0.00046534
3514,-0.000460034
3515,-0.0010181
3516,-0.000130538
3517,0.00115975
3518,0.000928892
3519,-0.000580276
3520,-0.00125394
3521,-0.000353092
3522,0.000651682
3523,0.000644367
3524,0.0001966
3525,-3.77891e-05
3526,-0.000282077
3527,-0.000440232
3528,0.000165733
3529,0.00116492
3530,0.00107226
3531,-0.00029413
3532,-0.00109676
3533,-0.000210286
3534,0.00100778
3535,0.000895711
3536,-0.000103397
3537,-0.000593661
3538,-0.000420307
3539,-0.000211925
3540,7.89374e-05
3541,0.000598955
3542,0.000594699
3543,-0.000364524
3544,-0.00106371
3545,-0.000265943
3546,0.0010947
3547,0.00115624
3548,-1.142e-05
3549,-0.000672664
3550,-0.000181322
3551,0.000442786
3552,0.000532768
3553,0.000472508
3554,0.000347801
3555,-0.000239154
3556,-0.000820006
3557,-0.000355726
3558,0.000780347
3559,0.000924856
3560,-0.000264822
3561,-0.00110295
3562,-0.000475945
3563,0.000563035
3564,0.000691168
3565,0.000207864
3566,-2.64767e-05
3567,-8.40402e-05
3568,-0.000221703
3569,3.93484e-05
3570,0.000809598
3571,0.00100837
3572,2.05771e-05
3573,-0.000908928
3574,-0.00042733
3575,0.000724013
3576,0.000863308
3577,-4.05004e-05
3578,-0.000619132
3579,-0.000389501
3580,-6.40721e-05
3581,6.47684e-05
3582,0.000333699
3583,0.000488504
3584,-4.60751e-05
3585,-0.000714895
3586,-0.000340761
3587,0.000804738
3588,0.00112655
3589,0.000187001
3590,-0.000603076
3591,-0.000249935
3592,0.000464996
3593,0.000553111
3594,0.000255058
3595,9.82318e-05
3596,-0.000121483
3597,-0.000494409
3598,-0.000373535
3599,0.000392463
3600,0.000736029
3601,-1.65917e-05
3602,-0.000837242
3603,-0.000505958
3604,0.000469823
3605,0.000749466
3606,0.000234207
3607,-0.000122656
3608,-1.92471e-05
3609,7.81487e-05
3610,0.000130979
3611,0.000452229
3612,0.000679858
3613,0.000196672
3614,-0.000542983
3615,-0.00046295
3616,0.000353808
3617,0.000678212
3618,6.87757e-05
3619,-0.000526409
3620,-0.00038712
3621,2.26659e-05
3622,0.000138991
3623,0.000158428
3624,0.000277332
3625,0.000154192
3626,-0.000242758
3627,-0.000239226
3628,0.000399659
3629,0.000830966
3630,0.000402553
3631,-0.000257333
3632,-0.000247648
3633,0.000230451
3634,0.000396601
3635,0.000175834
3636,2.37522e-05
3637,-3.68483e-05
3638,-0.00024462
3639,-0.000347596
3640,1.07496e-05
3641,0.000430792
3642,0.000244743
3643,-0.000316412
3644,-0.000398844
3645,0.000121245
3646,0.000504736
3647,0.000372438
3648,0.000135977
3649,0.00011125
3650,9.72423e-05
3651,2.54564e-05
3652,0.000174787
3653,0.000471308
3654,0.000380747
3655,-0.000160058
3656,-0.000458838
3657,-0.000120339
3658,0.000313613
3659,0.000240602
3660,-0.000121926
3661,-0.000250355
3662,-0.000138242
3663,-4.25705e-05
3664,9.00988e-05
3665,0.000341373
3666,0.000399499
3667,5.67328e-05
3668,-0.000234494
3669,3.23288e-05
3670,0.000543991
3671,0.000587935
3672,0.000137948
3673,-0.00018166
3674,-9.11491e-05
3675,8.82581e-05
3676,0.000126532
3677,0.00013752
3678,0.000109283
3679,-0.000136351
3680,-0.000411842
3681,-0.000257282
3682,0.000257061
3683,0.000464643
3684,9.35308e-05
3685,-0.000286049
3686,-0.000136274
3687,0.000288247
3688,0.000457404
3689,0.000341861
3690,0.000212352
3691,9.68321e-05
3692,-5.53206e-05
3693,-3.21979e-05
3694,0.000273215
3695,0.000451853
3696,0.000112719
3697,-0.000397326
3698,-0.000415897
3699,3.77272e-05
3700,0.000315147
3701,0.000129456
3702,-0.000140558
3703,-0.000165627
3704,-5.98619e-05
3705,5.3364e-05
3706,0.000263329
3707,0.000469461
3708,0.000338001
3709,-7.28876e-05
3710,-0.000193313
3711,0.000213266
3712,0.000593091
3713,0.00040288
3714,-8.69385e-05
3715,-0.000268807
3716,-8.88674e-05
3717,7.2293e-05
3718,9.19933e-05
3719,0.000101037
3720,2.97739e-05
3721,-0.000229608
3722,-0.000373943
3723,-4.35689e-05
3724,0.000459611
3725,0.000472197
3726,-8.106e-06
3727,-0.000271627
3728,3.33873e-05
3729,0.000442862
3730,0.000478256
3731,0.000268739
3732,0.000102995
3733,-3.60601e-05
3734,-0.000148617
3735,-3.07722e-06
3736,0.000346187
3737,0.00036417
3738,-0.000156989
3739,-0.000587777
3740,-0.000321529
3741,0.000280156
3742,0.000431213
3743,6.86473e-05
3744,-0.000217593
3745,-0.000147014
3746,5.77622e-05
3747,0.000261924
3748,0.00048829
3749,0.000507542
3750,9.61911e-05
3751,-0.00033596
3752,-0.000140276
3753,0.000502257
3754,0.000687745
3755,0.000113831
3756,-0.000475071
3757,-0.000419945
3758,1.1245e-05
3759,0.000251684
3760,0.000217484
3761,6.05792e-05
3762,-0.000215311
3763,-0.000438387
3764,-0.000182341
3765,0.000490464
3766,0.000782907
3767,0.000248056
3768,-0.00041396
3769,-0.000306863
3770,0.00037509
3771,0.00073277
3772,0.00046156
3773,1.33889e-05
3774,-0.00024941
3775,-0.000299549
3776,-7.25255e-05
3777,0.000376375
3778,0.000520036
3779,-3.63831e-05
3780,-0.000721006
3781,-0.000599248
3782,0.000232705
3783,0.000718594
3784,0.000355135
3785,-0.000226753
3786,-0.000335453
3787,-3.49509e-05
3788,0.000329485
3789,0.000615083
3790,0.000620502
3791,0.000128922
3792,-0.000468162
3793,-0.000374128
3794,0.000403059
3795,0.000825244
3796,0.000273911
3797,-0.000533701
3798,-0.000634823
3799,-0.000118812
3800,0.00029656
3801,0.000342801
3802,0.000173034
3803,-0.000159428
3804,-0.000477978
3805,-0.000279965
3806,0.000484945
3807,0.000942908
3808,0.000421684
3809,-0.000414559
3810,-0.000446875
3811,0.000272874
3812,0.000731296
3813,0.000491431
3814,3.16759e-05
3815,-0.000251446
3816,-0.000375928
3817,-0.000232418
3818,0.000275737
3819,0.000605827
3820,0.000125438
3821,-0.000695414
3822,-0.000710994
3823,0.000172647
3824,0.000791085
3825,0.000464618
3826,-0.000145787
3827,-0.000264555
3828,-1.64425e-05
3829,0.000227846
3830,0.000495219
3831,0.000670891
3832,0.000304079
3833,-0.000438464
3834,-0.00058267
3835,0.000190984
3836,0.000818059
3837,0.000382479
3838,-0.000488179
3839,-0.000663297
3840,-0.000161901
3841,0.000224535
3842,0.000275857
3843,0.000258249
3844,8.61373e-05
3845,-0.000332287
3846,-0.000416126
3847,0.000276474
3848,0.000979545
3849,0.000662611
3850,-0.000281572
3851,-0.00054561
3852,0.000103244
3853,0.00063036
3854,0.000452966
3855,5.68472e-05
3856,-0.000152879
3857,-0.000336329
3858,-0.000401474
3859,3.1915e-05
3860,0.000601475
3861,0.000392137
3862,-0.000491675
3863,-0.000792807
3864,-1.0938e-05
3865,0.000778695
3866,0.000615659
3867,-5.33315e-06
3868,-0.000201426
3869,-1.78121e-05
3870,0.000134091
3871,0.000346357
3872,0.000639287
3873,0.000453645
3874,-0.000328469
3875,-0.000728749
3876,-7.5101e-05
3877,0.000739119
3878,0.000524912
3879,-0.000369809
3880,-0.000703391
3881,-0.00024645
3882,0.000208894
3883,0.000305435
3884,0.000315187
3885,0.000204882
3886,-0.000214858
3887,-0.000438615
3888,0.000144146
3889,0.000949489
3890,0.000805883
3891,-0.000169676
3892,-0.000637279
3893,-7.62481e-05
3894,0.000564342
3895,0.000492234
3896,6.45141e-05
3897,-0.000197857
3898,-0.000363965
3899,-0.000422637
3900,-2.78102e-05
3901,0.000574244
3902,0.000492322
3903,-0.000346071
3904,-0.000772849
3905,-0.000103785
3906,0.000759496
3907,0.000736123
3908,0.000109232
3909,-0.000207412
3910,-7.85918e-05
3911,0.000104613
3912,0.000316835
3913,0.000577465
3914,0.00042695
3915,-0.000287864
3916,-0.000730047
3917,-0.000202038
3918,0.000599791
3919,0.000537227
3920,-0.000238075
3921,-0.000627102
3922,-0.000285997
3923,0.000157548
3924,0.000324016
3925,0.000378124
3926,0.000282153
3927,-0.00011985
3928,-0.000377664
3929,8.52392e-05
3930,0.000812286
3931,0.000762323
3932,-5.48521e-05
3933,-0.000529675
3934,-0.000155812
3935,0.000352205
3936,0.000355756
3937,9.70243e-05
3938,-9.08335e-05
3939,-0.00030781
3940,-0.000456051
3941,-0.000120688
3942,0.000495247
3943,0.000529089
3944,-0.000163154
3945,-0.000581115
3946,-9.33727e-05
3947,0.000591747
3948,0.000615321
3949,0.000206105
3950,3.23349e-06
3951,1.03215e-06
3952,-3.68499e-05
3953,9.65568e-05
3954,0.000467302
3955,0.000479474
3956,-0.000167043
3957,-0.000682523
3958,-0.000305767
3959,0.000407315
3960,0.00043331
3961,-0.000127172
3962,-0.000387825
3963,-0.00015435
3964,5.93826e-05
3965,0.00014093
3966,0.000357298
3967,0.000481351
3968,0.000104792
3969,-0.000344862
3970,-8.13118e-05
3971,0.000627128
3972,0.000721165
3973,4.80758e-05
3974,-0.000414892
3975,-0.000168112
3976,0.000180847
3977,0.000142588
3978,2.84095e-05
3979,5.50004e-05
3980,-0.000103875
3981,-0.000427465
3982,-0.000295689
3983,0.000345752
3984,0.000610922
3985,7.92488e-05
3986,-0.000418087
3987,-0.000123399
3988,0.000465597
3989,0.000533973
3990,0.000223349
3991,9.99859e-05
3992,0.000102567
3993,-5.66122e-05
3994,-9.94111e-05
3995,0.00024739
3996,0.000463678
3997,1.57652e-05
3998,-0.000566164
3999,-0.000424919
4000,0.000207652
4001,0.00039674
4002,1.05838e-05
4003,-0.000241358
4004,-8.72043e-05
4005,6.90082e-05
4006,0.000100201
4007,0.000287514
4008,0.000498401
4009,0.00027117
4010,-0.000198572
4011,-0.000171532
4012,0.000377628
4013,0.000609328
4014,0.000165203
4015,-0.000296269
4016,-0.000233046
4017,2.62184e-05
4018,5.80946e-05
4019,1.70381e-05
4020,7.44344e-05
4021,-1.82703e-05
4022,-0.000301358
4023,-0.000283514
4024,0.000207729
4025,0.000543785
4026,0.000252384
4027,-0.000181307
4028,-0.000103739
4029,0.00029477
4030,0.000429056
4031,0.000272461
4032,0.000163328
4033,9.57594e-05
4034,-8.57232e-05
4035,-0.000156558
4036,0.000106108
4037,0.000331159
4038,6.62973e-05
4039,-0.000385433
4040,-0.000377223
4041,4.55206e-05
4042,0.000265902
4043,0.00010317
4044,-4.65523e-05
4045,6.61066e-06
4046,5.77749e-05
4047,7.82678e-05
4048,0.000259618
4049,0.000461372
4050,0.000312059
4051,-6.88735e-05
4052,-0.000132483
4053,0.000203675
4054,0.000390827
4055,0.000142358
4056,-0.000160379
4057,-0.000171331
4058,-6.59212e-05
4059,-6.00932e-05
4060,-2.88558e-05
4061,9.09586e-05
4062,6.17945e-05
4063,-0.000158593
4064,-0.000191419
4065,0.000135628
4066,0.000413059
4067,0.000286477
4068,2.37981e-05
4069,3.24586e-05
4070,0.000217282
4071,0.000261835
4072,0.000188556
4073,0.000177289
4074,0.000140232
4075,-5.10337e-05
4076,-0.000186337
4077,-4.00248e-05
4078,0.000160369
4079,6.54874e-05
4080,-0.000195889
4081,-0.000229562
4082,-2.27134e-05
4083,0.000108085
4084,8.62997e-05
4085,0.000104253
4086,0.000173072
4087,0.000130495
4088,4.8007e-05
4089,0.000152877
4090,0.000358885
4091,0.00034019
4092,8.90504e-05
4093,-5.23441e-05
4094,4.2078e-05
4095,0.000125704
4096,5.29345e-05
4097,-2.44753e-05
4098,-2.63634e-05
4099,-8.46943e-05
4100,-0.00019462
4101,-0.000137979
4102,9.34655e-05
4103,0.000193645
4104,3.8594e-05
4105,-8.75308e-05
4106,3.82785e-05
4107,0.000238174
4108,0.000281042
4109,0.000231777
4110,0.000216935
4111,0.000164848
4112,3.82715e-05
4113,1.96072e-05
4114,0.000180363
4115,0.000251261
4116,3.06425e-05
4117,-0.00023646
4118,-0.000217445
4119,-3.06198e-06
4120,8.55733e-05
4121,4.5531e-06
4122,-5.43332e-05
4123,-4.5896e-05
4124,-4.6601e-05
4125,1.37355e-05
4126,0.000219015
4127,0.000376071
4128,0.000246228
4129,-8.04365e-06
4130,-7.42558e-06
4131,0.000249414
4132,0.00037935
4133,0.000210651
4134,-1.40715e-05
4135,-8.01633e-05
4136,-5.93284e-05
4137,-4.08899e-05
4138,2.24969e-05
4139,8.37213e-05
4140,-2.5011e-05
4141,-0.00024036
4142,-0.000237541
4143,6.6116e-05
4144,0.000309378
4145,0.000210042
4146,-1.70864e-05
4147,-2.30812e-05
4148,0.000166684
4149,0.000295087
4150,0.000292716
4151,0.000248014
4152,0.000150813
4153,-1.4837e-05
4154,-7.93393e-05
4155,7.95632e-05
4156,0.000236524
4157,9.5557e-05
4158,-0.000219293
4159,-0.000307566
4160,-8.61546e-05
4161,0.00012188
4162,0.000100916
4163,-9.31341e-06
4164,-3.50929e-05
4165,1.81265e-07
4166,6.23134e-05
4167,0.000206587
4168,0.00036282
4169,0.000317689
4170,7.29296e-05
4171,-5.50889e-05
4172,0.00011323
4173,0.000321415
4174,0.000253822
4175,-8.26501e-06
4176,-0.000160458
4177,-0.000123796
4178,-4.72025e-05
4179,-2.85574e-06
4180,3.63342e-05
4181,1.61646e-05
4182,-0.000111939
4183,-0.00018802
4184,-2.02739e-05
4185,0.000263762
4186,0.00033558
4187,0.000144525
4188,-9.06837e-06
4189,7.49637e-05
4190,0.000249542
4191,0.000304957
4192,0.000239423
4193,0.000134207
4194,5.42646e-07
4195,-0.000111298
4196,-7.20576e-05
4197,9.56003e-05
4198,0.000145124
4199,-5.26646e-05
4200,-0.0002705
4201,-0.000227122
4202,1.73094e-05
4203,0.000180415
4204,0.000153966
4205,6.24137e-05
4206,1.80257e-05
4207,4.02952e-05
4208,0.00015079
4209,0.000323517
4210,0.000388501
4211,0.000213518
4212,-4.17362e-05
4213,-8.20288e-05
4214,0.000111536
4215,0.000249671
4216,0.000139484
4217,-9.30899e-05
4218,-0.000228806
4219,-0.000201547
4220,-6.45686e-05
4221,9.62824e-05
4222,0.000151079
4223,1.67468e-05
4224,-0.000164066
4225,-0.000121203
4226,0.000173558
4227,0.00041524
4228,0.000354233
4229,0.000109992
4230,-2.61448e-05
4231,4.89865e-05
4232,0.000214996
4233,0.000313942
4234,0.000243694
4235,-4.95395e-07
4236,-0.00024667
4237,-0.000243736
4238,1.86618e-05
4239,0.00022003
4240,9.75024e-05
4241,-0.000197754
4242,-0.000305513
4243,-0.000112469
4244,0.000175159
4245,0.000324597
4246,0.000265227
4247,6.8763e-05
4248,-8.12205e-05
4249,1.58304e-05
4250,0.000326432
4251,0.000510914
4252,0.000306874
4253,-8.89854e-05
4254,-0.000244994
4255,-4.68862e-05
4256,0.000205679
4257,0.000222932
4258,1.31088e-05
4259,-0.000237404
4260,-0.000343158
4261,-0.000188618
4262,0.000148582
4263,0.000347976
4264,0.000166991
4265,-0.000179927
4266,-0.000226129
4267,0.000130139
4268,0.000486091
4269,0.000476616
4270,0.000187811
4271,-6.18906e-05
4272,-9.64635e-05
4273,6.78575e-05
4274,0.000297704
4275,0.000351675
4276,6.48326e-05
4277,-0.000346653
4278,-0.000423085
4279,-5.8392e-05
4280,0.000298614
4281,0.000227385
4282,-0.00012688
4283,-0.000316355
4284,-0.00016691
4285,0.000144744
4286,0.000389459
4287,0.000417968
4288,0.000182214
4289,-0.000124468
4290,-0.000129915
4291,0.000247042
4292,0.000564602
4293,0.000389031
4294,-9.97275e-05
4295,-0.000352615
4296,-0.000174996
4297,0.000127461
4298,0.000232728
4299,9.7157e-05
4300,-0.000166156
4301,-0.00037285
4302,-0.000284966
4303,0.000122917
4304,0.000458637
4305,0.000321257
4306,-0.000109748
4307,-0.000258341
4308,6.92893e-05
4309,0.000463366
4310,0.000511749
4311,0.000255153
4312,-3.37308e-05
4313,-0.000172972
4314,-7.96699e-05
4315,0.000201564
4316,0.000373463
4317,0.000132021
4318,-0.00034335
4319,-0.000495977
4320,-0.000134485
4321,0.000283103
4322,0.000288788
4323,-1.39476e-05
4324,-0.000221464
4325,-0.00016176
4326,7.97274e-05
4327,0.000367147
4328,0.000502823
4329,0.000296466
4330,-9.94864e-05
4331,-0.000208238
4332,0.000143931
4333,0.000500427
4334,0.000378063
4335,-7.05107e-05
4336,-0.000333255
4337,-0.000235659
4338,-4.75824e-06
4339,0.000151107
4340,0.000159325
4341,-3.1711e-05
4342,-0.000311612
4343,-0.000326922
4344,7.4248e-05
4345,0.000480145
4346,0.000404881
4347,-4.20773e-06
4348,-0.000180545
4349,5.43827e-05
4350,0.00034935
4351,0.000413396
4352,0.000288822
4353,7.48534e-05
4354,-0.000163215
4355,-0.000222667
4356,3.8585e-05
4357,0.000324146
4358,0.000187396
4359,-0.000268719
4360,-0.000461147
4361,-0.000165866
4362,0.000200542
4363,0.000250663
4364,9.29042e-05
4365,-2.48322e-05
4366,-6.52048e-05
4367,-7.47341e-06
4368,0.000238087
4369,0.000506896
4370,0.000420394
4371,-6.47896e-06
4372,-0.000239764
4373,1.4024e-05
4374,0.000353863
4375,0.000305143
4376,-1.78984e-05
4377,-0.000223183
4378,-0.000228874
4379,-0.00015863
4380,-6.1824e-06
4381,0.000189129
4382,0.00016204
4383,-0.000155073
4384,-0.000334255
4385,-3.02106e-05
4386,0.000422639
4387,0.000470225
4388,0.000150668
4389,-5.45789e-05
4390,2.66743e-05
4391,0.000170756
4392,0.000254689
4393,0.000311816
4394,0.000224525
4395,-0.000102395
4396,-0.000360765
4397,-0.000177855
4398,0.000226016
4399,0.000272954
4400,-0.000101522
4401,-0.000371147
4402,-0.000233334
4403,5.34812e-05
4404,0.0002076
4405,0.000253076
4406,0.000215548
4407,2.74597e-05
4408,-0.000133568
4409,5.72939e-05
4410,0.000472478
4411,0.000554499
4412,0.000140309
4413,-0.000247392
4414,-0.000174679
4415,0.000127005
4416,0.000233993
4417,0.000115915
4418,-5.44078e-05
4419,-0.000237316
4420,-0.000348773
4421,-0.00016654
4422,0.000238673
4423,0.00038001
4424,3.76984e-05
4425,-0.000313316
4426,-0.000163291
4427,0.000293209
4428,0.000507378
4429,0.000353903
4430,0.000115494
4431,-3.2749e-05
4432,-7.27701e-05
4433,7.23542e-05
4434,0.000345891
4435,0.000377577
4436,-3.32889e-05
4437,-0.000460966
4438,-0.000368389
4439,9.51159e-05
4440,0.000314672
4441,9.20635e-05
4442,-0.000202076
4443,-0.000260456
4444,-0.000118808
4445,0.000129074
4446,0.000398556
4447,0.000443801
4448,0.00011786
4449,-0.000224657
4450,-8.99075e-05
4451,0.000392364
4452,0.000582639
4453,0.000242344
4454,-0.000184206
4455,-0.000272041
4456,-9.64169e-05
4457,9.37188e-05
4458,0.000195863
4459,0.000120491
4460,-0.000187944
4461,-0.000454329
4462,-0.000269879
4463,0.000251151
4464,0.000487021
4465,0.000175409
4466,-0.000206996
4467,-0.000163827
4468,0.000179057
4469,0.00041787
4470,0.000425155
4471,0.00027048
4472,-3.95906e-06
4473,-0.000224698
4474,-9.90569e-05
4475,0.000294558
4476,0.000416119
4477,7.90893e-06
4478,-0.000449864
4479,-0.000405727
4480,-1.77944e-06
4481,0.000238426
4482,0.000160695
4483,-1.41752e-05
4484,-0.000143486
4485,-0.000176029
4486,2.35132e-05
4487,0.000409681
4488,0.000560819
4489,0.000218135
4490,-0.000205196
4491,-0.000145864
4492,0.000277249
4493,0.00046849
4494,0.000232529
4495,-8.5925e-05
4496,-0.000222072
4497,-0.00021511
4498,-9.19556e-05
4499,0.000139224
4500,0.000227893
4501,-5.34881e-05
4502,-0.000405901
4503,-0.000304461
4504,0.000190122
4505,0.000468002
4506,0.000264237
4507,-3.27532e-05
4508,-5.57727e-05
4509,0.000100065
4510,0.000241377
4511,0.000356156
4512,0.000366253
4513,0.000109045
4514,-0.000243903
4515,-0.000246473
4516,0.000127517
4517,0.000336644
4518,6.56766e-05
4519,-0.000309568
4520,-0.000334801
4521,-9.79477e-05
4522,8.07069e-05
4523,0.000149382
4524,0.000170273
4525,6.44537e-05
4526,-0.000122952
4527,-7.59338e-05
4528,0.000292192
4529,0.000544051
4530,0.000325472
4531,-6.26006e-05
4532,-0.000123655
4533,0.000106547
4534,0.000238133
4535,0.000162091
4536,4.34867e-05
4537,-8.50611e-05
4538,-0.000250753
4539,-0.000264763
4540,2.46846e-06
4541,0.000244791
4542,0.00010356
4543,-0.000221485
4544,-0.000237779
4545,8.40081e-05
4546,0.000322422
4547,0.000286981
4548,0.000179834
4549,0.000127822
4550,6.05915e-05
4551,3.84928e-05
4552,0.000199772
4553,0.000368796
4554,0.000214511
4555,-0.000161679
4556,-0.000290957
4557,-5.56973e-05
4558,0.000147743
4559,5.99147e-05
4560,-0.00011401
4561,-0.00015451
4562,-0.000129927
4563,-9.12753e-05
4564,7.25859e-05
4565,0.000290534
4566,0.000268699
4567,3.85751e-06
4568,-9.70322e-05
4569,0.000156254
4570,0.000411982
4571,0.000336824
4572,9.59754e-05
4573,-1.09585e-05
4574,-6.79955e-06
4575,-2.15347e-05
4576,1.24027e-05
4577,0.000118573
4578,7.50761e-05
4579,-0.000194457
4580,-0.000351152
4581,-0.000132887
4582,0.00018266
4583,0.000195612
4584,-9.07429e-06
4585,-7.73081e-05
4586,3.92154e-05
4587,0.000144513
4588,0.00021476
4589,0.000319794
4590,0.000320791
4591,9.26036e-05
4592,-0.000114578
4593,7.54232e-06
4594,0.000278478
4595,0.000263733
4596,-4.3757e-05
4597,-0.000246779
4598,-0.000181116
4599,-5.87557e-05
4600,-1.06523e-05
4601,4.21408e-05
4602,6.61515e-05
4603,-6.48247e-05
4604,-0.000202659
4605,-4.63695e-05
4606,0.000311888
4607,0.000426865
4608,0.000178129
4609,-4.64547e-05
4610,3.11489e-05
4611,0.000219061
4612,0.000266914
4613,0.000211263
4614,0.000129804
4615,-3.90995e-05
4616,-0.000226383
4617,-0.000178043
4618,9.74718e-05
4619,0.000206075
4620,-4.98158e-05
4621,-0.000323732
4622,-0.000243388
4623,5.55954e-05
4624,0.000218862
4625,0.000191851
4626,0.000128874
4627,6.24323e-05
4628,-2.45694e-06
4629,8.27716e-05
4630,0.000340067
4631,0.000454211
4632,0.000194351
4633,-0.000157442
4634,-0.000174871
4635,8.74828e-05
4636,0.000222367
4637,8.36699e-05
4638,-0.000116565
4639,-0.000217676
4640,-0.000230161
4641,-0.000125912
4642,0.000106188
4643,0.000249462
4644,8.8749e-05
4645,-0.000177827
4646,-0.000140096
4647,0.000210998
4648,0.000452311
4649,0.000342655
4650,9.73662e-05
4651,-1.23321e-05
4652,2.14634e-05
4653,0.000110444
4654,0.000217209
4655,0.000230176
4656,1.51852e-05
4657,-0.000286024
4658,-0.000320869
4659,-3.07674e-05
4660,0.000206914
4661,0.000103367
4662,-0.000155704
4663,-0.000229963
4664,-7.22562e-05
4665,0.000139451
4666,0.000284469
4667,0.000309898
4668,0.00017121
4669,-2.80756e-05
4670,-3.1198e-05
4671,0.000222794
4672,0.000422845
4673,0.000280905
4674,-5.68727e-05
4675,-0.000223809
4676,-0.000119306
4677,5.14565e-05
4678,0.000108286
4679,3.37098e-05
4680,-0.000125161
4681,-0.000265219
4682,-0.000216831
4683,5.28787e-05
4684,0.000292262
4685,0.000240369
4686,-2.82624e-06
4687,-9.89122e-05
4688,7.49268e-05
4689,0.000309417
4690,0.00037856
4691,0.000263591
4692,6.99366e-05
4693,-8.09732e-05
4694,-7.47529e-05
4695,9.13657e-05
4696,0.000217245
4697,9.49512e-05
4698,-0.000189633
4699,-0.000327544
4700,-0.000181904
4701,5.941e-05
4702,0.00015657
4703,7.74737e-05
4704,-5.30933e-05
4705,-0.000105399
4706,-2.13781e-06
4707,0.000225666
4708,0.000393496
4709,0.000319107
4710,7.34709e-05
4711,-6.41237e-05
4712,4.5351e-05
4713,0.000233704
4714,0.000263831
4715,0.000101622
4716,-0.000111856
4717,-0.000231248
4718,-0.000185244
4719,-9.71788e-06
4720,0.000128309
4721,6.15874e-05
4722,-0.000149749
4723,-0.000240244
4724,-6.57655e-05
4725,0.000207549
4726,0.000322721
4727,0.00022864
4728,7.21477e-05
4729,2.91009e-06
4730,7.64954e-05
4731,0.000245941
4732,0.000354649
4733,0.000242011
4734,-4.11657e-05
4735,-0.00022333
4736,-0.000129007
4737,8.88324e-05
4738,0.0001498
4739,-7.97209e-06
4740,-0.000204911
4741,-0.000262421
4742,-0.00014234
4743,8.0006e-05
4744,0.000250606
4745,0.000216117
4746,8.74357e-06
4747,-0.000111977
4748,4.89451e-05
4749,0.000341593
4750,0.000439247
4751,0.000247667
4752,-1.31022e-05
4753,-0.000109686
4754,-1.83609e-05
4755,0.000136097
4756,0.000203248
4757,7.66888e-05
4758,-0.000194339
4759,-0.000361586
4760,-0.000217388
4761,0.000105426
4762,0.000247798
4763,7.41074e-05
4764,-0.000164916
4765,-0.000172283
4766,5.80309e-05
4767,0.000311508
4768,0.000403533
4769,0.000283081
4770,3.9229e-05
4771,-0.000109494
4772,1.63119e-05
4773,0.000298586
4774,0.000380558
4775,0.000102528
4776,-0.000261081
4777,-0.000338012
4778,-0.000107824
4779,0.000134472
4780,0.000157785
4781,-1.8704e-05
4782,-0.000226696
4783,-0.000275734
4784,-6.1144e-05
4785,0.000287397
4786,0.000438745
4787,0.00022198
4788,-0.000103423
4789,-0.000131339
4790,0.000175023
4791,0.000450766
4792,0.000399927
4793,9.9838e-05
4794,-0.000173296
4795,-0.000230656
4796,-6.02196e-05
4797,0.000181014
4798,0.000229769
4799,-3.91147e-05
4800,-0.000382844
4801,-0.000398303
4802,-2.91404e-05
4803,0.000326257
4804,0.000308263
4805,1.62508e-05
4806,-0.000180328
4807,-8.54071e-05
4808,0.000199558
4809,0.000445596
4810,0.000452375
4811,0.000173866
4812,-0.000165071
4813,-0.000210697
4814,9.98125e-05
4815,0.000384624
4816,0.000262439
4817,-0.000157059
4818,-0.000424232
4819,-0.000306131
4820,1.23458e-05
4821,0.000222177
4822,0.000179111
4823,-5.797e-05
4824,-0.000272286
4825,-0.000203089
4826,0.000177433
4827,0.000519826
4828,0.000446847
4829,4.73557e-05
4830,-0.000202966
4831,-3.8756e-05
4832,0.000301737
4833,0.000430411
4834,0.000239377
4835,-9.34686e-05
4836,-0.000323361
4837,-0.000279266
4838,1.61607e-05
4839,0.000271475
4840,0.000165814
4841,-0.000226841
4842,-0.000445377
4843,-0.000203605
4844,0.000240581
4845,0.000430079
4846,0.000252767
4847,-2.76132e-05
4848,-0.000132923
4849,1.58474e-05
4850,0.000311692
4851,0.000504317
4852,0.000353984
4853,-6.57791e-05
4854,-0.000334953
4855,-0.000160726
4856,0.000218682
4857,0.000321852
4858,3.06278e-05
4859,-0.00032026
4860,-0.000397707
4861,-0.000182682
4862,0.000128944
4863,0.000307407
4864,0.000199613
4865,-0.000110341
4866,-0.000268445
4867,-1.37183e-05
4868,0.000430525
4869,0.000571133
4870,0.000266375
4871,-0.000113081
4872,-0.000182168
4873,4.24258e-05
4874,0.000282216
4875,0.000317604
4876,9.53474e-05
4877,-0.00025658
4878,-0.000437942
4879,-0.000226497
4880,0.000183667
4881,0.000320053
4882,2.25908e-05
4883,-0.000326862
4884,-0.000301589
4885,5.77084e-05
4886,0.000382868
4887,0.000430973
4888,0.000229691
4889,-4.33967e-05
4890,-0.000150268
4891,6.15071e-05
4892,0.000416712
4893,0.000487988
4894,0.000113031
4895,-0.000327226
4896,-0.000365208
4897,-3.31167e-05
4898,0.000239399
4899,0.000184526
4900,-8.85416e-05
4901,-0.000327856
4902,-0.00034307
4903,-7.11684e-05
4904,0.000313371
4905,0.000439459
4906,0.000147582
4907,-0.000215677
4908,-0.000179154
4909,0.000232799
4910,0.000539931
4911,0.00043299
4912,7.97078e-05
4913,-0.000185652
4914,-0.000199927
4915,8.8293e-06
4916,0.000263186
4917,0.000277625
4918,-6.68038e-05
4919,-0.000456276
4920,-0.000432595
4921,1.05738e-06
4922,0.000345726
4923,0.000251929
4924,-8.10884e-05
4925,-0.000248555
4926,-0.000110913
4927,0.000195253
4928,0.000457318
4929,0.000468658
4930,0.000162784
4931,-0.000193547
4932,-0.000189282
4933,0.000192845
4934,0.000471389
4935,0.000275332
4936,-0.00017763
4937,-0.000409633
4938,-0.000270035
4939,1.91833e-05
4940,0.000203958
4941,0.000160175
4942,-9.9659e-05
4943,-0.000351357
4944,-0.000264727
4945,0.000176407
4946,0.00052488
4947,0.000394521
4948,-1.70893e-05
4949,-0.000198409
4950,1.52993e-05
4951,0.000330745
4952,0.000437958
4953,0.000279276
4954,-3.56353e-05
4955,-0.000300707
4956,-0.000271894
4957,6.06792e-05
4958,0.000318413
4959,0.000141471
4960,-0.000294796
4961,-0.000468066
4962,-0.000189651
4963,0.000204178
4964,0.00034151
4965,0.000197814
4966,-3.1634e-05
4967,-0.000152247
4968,-2.54249e-05
4969,0.000314609
4970,0.000550851
4971,0.000370043
4972,-7.93306e-05
4973,-0.000294813
4974,-6.4913e-05
4975,0.000269795
4976,0.000300046
4977,2.51068e-05
4978,-0.000272034
4979,-0.00037446
4980,-0.000226188
4981,8.36366e-05
4982,0.00029385
4983,0.000158581
4984,-0.00019366
4985,-0.000312648
4986,5.72092e-06
4987,0.000422451
4988,0.000497905
4989,0.000226189
4990,-5.66941e-05
4991,-0.000110423
4992,5.46032e-05
4993,0.000287566
4994,0.000370669
4995,0.000143344
4996,-0.000254644
4997,-0.00041966
4998,-0.000161953
4999,0.000201107
