0,0
1,0
2,0
3,0
4,0
5,0
6,0
7,0
8,0
9,0
10,0
11,0
12,0
13,0
14,0
15,0
16,0
17,0
18,0
19,0
20,0
21,0
22,0
23,0
24,0
25,0
26,0
27,0
28,0
29,0
30,0
31,0
32,0
33,0
34,0
35,0
36,0
37,0
38,0
39,0
40,0
41,0
42,0
43,0
44,0
45,0
46,0
47,0
48,0
49,0
50,0
51,0
52,0
53,0
54,0
55,0
56,0
57,0
58,0
59,0
60,0
61,0
62,0
63,0
64,0
65,0
66,0
67,0
68,0
69,0
70,0
71,0
72,0
73,0
74,0
75,0
76,0
77,0
78,0
79,0
80,0
81,0
82,0
83,0
84,0
85,0
86,0
87,0
88,0
89,0
90,0
91,0
92,0
93,0
94,0
95,0
96,0
97,0
98,0
99,0
100,0
101,0
102,0
103,0
104,0
105,0
106,0
107,0
108,0
109,0
110,0
111,0
112,0
113,0
114,0
115,0
116,0
117,0
118,0
119,0
120,0
121,0
122,0
123,0
124,0
125,0
126,0
127,0
128,0
129,0
130,0
131,0
132,0
133,0
134,0
135,0
136,0
137,0
138,0
139,0
140,0
141,0
142,0
143,0
144,0
145,0
146,0
147,0
148,0
149,0
150,0
151,0
152,0
153,0
154,0
155,0
156,0
157,0
158,0
159,0
160,0
161,0
162,0
163,0
164,0
165,0
166,0
167,0
168,0
169,0
170,0
171,0
172,0
173,0
174,0
175,0
176,0
177,0
178,0
179,0
180,0
181,0
182,0
183,0
184,0
185,0
186,0
187,0
188,0
189,0
190,0
191,0
192,0
193,0
194,0
195,0
196,0
197,0
198,0
199,0
200,0
201,0
202,0
203,0
204,0
205,0
206,0
207,0
208,0
209,0
210,0
211,0
212,0
213,0
214,0
215,0
216,0
217,0
218,0
219,0
220,0
221,0
222,0
223,0
224,0
225,0
226,0
227,0
228,0
229,0
230,0
231,0
232,0
233,0
234,0
235,0
236,0
237,0
238,0
239,0
240,0
241,0
242,0
243,0
244,0
245,0
246,0
247,0
248,0
249,0
250,0
251,0
252,0
253,0
254,0
255,0
256,0
257,0
258,0
259,0
260,0
261,0
262,0
263,0
264,0
265,0
266,0
267,0
268,0
269,0
270,0
271,0
272,0
273,0
274,0
275,0
276,0
277,0
278,0
279,0
280,0
281,0
282,0
283,0
284,0
285,0
286,0
287,0
288,0
289,0
290,0
291,0
292,0
293,0
294,0
295,0
296,0
297,0
298,0
299,0
300,0
301,0
302,0
303,0
304,0
305,0
306,0
307,0
308,0
309,0
310,0
311,0
312,0
313,0
314,0
315,0
316,0
317,0
318,0
319,0
320,0
321,0
322,0
323,0
324,0
325,0
326,0
327,0
328,0
329,0
330,0
331,0
332,0
333,0
334,0
335,0
336,0
337,0
338,2.46403e-203
339,8.37528e-201
340,1.59724e-198
341,2.20716e-196
342,2.4164e-194
343,2.19214e-192
344,1.69591e-190
345,1.14255e-188
346,6.81307e-187
347,3.64287e-185
348,1.76514e-183
349,7.81912e-182
350,3.18994e-180
351,1.20608e-178
352,4.24899e-177
353,1.40135e-175
354,4.34455e-174
355,1.27075e-172
356,3.51802e-171
357,9.24519e-170
358,2.31232e-168
359,5.51722e-167
360,1.25853e-165
361,2.75002e-164
362,5.7665e-163
363,1.16229e-161
364,2.25531e-160
365,4.21893e-159
366,7.61853e-158
367,1.32967e-156
368,2.24552e-155
369,3.67327e-154
370,5.8262e-153
371,8.96854e-152
372,1.34105e-150
373,1.94947e-149
374,2.75726e-148
375,3.79707e-147
376,5.0949e-146
377,6.66544e-145
378,8.50748e-144
379,1.06002e-142
380,1.29008e-141
381,1.53443e-140
382,1.78454e-139
383,2.03037e-138
384,2.26099e-137
385,2.46543e-136
386,2.63358e-135
387,2.75705e-134
388,2.82981e-133
389,2.84875e-132
390,2.81382e-131
391,2.72795e-130
392,2.59672e-129
393,2.42776e-128
394,2.23006e-127
395,2.01321e-126
396,1.78672e-125
397,1.55933e-124
398,1.33862e-123
399,1.13066e-122
400,9.39877e-122
401,7.69105e-121
402,6.197e-120
403,4.91768e-119
404,3.84434e-118
405,2.96116e-117
406,2.24789e-116
407,1.68209e-115
408,1.24101e-114
409,9.02898e-114
410,6.47919e-113
411,4.58674e-112
412,3.20381e-111
413,2.20843e-110
414,1.50256e-109
415,1.00922e-108
416,6.69282e-108
417,4.38305e-107
418,2.835e-106
419,1.81136e-105
420,1.14339e-104
421,7.13159e-104
422,4.39581e-103
423,2.67801e-102
424,1.61274e-101
425,9.60175e-101
426,5.65232e-100
427,3.29039e-99
428,1.89437e-98
429,1.07877e-97
430,6.07703e-97
431,3.38689e-96
432,1.8677e-95
433,1.01919e-94
434,5.50413e-94
435,2.9421e-93
436,1.55669e-92
437,8.15394e-92
438,4.22859e-91
439,2.17133e-90
440,1.10408e-89
441,5.55979e-89
442,2.77293e-88
443,1.36987e-87
444,6.70374e-87
445,3.25004e-86
446,1.5611e-85
447,7.42978e-85
448,3.50397e-84
449,1.63764e-83
450,7.58545e-83
451,3.48243e-82
452,1.58472e-81
453,7.14868e-81
454,3.1969e-80
455,1.41741e-79
456,6.23091e-79
457,2.71599e-78
458,1.17396e-77
459,5.03216e-77
460,2.13924e-76
461,9.01977e-76
462,3.77214e-75
463,1.56482e-74
464,6.43942e-74
465,2.62884e-73
466,1.06473e-72
467,4.27853e-72
468,1.70591e-71
469,6.74913e-71
470,2.64966e-70
471,1.0323e-69
472,3.99136e-69
473,1.53162e-68
474,5.83342e-68
475,2.20523e-67
476,8.27497e-67
477,3.08234e-66
478,1.13976e-65
479,4.18399e-65
480,1.52485e-64
481,5.51748e-64
482,1.98222e-63
483,7.07101e-63
484,2.50463e-62
485,8.80962e-62
486,3.07709e-61
487,1.06736e-60
488,3.67689e-60
489,1.25798e-59
490,4.27465e-59
491,1.44271e-58
492,4.83645e-58
493,1.61049e-57
494,5.32704e-57
495,1.75036e-56
496,5.71344e-56
497,1.85272e-55
498,5.9687e-55
499,1.91038e-54
500,6.07498e-54
501,1.91941e-53
502,6.02563e-53
503,1.87958e-52
504,5.82583e-52
505,1.79434e-51
506,5.49179e-51
507,1.67031e-50
508,5.04857e-50
509,1.51648e-49
510,4.52707e-49
511,1.34313e-48
512,3.96053e-48
513,1.16073e-47
514,3.38116e-47
515,9.78957e-47
516,2.81733e-46
517,8.05933e-46
518,2.29169e-45
519,6.47767e-45
520,1.82011e-44
521,5.08396e-44
522,1.4117e-43
523,3.89695e-43
524,1.06945e-42
525,2.91782e-42
526,7.91456e-42
527,2.13439e-41
528,5.72281e-41
529,1.5256e-40
530,4.04365e-40
531,1.06566e-39
532,2.79243e-39
533,7.27568e-39
534,1.88494e-38
535,4.85584e-38
536,1.24388e-37
537,3.16845e-37
538,8.0256e-37
539,2.02151e-36
540,5.06349e-36
541,1.26126e-35
542,3.12425e-35
543,7.69627e-35
544,1.88544e-34
545,4.59357e-34
546,1.11301e-33
547,2.68201e-33
548,6.42751e-33
549,1.53197e-32
550,3.63152e-32
551,8.56171e-32
552,2.00758e-31
553,4.68196e-31
554,1.086e-30
555,2.50546e-30
556,5.74908e-30
557,1.31211e-29
558,2.97854e-29
559,6.72519e-29
560,1.51034e-28
561,3.3738e-28
562,7.49617e-28
563,1.65668e-27
564,3.64182e-27
565,7.96312e-27
566,1.73194e-26
567,3.74691e-26
568,8.0631e-26
569,1.72593e-25
570,3.67484e-25
571,7.78304e-25
572,1.63967e-24
573,3.43606e-24
574,7.16248e-24
575,1.48513e-23
576,3.06314e-23
577,6.28447e-23
578,1.28254e-22
579,2.60359e-22
580,5.25744e-22
581,1.05603e-21
582,2.10997e-21
583,4.19348e-21
584,8.29029e-21
585,1.63027e-20
586,3.18893e-20
587,6.20472e-20
588,1.20085e-19
589,2.31177e-19
590,4.42676e-19
591,8.43159e-19
592,1.5974e-18
593,3.01019e-18
594,5.64219e-18
595,1.05189e-17
596,1.95056e-17
597,3.59756e-17
598,6.59955e-17
599,1.20412e-16
600,2.18511e-16
601,3.94382e-16
602,7.07936e-16
603,1.26386e-15
604,2.24402e-15
605,3.96247e-15
606,6.95847e-15
607,1.21523e-14
608,2.11055e-14
609,3.64513e-14
610,6.2604e-14
611,1.06919e-13
612,1.81576e-13
613,3.06622e-13
614,5.14848e-13
615,8.59553e-13
616,1.42683e-12
617,2.35485e-12
618,3.86395e-12
619,6.30326e-12
620,1.02222e-11
621,1.64801e-11
622,2.64113e-11
623,4.20742e-11
624,6.66224e-11
625,1.04854e-10
626,1.64016e-10
627,2.54979e-10
628,3.93927e-10
629,6.04776e-10
630,9.22607e-10
631,1.39847e-09
632,2.1061e-09
633,3.15107e-09
634,4.6834e-09
635,6.91438e-09
636,1.01391e-08
637,1.47658e-08
638,2.13543e-08
639,3.06651e-08
640,4.37203e-08
641,6.18802e-08
642,8.69351e-08
643,1.21215e-07
644,1.67714e-07
645,2.30234e-07
646,3.1353e-07
647,4.23467e-07
648,5.67157e-07
649,7.53066e-07
650,9.91068e-07
651,1.2924e-06
652,1.6695e-06
653,2.13561e-06
654,2.70423e-06
655,3.38819e-06
656,4.19842e-06
657,5.14227e-06
658,6.22154e-06
659,7.42996e-06
660,8.75052e-06
661,1.01525e-05
662,1.15886e-05
663,1.29924e-05
664,1.42771e-05
665,1.53345e-05
666,1.60375e-05
667,1.62439e-05
668,1.58036e-05
669,1.45707e-05
670,1.24172e-05
671,9.25286e-06
672,5.04583e-06
673,-1.53651e-07
674,-6.19089e-06
675,-1.27877e-05
676,-1.95302e-05
677,-2.58684e-05
678,-3.113e-05
679,-3.45541e-05
680,-3.53455e-05
681,-3.27513e-05
682,-2.61565e-05
683,-1.51946e-05
684,1.39338e-07
685,1.93835e-05
686,4.15311e-05
687,6.49965e-05
688,8.76451e-05
689,0.000106902
690,0.000119948
691,0.000124002
692,0.000116678
693,9.63861e-05
694,6.2729e-05
695,1.68483e-05
696,-3.83559e-05
697,-9.81903e-05
698,-0.000156375
699,-0.000205523
700,-0.000237894
701,-0.000246368
702,-0.000225564
703,-0.000172949
704,-8.97755e-05
705,1.83344e-05
706,0.000141341
707,0.000265391
708,0.000374119
709,0.0004506
710,0.000479751
711,0.000450904
712,0.000360154
713,0.000212045
714,2.02038e-05
715,-0.000193386
716,-0.000400588
717,-0.00057067
718,-0.000674832
719,-0.000691078
720,-0.000608622
721,-0.000431005
722,-0.000177143
723,0.000120142
724,0.000418207
725,0.000670871
726,0.000836018
727,0.000883241
728,0.000800101
729,0.000595636
730,0.000300151
731,-3.90288e-05
732,-0.000365408
733,-0.000623492
734,-0.000769419
735,-0.000779875
736,-0.000657284
737,-0.000429884
738,-0.000146318
739,0.000134433
740,0.000355803
741,0.000476309
742,0.000479167
743,0.000376361
744,0.000205842
745,2.21148e-05
746,-0.000117812
747,-0.000169814
748,-0.000115415
749,3.16507e-05
750,0.000227356
751,0.000407921
752,0.000506836
753,0.000474173
754,0.000293005
755,-1.19785e-05
756,-0.000376859
757,-0.000712278
758,-0.000925821
759,-0.000947475
760,-0.000751199
761,-0.000366091
762,0.000126971
763,0.000613526
764,0.000974581
765,0.001119
766,0.00101007
767,0.000678144
768,0.000214529
769,-0.000252671
770,-0.000594788
771,-0.000720656
772,-0.000605005
773,-0.000297824
774,8.93757e-05
775,0.000417461
776,0.000564168
777,0.000465513
778,0.000140443
779,-0.000310462
780,-0.000733627
781,-0.000970859
782,-0.000912779
783,-0.00053976
784,6.42562e-05
785,0.000731725
786,0.00126094
787,0.00148034
788,0.00130696
789,0.000778732
790,4.80792e-05
791,-0.000663552
792,-0.00113681
793,-0.00122816
794,-0.000920785
795,-0.000333611
796,0.000316909
797,0.000791047
798,0.000911424
799,0.00062969
800,4.90692e-05
801,-0.000607788
802,-0.00107678
803,-0.0011498
804,-0.000756531
805,7.82174e-07
806,0.000875327
807,0.00155947
808,0.00179593
809,0.00147598
810,0.00068695
811,-0.000311667
812,-0.0011779
813,-0.00161183
814,-0.00146888
815,-0.000817926
816,8.06372e-05
817,0.000871643
818,0.00124187
819,0.0010446
820,0.000362232
821,-0.000520525
822,-0.00122579
823,-0.00143349
824,-0.00101488
825,-9.37681e-05
826,0.000992754
827,0.00182231
828,0.00205536
829,0.00157631
830,0.000548241
831,-0.000644436
832,-0.00154622
833,-0.0018146
834,-0.00136251
835,-0.000398254
836,0.000657415
837,0.00134584
838,0.00136556
839,0.000705173
840,-0.000345001
841,-0.00131166
842,-0.00174055
843,-0.00139694
844,-0.000376912
845,0.000922271
846,0.00196483
847,0.00230529
848,0.00178513
849,0.000609342
850,-0.000734707
851,-0.00168499
852,-0.00185052
853,-0.00118633
854,-1.74709e-05
855,0.00110301
856,0.00164222
857,0.00133193
858,0.000297703
859,-0.000989657
860,-0.00192319
861,-0.00203758
862,-0.00122932
863,0.000184406
864,0.00160007
865,0.00239842
866,0.00222899
867,0.00117611
868,-0.000274294
869,-0.0014562
870,-0.00183333
871,-0.00125285
872,-2.12377e-05
873,0.00123777
874,0.00187986
875,0.00155265
876,0.000373523
877,-0.00111618
878,-0.00220389
879,-0.0023478
880,-0.00144372
881,0.000114821
882,0.00161748
883,0.00237571
884,0.00205652
885,0.00084723
886,-0.00063322
887,-0.00163726
888,-0.00165954
889,-0.000692204
890,0.000765347
891,0.00195157
892,0.00222466
893,0.00139122
894,-0.000185443
895,-0.00175672
896,-0.00255869
897,-0.00219656
898,-0.000848527
899,0.000818251
900,0.00198149
901,0.00208069
902,0.00110442
903,-0.000401935
904,-0.00161617
905,-0.00186625
906,-0.000984658
907,0.000595927
908,0.00205977
909,0.00262972
910,0.00197554
911,0.00039438
912,-0.0013354
913,-0.00235501
914,-0.00217291
915,-0.000923583
916,0.000702404
917,0.00182373
918,0.0018381
919,0.000746602
920,-0.000843014
921,-0.0020399
922,-0.00215051
923,-0.0010584
924,0.000703174
925,0.00222968
926,0.00272817
927,0.00194523
928,0.000306602
929,-0.00131068
930,-0.00205314
931,-0.00155531
932,-0.000138931
933,0.00136484
934,0.00207578
935,0.0015553
936,5.5822e-05
937,-0.00161219
938,-0.00252569
939,-0.00216188
940,-0.00069299
941,0.00110387
942,0.00227493
943,0.002219
944,0.00102144
945,-0.000596384
946,-0.00168625
947,-0.00161179
948,-0.000412111
949,0.00121758
950,0.00232037
951,0.00222482
952,0.000933358
953,-0.000871853
954,-0.00221206
955,-0.00236732
956,-0.00128636
957,0.000385882
958,0.00168078
959,0.00186568
960,0.000867333
961,-0.000687372
962,-0.00183895
963,-0.00185894
964,-0.000681214
965,0.00105261
966,0.00236291
967,0.00250268
968,0.00139505
969,-0.000320613
970,-0.00166309
971,-0.00188552
972,-0.000913398
973,0.000615443
974,0.00173432
975,0.00172793
976,0.000564037
977,-0.00108242
978,-0.00222952
979,-0.00217552
980,-0.00092169
981,0.000824147
982,0.00206778
983,0.00212173
984,0.00101454
985,-0.00053129
986,-0.00154086
987,-0.00138135
988,-0.000148764
989,0.00138945
990,0.00226269
991,0.00189232
992,0.000450061
993,-0.00124094
994,-0.00220399
995,-0.00190218
996,-0.000563439
997,0.000963332
998,0.00173348
999,0.00129001
1000,-5.53282e-05
1001,-0.00141824
1002,-0.00189486
1003,-0.0011287
1004,0.000461384
1005,0.00193604
1006,0.00241592
1007,0.00162699
1008,6.96702e-05
1009,-0.00129489
1010,-0.00164598
1011,-0.000815391
1012,0.000611691
1013,0.00167105
1014,0.00163374
1015,0.000472451
1016,-0.00111604
1017,-0.00214803
1018,-0.00197426
1019,-0.00069152
1020,0.000917373
1021,0.00187848
1022,0.00164235
1023,0.00042836
1024,-0.00092222
1025,-0.00149077
1026,-0.000874925
1027,0.000549859
1028,0.00186978
1029,0.00222022
1030,0.00134384
1031,-0.000240856
1032,-0.00157001
1033,-0.00185175
1034,-0.000971869
1035,0.000439407
1036,0.00142266
1037,0.00131708
1038,0.000192204
1039,-0.00119792
1040,-0.001909
1041,-0.00142694
1042,-8.52762e-06
1043,0.00148129
1044,0.0021304
1045,0.00157181
1046,0.000218787
1047,-0.00101168
1048,-0.00130557
1049,-0.000488813
1050,0.000859811
1051,0.00179509
1052,0.00163593
1053,0.000422483
1054,-0.00110412
1055,-0.00198735
1056,-0.00168506
1057,-0.000425478
1058,0.000947468
1059,0.00153707
1060,0.000989972
1061,-0.000272089
1062,-0.00134002
1063,-0.00143205
1064,-0.00042359
1065,0.00106369
1066,0.00207431
1067,0.00195683
1068,0.000798733
1069,-0.000634155
1070,-0.00141319
1071,-0.00106987
1072,9.40808e-05
1073,0.00121863
1074,0.00147553
1075,0.000636032
1076,-0.000769357
1077,-0.00180844
1078,-0.00177951
1079,-0.00068822
1080,0.000755689
1081,0.0016201
1082,0.00138216
1083,0.000278792
1084,-0.000863353
1085,-0.00120169
1086,-0.000461447
1087,0.000871872
1088,0.00188421
1089,0.00186159
1090,0.000783275
1091,-0.000660589
1092,-0.00153989
1093,-0.00132006
1094,-0.000224116
1095,0.000928682
1096,0.00129582
1097,0.000599275
1098,-0.000679748
1099,-0.00163464
1100,-0.0015647
1101,-0.000465371
1102,0.000963863
1103,0.00180024
1104,0.00153334
1105,0.000413244
1106,-0.000730862
1107,-0.00107477
1108,-0.000377429
1109,0.000851252
1110,0.00171043
1111,0.00154383
1112,0.000404703
1113,-0.000976433
1114,-0.00169912
1115,-0.00131931
1116,-0.000154663
1117,0.000945412
1118,0.00120217
1119,0.000457056
1120,-0.000719707
1121,-0.00143767
1122,-0.0011223
1123,7.2405e-05
1124,0.00136749
1125,0.00190596
1126,0.00135511
1127,0.000137096
1128,-0.000875466
1129,-0.000981793
1130,-0.000149706
1131,0.000966828
1132,0.00150124
1133,0.00100011
1134,-0.000246531
1135,-0.00140714
1136,-0.00169854
1137,-0.000941895
1138,0.000313085
1139,0.0011843
1140,0.00108895
1141,0.000157295
1142,-0.000868336
1143,-0.00117555
1144,-0.000473889
1145,0.000790318
1146,0.00175132
1147,0.00174467
1148,0.000783459
1149,-0.000453492
1150,-0.00111218
1151,-0.000777495
1152,0.000233498
1153,0.00111035
1154,0.00114554
1155,0.000254375
1156,-0.000959435
1157,-0.00163989
1158,-0.00129907
1159,-0.000170347
1160,0.000962121
1161,0.00133252
1162,0.000745868
1163,-0.000288778
1164,-0.000940011
1165,-0.000670021
1166,0.000366985
1167,0.0014356
1168,0.00175733
1169,0.00108076
1170,-0.000134303
1171,-0.00105299
1172,-0.00107395
1173,-0.000263149
1174,0.000704722
1175,0.00105225
1176,0.000478508
1177,-0.000616148
1178,-0.00142531
1179,-0.0013332
1180,-0.000370968
1181,0.000804978
1182,0.00139584
1183,0.00104548
1184,9.41612e-05
1185,-0.000684691
1186,-0.000666202
1187,0.000159087
1188,0.00117849
1189,0.00161373
1190,0.00110133
1191,-3.37042e-05
1192,-0.00101503
1193,-0.00118812
1194,-0.00050266
1195,0.000457998
1196,0.000923398
1197,0.000520867
1198,-0.000444752
1199,-0.001226
1200,-0.00119895
1201,-0.000330555
1202,0.000798538
1203,0.00142357
1204,0.00115504
1205,0.000259462
1206,-0.000542062
1207,-0.000614235
1208,0.000107064
1209,0.0010545
1210,0.0014586
1211,0.000948508
1212,-0.000150861
1213,-0.00107073
1214,-0.00119586
1215,-0.000521529
1216,0.000379579
1217,0.000814837
1218,0.000475301
1219,-0.000366801
1220,-0.0010607
1221,-0.00102789
1222,-0.000187061
1223,0.000931605
1224,0.00153083
1225,0.0011711
1226,0.000176744
1227,-0.000601348
1228,-0.000524683
1229,0.00027354
1230,0.00105535
1231,0.00117267
1232,0.000570245
1233,-0.000316723
1234,-0.000982595
1235,-0.00110695
1236,-0.000605689
1237,0.000274622
1238,0.000904685
1239,0.000652694
1240,-0.000402929
1241,-0.00127908
1242,-0.000970474
1243,0.000388696
1244,0.00153684
1245,0.00145343
1246,0.000480194
1247,-0.000222992
1248,-0.000145189
1249,0.000165134
1250,0.000186815
1251,0.000245238
1252,0.000736804
1253,0.00103315
1254,0.000124362
1255,-0.00157302
1256,-0.00210576
1257,-0.000429572
1258,0.00173563
1259,0.00171386
1260,-0.000554118
1261,-0.00213612
1262,-0.000932649
1263,0.0013924
1264,0.00171614
1265,-3.48195e-05
1266,-0.000781212
1267,0.000941281
1268,0.00239443
1269,0.000633532
1270,-0.00245852
1271,-0.00216627
1272,0.00195871
1273,0.00436646
1274,0.000935148
1275,-0.00443569
1276,-0.00440612
1277,0.00137383
1278,0.00501078
1279,0.00126574
1280,-0.00451319
1281,-0.00366542
1282,0.00292121
1283,0.00544793
1284,-0.000378275
1285,-0.00605504
1286,-0.00219989
1287,0.00671989
1288,0.00747893
1289,-0.00247791
1290,-0.0096161
1291,-0.00295542
1292,0.00899342
1293,0.00898614
1294,-0.00398333
1295,-0.0118466
1296,-0.00294347
1297,0.0102119
1298,0.00815832
1299,-0.00672233
1300,-0.0124589
1301,0.000478864
1302,0.013806
1303,0.00720624
1304,-0.0108831
1305,-0.0138221
1306,0.00431144
1307,0.018209
1308,0.0070185
1309,-0.0143136
1310,-0.0151632
1311,0.00634845
1312,0.0194271
1313,0.00474063
1314,-0.0168693
1315,-0.014051
1316,0.00916615
1317,0.0186704
1318,0.000109176
1319,-0.0195144
1320,-0.0110138
1321,0.0138577
1322,0.018998
1323,-0.00333805
1324,-0.0208674
1325,-0.00808844
1326,0.0167159
1327,0.0181777
1328,-0.00510599
1329,-0.0194367
1330,-0.00524806
1331,0.0156995
1332,0.0133656
1333,-0.00742549
1334,-0.0160901
1335,-0.00152957
1336,0.0135945
1337,0.00778275
1338,-0.00889734
1339,-0.0119624
1340,0.00155122
1341,0.0113124
1342,0.00481317
1343,-0.00656902
1344,-0.00701667
1345,0.00157989
1346,0.00615652
1347,0.00271461
1348,-0.00131411
1349,-0.00130065
1350,-0.000584583
1351,-0.00116793
1352,0.000253397
1353,0.0037745
1354,0.00309776
1355,-0.0034678
1356,-0.00681127
1357,-0.000111666
1358,0.00795129
1359,0.00421824
1360,-0.00747913
1361,-0.0093657
1362,0.0033791
1363,0.0127529
1364,0.00368625
1365,-0.0117042
1366,-0.010228
1367,0.00746573
1368,0.0160932
1369,0.00250676
1370,-0.0142071
1371,-0.0102272
1372,0.00820746
1373,0.0143425
1374,0.000119091
1375,-0.0132295
1376,-0.00735618
1377,0.00744454
1378,0.00963047
1379,-0.00194081
1380,-0.00908364
1381,-0.00265502
1382,0.00613393
1383,0.00511352
1384,-0.00178091
1385,-0.00388527
1386,-0.000394775
1387,0.00190116
1388,0.00137831
1389,0.00170878
1390,0.002253
1391,-0.000981216
1392,-0.00514111
1393,-0.00228798
1394,0.00611221
1395,0.00748568
1396,-0.00291955
1397,-0.0114197
1398,-0.00445592
1399,0.00941073
1400,0.00998863
1401,-0.00431458
1402,-0.0126465
1403,-0.00230994
1404,0.011788
1405,0.00910197
1406,-0.00595373
1407,-0.0110409
1408,0.000628352
1409,0.0111814
1410,0.0056584
1411,-0.00673757
1412,-0.00827715
1413,0.00129421
1414,0.00722167
1415,0.00284917
1416,-0.00337059
1417,-0.00359998
1418,-0.000802089
1419,0.000131363
1420,0.000774139
1421,0.00282042
1422,0.00208302
1423,-0.00335817
1424,-0.00592252
1425,0.000818154
1426,0.00900093
1427,0.0057561
1428,-0.00595118
1429,-0.00908986
1430,0.00196785
1431,0.0111807
1432,0.00418203
1433,-0.00929327
1434,-0.00935954
1435,0.00403539
1436,0.0110396
1437,0.00179067
1438,-0.00954583
1439,-0.00691117
1440,0.00448324
1441,0.00807076
1442,0.000730361
1443,-0.00549398
1444,-0.00326228
1445,0.00162989
1446,0.00271483
1447,0.00192567
1448,0.00212449
1449,0.000647474
1450,-0.00339358
1451,-0.00377331
1452,0.00268297
1453,0.00731985
1454,0.00130107
1455,-0.00840754
1456,-0.00707062
1457,0.00477113
1458,0.00999086
1459,0.000331098
1460,-0.0101061
1461,-0.00567012
1462,0.00703393
1463,0.00925366
1464,-0.00161874
1465,-0.00906505
1466,-0.00293701
1467,0.00669761
1468,0.00658454
1469,-0.000785298
1470,-0.00419343
1471,-0.00133246
1472,0.00124163
1473,0.00102331
1474,0.00128336
1475,0.00173097
1476,-0.00145784
1477,-0.00568815
1478,-0.00306213
1479,0.00543354
1480,0.00768965
1481,-0.00141215
1482,-0.00951217
1483,-0.00398295
1484,0.00789998
1485,0.00872193
1486,-0.00270022
1487,-0.00928109
1488,-0.00158494
1489,0.00845157
1490,0.00645657
1491,-0.00331882
1492,-0.00647525
1493,-0.000493998
1494,0.00417153
1495,0.00189599
1496,-0.0017183
1497,-0.00177517
1498,-0.000987533
1499,-0.00148614
1500,9.36924e-05
1501,0.00416202
1502,0.00392263
1503,-0.00317694
1504,-0.00759356
1505,-0.000912002
1506,0.00886579
1507,0.00718805
1508,-0.00444825
1509,-0.00922699
1510,-6.95741e-05
1511,0.00945924
1512,0.00567817
1513,-0.00516467
1514,-0.00763401
1515,-0.000173897
1516,0.00505999
1517,0.00203767
1518,-0.00235145
1519,-0.00193828
1520,0.00012018
1521,-2.79322e-05
1522,0.000143024
1523,0.00239566
1524,0.00216438
1525,-0.00269347
1526,-0.00493733
1527,0.00125692
1528,0.00823025
1529,0.00462542
1530,-0.00581441
1531,-0.00789507
1532,0.00193515
1533,0.00921174
1534,0.00309815
1535,-0.00733178
1536,-0.00730825
1537,0.00185698
1538,0.00665432
1539,0.00221098
1540,-0.00310085
1541,-0.00284761
1542,-0.000443854
1543,0.000164055
1544,0.00103977
1545,0.00317452
1546,0.00219428
1547,-0.00281551
1548,-0.00432658
1549,0.00202381
1550,0.00768868
1551,0.0028911
1552,-0.00675909
1553,-0.00711132
1554,0.00271523
1555,0.00822416
1556,0.00154323
1557,-0.00689605
1558,-0.00496646
1559,0.003224
1560,0.00540864
1561,5.84184e-05
1562,-0.00379638
1563,-0.00198755
1564,0.000737358
1565,0.00128993
1566,0.0021693
1567,0.00343266
1568,0.000891996
1569,-0.00434717
1570,-0.00418425
1571,0.00324884
1572,0.00754958
1573,0.00101113
1574,-0.00782021
1575,-0.00580522
1576,0.00445336
1577,0.00804959
1578,0.000237238
1579,-0.00718062
1580,-0.00446739
1581,0.00267706
1582,0.00420445
1583,0.000658055
1584,-0.00108099
1585,-7.08216e-05
1586,-7.31133e-05
1587,-0.00050798
1588,0.00169778
1589,0.00374243
1590,0.000387357
1591,-0.00502607
1592,-0.00346692
1593,0.00450354
1594,0.00712754
1595,-0.000680716
1596,-0.00810377
1597,-0.00432095
1598,0.00483273
1599,0.00601099
1600,-0.00143202
1601,-0.00585033
1602,-0.0017957
1603,0.00354183
1604,0.00347095
1605,0.000697473
1606,-0.000386614
1607,-0.000980245
1608,-0.00231322
1609,-0.000905551
1610,0.00408625
1611,0.00572313
1612,-0.000522424
1613,-0.00699231
1614,-0.0038153
1615,0.00498908
1616,0.00633639
1617,-0.00192972
1618,-0.00753053
1619,-0.00261657
1620,0.00495465
1621,0.00477214
1622,-0.000970333
1623,-0.00335297
1624,-0.000957257
1625,0.000908773
1626,0.000858597
1627,0.0017545
1628,0.00265546
1629,3.07713e-05
1630,-0.00354111
1631,-0.00156414
1632,0.00438413
1633,0.00473951
1634,-0.00273749
1635,-0.00747772
1636,-0.00181683
1637,0.00640103
1638,0.00537299
1639,-0.00285729
1640,-0.00633442
1641,-0.0014554
1642,0.00354533
1643,0.00280101
1644,-1.07487e-06
1645,-0.000528175
1646,-0.000368806
1647,-0.00100443
1648,0.000351598
1649,0.00388182
1650,0.00368675
1651,-0.00245814
1652,-0.00652647
1653,-0.00142505
1654,0.00647524
1655,0.00560926
1656,-0.00303352
1657,-0.00713294
1658,-0.00170403
1659,0.00435866
1660,0.00300578
1661,-0.00174869
1662,-0.00247675
1663,0.000139479
1664,0.00125741
1665,0.000970222
1666,0.00179718
1667,0.00181967
1668,-0.00147952
1669,-0.00393362
1670,-0.000133411
1671,0.00580232
1672,0.00455194
1673,-0.00331451
1674,-0.00667024
1675,-0.000684472
1676,0.00550248
1677,0.00298527
1678,-0.00365139
1679,-0.00458226
1680,0.000293827
1681,0.00331925
1682,0.00184633
1683,-5.36123e-05
1684,-0.000523478
1685,-0.00153366
1686,-0.00210868
1687,0.00109598
1688,0.0055279
1689,0.004005
1690,-0.00318246
1691,-0.00621376
1692,-0.000258602
1693,0.00610391
1694,0.00353027
1695,-0.00385806
1696,-0.00531289
1697,0.000177854
1698,0.00392385
1699,0.00175334
1700,-0.00149214
1701,-0.00178282
1702,-0.0010745
1703,-0.000852192
1704,0.0010523
1705,0.00405709
1706,0.00308327
1707,-0.00239208
1708,-0.00477562
1709,0.000354683
1710,0.0058429
1711,0.00321208
1712,-0.00378489
1713,-0.00476243
1714,0.00118722
1715,0.00475832
1716,0.00129752
1717,-0.00325436
1718,-0.00308768
1719,-0.000421264
1720,0.000785541
1721,0.00132928
1722,0.00236251
1723,0.00123446
1724,-0.00267045
1725,-0.00379929
1726,0.00123093
1727,0.00605456
1728,0.00309504
1729,-0.00388299
1730,-0.00464144
1731,0.00177254
1732,0.00565805
1733,0.00173097
1734,-0.0037295
1735,-0.00371227
1736,-0.000178159
1737,0.00160076
1738,0.00143039
1739,0.00134279
1740,0.000123901
1741,-0.00295687
1742,-0.00363679
1743,0.00105566
1744,0.00562973
1745,0.00307195
1746,-0.00341739
1747,-0.00423069
1748,0.00180866
1749,0.00551968
1750,0.00170344
1751,-0.003462
1752,-0.00295603
1753,0.000955196
1754,0.00232699
1755,0.000943267
1756,-1.28075e-05
1757,-0.000729463
1758,-0.00253665
1759,-0.00274856
1760,0.0010947
1761,0.00461763
1762,0.00197461
1763,-0.00376994
1764,-0.00393643
1765,0.00215602
1766,0.00554187
1767,0.00145323
1768,-0.00360568
1769,-0.00252913
1770,0.00201999
1771,0.00337253
1772,0.00110847
1773,-0.000766069
1774,-0.00143056
1775,-0.00229935
1776,-0.00180706
1777,0.00172398
1778,0.00431538
1779,0.00102514
1780,-0.00472775
1781,-0.00455056
1782,0.00191392
1783,0.00560723
1784,0.00170033
1785,-0.00339201
1786,-0.00249848
1787,0.0019263
1788,0.00331536
1789,0.00118788
1790,-0.000481446
1791,-0.000854917
1792,-0.00150315
1793,-0.00116524
1794,0.00180589
1795,0.00387688
1796,0.000556035
1797,-0.00486176
1798,-0.0045238
1799,0.00169969
1800,0.00511691
1801,0.00130463
1802,-0.00345763
1803,-0.00246696
1804,0.00167542
1805,0.00276354
1806,0.000733961
1807,-0.000395295
1808,-0.000100816
1809,-0.000383913
1810,-0.000298058
1811,0.00188142
1812,0.00322943
1813,-4.03243e-05
1814,-0.00463075
1815,-0.00354827
1816,0.0025263
1817,0.0050583
1818,0.000479726
1819,-0.00441234
1820,-0.00312659
1821,0.00134992
1822,0.0027074
1823,0.000861574
1824,-0.000296684
1825,-0.000209184
1826,-0.000566412
1827,-0.000274261
1828,0.00211278
1829,0.0034361
1830,0.000152864
1831,-0.00415295
1832,-0.00275969
1833,0.00315502
1834,0.00512604
1835,0.00013914
1836,-0.00479237
1837,-0.0034707
1838,0.000992056
1839,0.00254154
1840,0.00106738
1841,-8.49721e-05
1842,-0.000602121
1843,-0.00156552
1844,-0.00116781
1845,0.00192501
1846,0.00391339
1847,0.000949255
1848,-0.00332458
1849,-0.00225034
1850,0.00300282
1851,0.00453765
1852,-4.15211e-05
1853,-0.00406818
1854,-0.00240616
1855,0.00146286
1856,0.00224231
1857,0.000522909
1858,-0.000564105
1859,-0.00113429
1860,-0.00210397
1861,-0.00139296
1862,0.00201588
1863,0.00391341
1864,0.000711187
1865,-0.00347991
1866,-0.00218974
1867,0.00295903
1868,0.00432286
1869,0.000134472
1870,-0.00313966
1871,-0.00129425
1872,0.00193215
1873,0.00204029
1874,0.000212726
1875,-0.000760457
1876,-0.00136718
1877,-0.0022253
1878,-0.00108337
1879,0.00244774
1880,0.00366528
1881,-0.00038308
1882,-0.00462631
1883,-0.00266457
1884,0.00308819
1885,0.00473353
1886,0.000769905
1887,-0.00250006
1888,-0.00125441
1889,0.00125502
1890,0.00156806
1891,0.000838773
1892,0.000563417
1893,-0.00050454
1894,-0.00223124
1895,-0.00142357
1896,0.00215198
1897,0.00326392
1898,-0.000859295
1899,-0.00480597
1900,-0.00257833
1901,0.0029205
1902,0.00421982
1903,0.00046317
1904,-0.00242679
1905,-0.00141256
1906,0.000607392
1907,0.00126844
1908,0.00167182
1909,0.00196744
1910,0.000255827
1911,-0.00240812
1912,-0.00185537
1913,0.00195898
1914,0.00330553
1915,-0.000481694
1916,-0.00400776
1917,-0.00199425
1918,0.00239259
1919,0.00277309
1920,-0.000643204
1921,-0.00251377
1922,-0.00110797
1923,0.000613264
1924,0.00121029
1925,0.00188548
1926,0.00201776
1927,-0.000259924
1928,-0.00287686
1929,-0.00142247
1930,0.00308161
1931,0.00420884
1932,-0.000102451
1933,-0.00384869
1934,-0.00209344
1935,0.00179163
1936,0.00215686
1937,-0.000434956
1938,-0.00170965
1939,-0.000935348
1940,-0.000306548
1941,0.000143749
1942,0.00150822
1943,0.00196111
1944,-0.000553958
1945,-0.00305017
1946,-0.000955532
1947,0.00379169
1948,0.0044635
1949,-0.000188756
1950,-0.00376227
1951,-0.00191628
1952,0.00179382
1953,0.00245099
1954,0.000658505
1955,-0.000606905
1956,-0.00123442
1957,-0.00196534
1958,-0.00121584
1959,0.00155488
1960,0.00275554
1961,-0.000148322
1962,-0.00327763
1963,-0.00158138
1964,0.00282654
1965,0.00355481
1966,-0.000116041
1967,-0.00250316
1968,-0.000675284
1969,0.00190928
1970,0.00196511
1971,0.000750073
1972,2.13903e-05
1973,-0.00100432
1974,-0.00220133
1975,-0.0010757
1976,0.00220072
1977,0.0030091
1978,-0.000738843
1979,-0.00413154
1980,-0.00221865
1981,0.00223856
1982,0.00311957
1983,0.000201794
1984,-0.00160286
1985,-0.000448515
1986,0.000894949
1987,0.000919941
1988,0.00103517
1989,0.00128558
1990,-3.38617e-05
1991,-0.00183936
1992,-0.000791762
1993,0.00239362
1994,0.00265812
1995,-0.00131776
1996,-0.00410744
1997,-0.00166608
1998,0.00241091
1999,0.00267977
2000,-0.000216082
2001,-0.00190559
2002,-0.00128427
2003,-0.00030417
2004,0.000674496
2005,0.00225456
2006,0.00260697
2007,-4.84428e-05
2008,-0.00280949
2009,-0.00136165
2010,0.00270375
2011,0.00346514
2012,-0.000229726
2013,-0.0029885
2014,-0.0013831
2015,0.00135935
2016,0.00135844
2017,-0.000319279
2018,-0.00100655
2019,-0.000944911
2020,-0.00105908
2021,-0.000125805
2022,0.00210536
2023,0.00248758
2024,-0.000643061
2025,-0.00326135
2026,-0.00106906
2027,0.00333599
2028,0.00392709
2029,0.000270319
2030,-0.00240213
2031,-0.00142278
2032,0.0005304
2033,0.00103232
2034,0.000908474
2035,0.000714356
2036,-0.000682868
2037,-0.00247208
2038,-0.00165605
2039,0.00153422
2040,0.00259535
2041,-0.000306001
2042,-0.00278874
2043,-0.000953885
2044,0.00243786
2045,0.00255933
2046,-6.07686e-05
2047,-0.00131833
2048,-0.000258465
2049,0.000779948
2050,0.00101736
2051,0.00141515
2052,0.00118212
2053,-0.00101201
2054,-0.00300234
2055,-0.0013603
2056,0.0023853
2057,0.00292565
2058,-0.000725373
2059,-0.00343751
2060,-0.00177184
2061,0.00133086
2062,0.0019349
2063,0.000673252
2064,4.43643e-06
2065,-0.000134078
2066,-0.000548018
2067,-5.32274e-05
2068,0.00182659
2069,0.00238565
2070,-0.000119522
2071,-0.00246536
2072,-0.000937782
2073,0.00232908
2074,0.00230409
2075,-0.0010527
2076,-0.00295078
2077,-0.00130546
2078,0.00093989
2079,0.00128733
2080,0.000656724
2081,6.32334e-05
2082,-0.00106342
2083,-0.00194599
2084,-0.00032171
2085,0.00295934
2086,0.00351932
2087,1.72728e-05
2088,-0.00293815
2089,-0.00140933
2090,0.00203401
2091,0.00263743
2092,0.000435469
2093,-0.00112404
2094,-0.00100351
2095,-0.000700959
2096,-0.000384594
2097,0.000695044
2098,0.00119365
2099,-0.000518437
2100,-0.00239309
2101,-0.00107787
2102,0.00216341
2103,0.00265202
2104,-0.000346216
2105,-0.00230682
2106,-0.00053252
2107,0.00210214
2108,0.00226066
2109,0.000747858
2110,-0.000272007
2111,-0.000823945
2112,-0.00125394
2113,-0.00031665
2114,0.00188008
2115,0.00221422
2116,-0.00078861
2117,-0.00346862
2118,-0.00199006
2119,0.00160173
2120,0.00244317
2121,0.000140941
2122,-0.00147084
2123,-0.00070604
2124,0.000450064
2125,0.000752889
2126,0.00110516
2127,0.00139976
2128,0.000302785
2129,-0.00124211
2130,-0.000537934
2131,0.00190082
2132,0.00217601
2133,-0.000736192
2134,-0.00278987
2135,-0.00108835
2136,0.00164662
2137,0.00161914
2138,-0.000460668
2139,-0.00155146
2140,-0.00114417
2141,-0.000513685
2142,0.000435123
2143,0.00194113
2144,0.00209758
2145,-0.000331752
2146,-0.00248597
2147,-0.00092838
2148,0.00259365
2149,0.00324898
2150,0.000359073
2151,-0.00192903
2152,-0.00120869
2153,0.000408596
2154,0.000731408
2155,0.000412527
2156,0.000217237
2157,-0.000632834
2158,-0.00176824
2159,-0.00106645
2160,0.00133741
2161,0.00203471
2162,-0.000346236
2163,-0.00227736
2164,-0.000630632
2165,0.00230402
2166,0.00249018
2167,0.000238359
2168,-0.00109843
2169,-0.00053259
2170,0.000302534
2171,0.00081343
2172,0.00146314
2173,0.00122861
2174,-0.000956507
2175,-0.00292112
2176,-0.00155943
2177,0.00180711
2178,0.00259323
2179,-0.000204848
2180,-0.00254069
2181,-0.00157758
2182,0.000682175
2183,0.00147156
2184,0.00109867
2185,0.000770468
2186,0.000101391
2187,-0.000888492
2188,-0.000455928
2189,0.00162096
2190,0.00239432
2191,0.000173923
2192,-0.00210705
2193,-0.00117373
2194,0.00133612
2195,0.00155159
2196,-0.000565537
2197,-0.00177447
2198,-0.000942794
2199,0.000104683
2200,0.000434061
2201,0.000791151
2202,0.000851796
2203,-0.000434405
2204,-0.00172367
2205,-0.000440596
2206,0.00248883
2207,0.00304406
2208,0.000224647
2209,-0.0021292
2210,-0.00113692
2211,0.00117235
2212,0.00168877
2213,0.000628151
2214,-0.000265911
2215,-0.000903679
2216,-0.00155155
2217,-0.00101773
2218,0.000955035
2219,0.00182868
2220,-8.61171e-05
2221,-0.00219993
2222,-0.00123498
2223,0.00151039
2224,0.00217946
2225,0.000359019
2226,-0.000854128
2227,-0.000101174
2228,0.000863391
2229,0.000908661
2230,0.000840628
2231,0.000730754
2232,-0.000394324
2233,-0.00166117
2234,-0.000812496
2235,0.00155612
2236,0.00190079
2237,-0.000767592
2238,-0.00285529
2239,-0.00153971
2240,0.00114045
2241,0.00184803
2242,0.000668589
2243,-0.000326152
2244,-0.000652039
2245,-0.000725543
2246,0.000138498
2247,0.00201546
2248,0.00260064
2249,0.000370051
2250,-0.00211049
2251,-0.00144757
2252,0.00128529
2253,0.00212432
2254,0.000227831
2255,-0.00145687
2256,-0.00119314
2257,-0.000330593
2258,-9.30218e-06
2259,0.000349641
2260,0.000679217
2261,-0.000122818
2262,-0.00136193
2263,-0.000716433
2264,0.00162988
2265,0.00240065
2266,0.000302586
2267,-0.00160092
2268,-0.000604082
2269,0.00158073
2270,0.00190813
2271,0.000510768
2272,-0.000562916
2273,-0.000868522
2274,-0.000989873
2275,-0.000403105
2276,0.00109845
2277,0.00153993
2278,-0.000496275
2279,-0.00265849
2280,-0.00172961
2281,0.0012719
2282,0.00242208
2283,0.000731782
2284,-0.000948793
2285,-0.000722555
2286,0.000260453
2287,0.000807488
2288,0.00128114
2289,0.00149811
2290,0.000371535
2291,-0.00135218
2292,-0.00120578
2293,0.000898195
2294,0.00181536
2295,-1.20022e-05
2296,-0.00194429
2297,-0.00134059
2298,0.000481824
2299,0.000880484
2300,-3.08892e-06
2301,-0.000431899
2302,-0.000285444
2303,-0.000301607
2304,0.000109183
2305,0.00142117
2306,0.00194173
2307,0.000253914
2308,-0.00161916
2309,-0.000780976
2310,0.0017638
2311,0.0023668
2312,0.000276428
2313,-0.00158442
2314,-0.00134363
2315,-0.000248166
2316,0.000334819
2317,0.000655556
2318,0.000651848
2319,-0.000500223
2320,-0.00193966
2321,-0.00133121
2322,0.0012238
2323,0.00248083
2324,0.000805422
2325,-0.0012324
2326,-0.000884198
2327,0.000846486
2328,0.00149689
2329,0.000943864
2330,0.0004436
2331,-2.00119e-05
2332,-0.00079221
2333,-0.000779175
2334,0.000618902
2335,0.00142385
2336,-0.00013354
2337,-0.00214568
2338,-0.00155517
2339,0.000901155
2340,0.00172541
2341,9.04302e-05
2342,-0.00128695
2343,-0.000696937
2344,0.000548175
2345,0.00107414
2346,0.00121764
2347,0.00112713
2348,0.000117153
2349,-0.00113948
2350,-0.00067039
2351,0.00137889
2352,0.00215458
2353,0.000316478
2354,-0.00177081
2355,-0.00166415
2356,-0.000181872
2357,0.000651213
2358,0.000627462
2359,0.00035936
2360,-0.000458274
2361,-0.00157812
2362,-0.00117006
2363,0.00122706
2364,0.00274703
2365,0.00106087
2366,-0.00156757
2367,-0.00135398
2368,0.00122932
2369,0.00235733
2370,0.000793123
2371,-0.000836269
2372,-0.000673999
2373,8.40872e-05
2374,0.000132616
2375,1.62088e-05
2376,0.000159733
2377,-0.000220593
2378,-0.0010912
2379,-0.00099123
2380,0.000367811
2381,0.00117763
2382,0.000396324
2383,-0.000609311
2384,-0.000452454
2385,0.000332122
2386,0.000867635
2387,0.00129221
2388,0.00138075
2389,0.000195858
2390,-0.00150622
2391,-0.00115887
2392,0.0014645
2393,0.00272104
2394,0.000257349
2395,-0.00285
2396,-0.00235999
2397,0.000760651
2398,0.00203822
2399,0.000294406
2400,-0.00135173
2401,-0.000901633
2402,0.000156012
2403,0.000361977
2404,0.000484735
2405,0.00109749
2406,0.00107477
2407,-4.20111e-05
2408,-0.000693889
2409,0.000177568
2410,0.00129717
2411,0.00112168
2412,1.95108e-05
2413,-0.000786064
2414,-0.000883283
2415,-0.000359999
2416,0.000559855
2417,0.000863002
2418,-0.000395446
2419,-0.00193528
2420,-0.00125637
2421,0.00130739
2422,0.002259
2423,0.000132312
2424,-0.00188175
2425,-0.000734238
2426,0.00178264
2427,0.00210158
2428,0.000399273
2429,-0.000466011
2430,5.96374e-05
2431,0.000149257
2432,-0.000370215
2433,0.000116019
2434,0.00124298
2435,0.000670559
2436,-0.00156887
2437,-0.00236225
2438,-0.000336891
2439,0.00179734
2440,0.00132856
2441,-0.000683523
2442,-0.00151969
2443,-0.000570815
2444,0.000811622
2445,0.00156914
2446,0.00139711
2447,0.00032437
2448,-0.000777695
2449,-0.000544763
2450,0.000873601
2451,0.00153964
2452,0.000496593
2453,-0.000783262
2454,-0.000830189
2455,-0.000264413
2456,-0.000128854
2457,-4.80326e-05
2458,0.000336874
2459,5.8597e-05
2460,-0.00110952
2461,-0.00125498
2462,0.000643252
2463,0.00217961
2464,0.000901322
2465,-0.00138764
2466,-0.00111043
2467,0.00137953
2468,0.00237306
2469,0.000704464
2470,-0.000857336
2471,-0.0004824
2472,0.000295395
2473,7.17328e-05
2474,-9.17531e-05
2475,0.000542312
2476,0.000458166
2477,-0.00113106
2478,-0.00207238
2479,-0.000521964
2480,0.00169514
2481,0.00161313
2482,-0.000459422
2483,-0.00162899
2484,-0.000599766
2485,0.00115754
2486,0.00189288
2487,0.00128363
2488,-9.55668e-07
2489,-0.000893131
2490,-0.000470029
2491,0.000871925
2492,0.00140768
2493,0.000328991
2494,-0.000959427
2495,-0.000962949
2496,-0.000259076
2497,-7.4039e-05
2498,-0.000124543
2499,0.000257187
2500,0.000285185
2501,-0.000702295
2502,-0.00116914
2503,0.000365649
2504,0.00211584
2505,0.00130668
2506,-0.00102831
2507,-0.00121539
2508,0.00114172
2509,0.00237653
2510,0.000668417
2511,-0.00121895
2512,-0.000732322
2513,0.000591168
2514,0.00039481
2515,-0.000489868
2516,-0.000222973
2517,0.000359394
2518,-0.000463897
2519,-0.0016048
2520,-0.00074492
2521,0.00139516
2522,0.00179257
2523,-0.000125742
2524,-0.00157753
2525,-0.000612004
2526,0.00139259
2527,0.00210257
2528,0.00110133
2529,-0.000355873
2530,-0.000998864
2531,-0.000385298
2532,0.000835652
2533,0.0012635
2534,0.000253951
2535,-0.0010635
2536,-0.00123123
2537,-0.000438303
2538,0.000138789
2539,0.000260433
2540,0.000354505
2541,0.000110708
2542,-0.000729315
2543,-0.000920126
2544,0.000603112
2545,0.00217217
2546,0.00132382
2547,-0.000960168
2548,-0.00120963
2549,0.00102729
2550,0.00222498
2551,0.000516071
2552,-0.00137385
2553,-0.00078704
2554,0.000675804
2555,0.000382941
2556,-0.000794102
2557,-0.000550681
2558,0.000436932
2559,-4.89871e-05
2560,-0.00132277
2561,-0.000768657
2562,0.00132133
2563,0.0018235
2564,-7.18923e-05
2565,-0.00143977
2566,-0.00026196
2567,0.0016612
2568,0.00182737
2569,0.000511593
2570,-0.000476584
2571,-0.000548519
2572,-0.000225018
2573,0.000258849
2574,0.0007254
2575,0.000503864
2576,-0.000586168
2577,-0.00147685
2578,-0.00110413
2579,0.000172651
2580,0.00108895
2581,0.000861141
2582,-0.000272168
2583,-0.0012133
2584,-0.000701166
2585,0.00117456
2586,0.00235624
2587,0.00115411
2588,-0.00101324
2589,-0.00119293
2590,0.000748116
2591,0.00182256
2592,0.000538249
2593,-0.000976356
2594,-0.000722132
2595,0.000115541
2596,-0.000166778
2597,-0.000666768
2598,-4.21039e-06
2599,0.000638871
2600,-0.000325366
2601,-0.00143811
2602,-0.000356574
2603,0.00173248
2604,0.00162944
2605,-0.000502813
2606,-0.00122207
2607,0.000558198
2608,0.00194124
2609,0.000981417
2610,-0.000441681
2611,-0.000285722
2612,0.000389995
2613,-3.04614e-05
2614,-0.000641424
2615,-2.30551e-05
2616,0.000769078
2617,-2.62774e-05
2618,-0.00153095
2619,-0.00140381
2620,0.000390761
2621,0.00151605
2622,0.000745597
2623,-0.000613339
2624,-0.000886881
2625,3.83736e-05
2626,0.00117585
2627,0.00159393
2628,0.000952094
2629,-0.000217965
2630,-0.000775547
2631,-0.000191035
2632,0.000730422
2633,0.000899734
2634,0.000232828
2635,-0.000639466
2636,-0.00120543
2637,-0.00103496
2638,7.25485e-05
2639,0.00117016
2640,0.000692634
2641,-0.00107997
2642,-0.00163524
2643,0.000224968
2644,0.00211833
2645,0.00143629
2646,-0.000580959
2647,-0.000830033
2648,0.000741629
2649,0.00142691
2650,0.000430197
2651,-0.000256149
2652,0.000200847
2653,0.000213696
2654,-0.000737149
2655,-0.00082862
2656,0.000495499
2657,0.000933176
2658,-0.000701977
2659,-0.00193547
2660,-0.000560815
2661,0.00150016
2662,0.00124819
2663,-0.000546677
2664,-0.000882986
2665,0.00050154
2666,0.00121439
2667,0.000546999
2668,0.000216184
2669,0.000796971
2670,0.000742572
2671,-0.000429992
2672,-0.000940176
2673,0.000167432
2674,0.00119176
2675,0.000445798
2676,-0.00112765
2677,-0.00152073
2678,-0.000496545
2679,0.000558181
2680,0.000705807
2681,0.000170221
2682,-0.00042246
2683,-0.000561558
2684,-1.06697e-05
2685,0.00088187
2686,0.00132848
2687,0.000933817
2688,0.000101186
2689,-0.000464058
2690,-0.00029433
2691,0.000572553
2692,0.00130404
2693,0.000736104
2694,-0.000982394
2695,-0.00186692
2696,-0.000576026
2697,0.00124385
2698,0.000986844
2699,-0.000959423
2700,-0.00168162
2701,-0.000215882
2702,0.00116295
2703,0.000797892
2704,-1.18011e-05
2705,0.000182541
2706,0.000539207
2707,0.000124158
2708,4.95356e-05
2709,0.00111448
2710,0.00155768
2711,-7.15927e-05
2712,-0.00172123
2713,-0.000743491
2714,0.00146123
2715,0.00135234
2716,-0.00101579
2717,-0.00207798
2718,-0.000529471
2719,0.000936902
2720,0.000408456
2721,-0.000485061
2722,-5.44382e-05
2723,0.000559673
2724,3.80096e-05
2725,-0.000390546
2726,0.000656513
2727,0.00179278
2728,0.00103496
2729,-0.000672807
2730,-0.000864383
2731,0.000504353
2732,0.00120301
2733,0.000353124
2734,-0.000615317
2735,-0.000635229
2736,-0.000361203
2737,-0.000447919
2738,-0.000388699
2739,0.000189884
2740,0.000532805
2741,-2.80004e-05
2742,-0.000798968
2743,-0.000572591
2744,0.000671031
2745,0.00161421
2746,0.0011608
2747,-0.000189958
2748,-0.000807233
2749,0.000103407
2750,0.00135869
2751,0.00124792
2752,-0.000126271
2753,-0.00102203
2754,-0.000599539
2755,9.88431e-05
2756,0.000105706
2757,-0.000117414
2758,-8.12791e-05
2759,-0.000342907
2760,-0.000970073
2761,-0.000658947
2762,0.000945364
2763,0.00174942
2764,0.00024808
2765,-0.0014642
2766,-0.000532234
2767,0.00192349
2768,0.00225869
2769,3.46106e-05
2770,-0.00138284
2771,-0.00028792
2772,0.00103511
2773,0.000571625
2774,-0.000384359
2775,-0.000264607
2776,-8.80691e-05
2777,-0.000913901
2778,-0.00123223
2779,0.000253922
2780,0.00156184
2781,0.000388962
2782,-0.00163171
2783,-0.0012003
2784,0.00124944
2785,0.00218015
2786,0.000591952
2787,-0.000743108
2788,-6.36444e-05
2789,0.000944049
2790,0.000591433
2791,-9.37793e-05
2792,0.000217042
2793,0.000596946
2794,-0.000210492
2795,-0.0012241
2796,-0.000806015
2797,0.000462152
2798,0.000668904
2799,-0.000376509
2800,-0.00101354
2801,-0.000403597
2802,0.000465713
2803,0.00060319
2804,0.000347166
2805,0.000390171
2806,0.000573999
2807,0.000386073
2808,3.50279e-05
2809,0.000208421
2810,0.000858835
2811,0.000978389
2812,-4.72143e-06
2813,-0.00109458
2814,-0.000841141
2815,0.00047882
2816,0.000940939
2817,-0.000283328
2818,-0.00151345
2819,-0.00097216
2820,0.000521518
2821,0.000900572
2822,5.98287e-05
2823,-0.000334488
2824,0.000185599
2825,0.000458105
2826,0.000234571
2827,0.000599182
2828,0.00138168
2829,0.000876447
2830,-0.000854176
2831,-0.00121879
2832,0.000716127
2833,0.00203842
2834,0.000356553
2835,-0.00210241
2836,-0.00181439
2837,0.000519627
2838,0.0013395
2839,-6.3295e-05
2840,-0.00104559
2841,-0.00041267
2842,0.000183554
2843,-4.11184e-05
2844,0.000308652
2845,0.00144477
2846,0.00132391
2847,-0.000504585
2848,-0.00129982
2849,0.00050688
2850,0.0022924
2851,0.00122346
2852,-0.00117829
2853,-0.00153421
2854,0.000112192
2855,0.000885224
2856,-7.90207e-05
2857,-0.000821029
2858,-0.000351563
2859,7.33763e-06
2860,-0.000468028
2861,-0.000540885
2862,0.000453723
2863,0.00112291
2864,0.000396271
2865,-0.000513407
2866,-7.20748e-05
2867,0.0010732
2868,0.00121681
2869,0.000290394
2870,-0.000261415
2871,0.000118741
2872,0.000441431
2873,4.43012e-06
2874,-0.000501224
2875,-0.000278059
2876,0.000185894
2877,-8.27607e-05
2878,-0.000849462
2879,-0.000869012
2880,0.000155427
2881,0.000896268
2882,0.000315307
2883,-0.000639932
2884,-0.000374233
2885,0.000869143
2886,0.00134861
2887,0.000549238
2888,-0.00013716
2889,0.000169709
2890,0.000539127
2891,0.000191124
2892,-5.15434e-05
2893,0.000409746
2894,0.000420514
2895,-0.000803949
2896,-0.00161381
2897,-0.000356213
2898,0.00137594
2899,0.000814752
2900,-0.00137206
2901,-0.00180765
2902,0.000273455
2903,0.0018569
2904,0.00102481
2905,-0.000354891
2906,-0.000219518
2907,0.000529108
2908,0.000439591
2909,0.000294899
2910,0.00101502
2911,0.00118493
2912,-0.000427056
2913,-0.00184946
2914,-0.000686866
2915,0.00151798
2916,0.00129818
2917,-0.00115364
2918,-0.00220267
2919,-0.000522278
2920,0.00115115
2921,0.00072481
2922,-0.000334793
2923,-0.000186695
2924,0.000408429
2925,0.000218925
2926,5.53985e-05
2927,0.000887407
2928,0.00149544
2929,0.000478416
2930,-0.000917305
2931,-0.000570209
2932,0.000931081
2933,0.0011308
2934,-0.000345219
2935,-0.00131534
2936,-0.000612345
2937,0.000327869
2938,9.90562e-05
2939,-0.000561836
2940,-0.000401027
2941,0.000227976
2942,0.000258431
2943,-0.000130834
2944,6.02512e-05
2945,0.000791257
2946,0.000979873
2947,0.000322076
2948,-0.00015635
2949,0.000266539
2950,0.00085349
2951,0.000588459
2952,-0.000215388
2953,-0.000460304
2954,-4.79865e-05
2955,4.97169e-05
2956,-0.00045441
2957,-0.000623318
2958,-2.04712e-05
2959,0.000314292
2960,-0.000372462
2961,-0.000954541
2962,-0.000106888
2963,0.00125583
2964,0.0011521
2965,-0.000233561
2966,-0.000692006
2967,0.000485875
2968,0.00143588
2969,0.00085344
2970,-8.12035e-05
2971,-7.74464e-05
2972,0.000136716
2973,-0.000325911
2974,-0.000532302
2975,0.000332127
2976,0.000818334
2977,-0.000486944
2978,-0.00194226
2979,-0.00105983
2980,0.00119961
2981,0.00158904
2982,-0.000285635
2983,-0.00139122
2984,-0.000181238
2985,0.0012853
2986,0.00113014
2987,0.000390328
2988,0.000425046
2989,0.000458971
2990,-0.000286398
2991,-0.00052546
2992,0.000655699
2993,0.00143578
2994,3.41246e-05
2995,-0.00186185
2996,-0.00144561
2997,0.000628214
2998,0.00122815
2999,-0.000279956
3000,-0.00133273
3001,-0.000508923
3002,0.000603731
3003,0.000564721
3004,0.000225801
3005,0.000543176
3006,0.000726226
3007,9.91443e-05
3008,-0.00024451
3009,0.000595444
3010,0.00136247
3011,0.000570242
3012,-0.000854421
3013,-0.000915638
3014,0.000264094
3015,0.000719523
3016,-0.000201982
3017,-0.00102103
3018,-0.000657108
3019,7.08756e-05
3020,0.000109648
3021,-0.000174587
3022,3.26841e-05
3023,0.000466627
3024,0.000378432
3025,-4.99864e-07
3026,0.000193775
3027,0.000887977
3028,0.00103685
3029,0.000301634
3030,-0.000318976
3031,-2.78018e-05
3032,0.000518973
3033,0.000307247
3034,-0.00038298
3035,-0.000519018
3036,-0.00011269
3037,-0.000138887
3038,-0.000674973
3039,-0.000619107
3040,0.000295492
3041,0.000735161
3042,-6.71188e-05
3043,-0.000794023
3044,-5.91375e-05
3045,0.00123088
3046,0.00126066
3047,0.000210535
3048,-0.00021595
3049,0.000318594
3050,0.000548262
3051,0.000134484
3052,0.000113108
3053,0.000540527
3054,0.000111002
3055,-0.00116194
3056,-0.00132904
3057,0.00022366
3058,0.00124409
3059,6.88877e-05
3060,-0.00151778
3061,-0.00106076
3062,0.00069549
3063,0.00126193
3064,0.000415655
3065,-3.36735e-05
3066,0.000350946
3067,0.000381323
3068,2.41888e-05
3069,0.000467862
3070,0.00133896
3071,0.000820162
3072,-0.000934899
3073,-0.00142879
3074,0.000151285
3075,0.00132862
3076,0.000235874
3077,-0.00142804
3078,-0.00127525
3079,9.34587e-05
3080,0.000576737
3081,6.27257e-05
3082,-6.1281e-05
3083,0.000289127
3084,0.000146129
3085,-0.00018012
3086,0.000431402
3087,0.0014386
3088,0.00113088
3089,-0.000341392
3090,-0.000856212
3091,0.000302904
3092,0.00123887
3093,0.000473008
3094,-0.000843639
3095,-0.00097759
3096,-0.000208632
3097,0.000103389
3098,-0.00018742
3099,-0.00025702
3100,-4.72641e-05
3101,-0.000151481
3102,-0.000378675
3103,3.98219e-05
3104,0.000890921
3105,0.00103606
3106,0.000239807
3107,-0.000310539
3108,0.000204085
3109,0.000979729
3110,0.000855664
3111,3.82117e-05
3112,-0.000375624
3113,-0.000124524
3114,2.81883e-05
3115,-0.000273119
3116,-0.000443832
3117,-0.000138682
3118,3.54077e-05
3119,-0.000386085
3120,-0.000734223
3121,-0.000219166
3122,0.000640654
3123,0.000716015
3124,8.44806e-05
3125,-0.000106865
3126,0.000443697
3127,0.000783566
3128,0.000464196
3129,0.000264974
3130,0.000578197
3131,0.000533695
3132,-0.000313905
3133,-0.000816814
3134,-7.89849e-05
3135,0.000744939
3136,0.000159787
3137,-0.00110358
3138,-0.00116297
3139,-1.8922e-05
3140,0.000591609
3141,0.000122721
3142,-0.000202129
3143,0.000164241
3144,0.000315383
3145,2.80965e-06
3146,0.000277005
3147,0.00122269
3148,0.0012634
3149,-0.000100916
3150,-0.00096469
3151,2.24039e-05
3152,0.00127134
3153,0.000743627
3154,-0.00078507
3155,-0.00115951
3156,-0.000306054
3157,0.000138949
3158,-0.000179741
3159,-0.000208377
3160,0.000114413
3161,-0.000155634
3162,-0.000694691
3163,-0.000132986
3164,0.00122844
3165,0.00140718
3166,2.57e-05
3167,-0.000797687
3168,0.00019669
3169,0.00140486
3170,0.00103578
3171,-0.000175
3172,-0.000549848
3173,-0.000146628
3174,-4.68807e-05
3175,-0.000228197
3176,-4.17028e-05
3177,0.000113542
3178,-0.000484048
3179,-0.00111687
3180,-0.000527203
3181,0.000771462
3182,0.00101118
3183,-4.17049e-05
3184,-0.00068559
3185,4.62994e-05
3186,0.00105034
3187,0.00107244
3188,0.000451324
3189,0.000122612
3190,0.000116517
3191,1.84643e-05
3192,-1.62382e-05
3193,0.000256374
3194,0.000349926
3195,-0.000244174
3196,-0.000966244
3197,-0.000836322
3198,1.62694e-05
3199,0.000460533
3200,1.59763e-05
3201,-0.000519296
3202,-0.000334342
3203,0.000292452
3204,0.000612284
3205,0.000526132
3206,0.000466338
3207,0.000520692
3208,0.000390876
3209,0.000125813
3210,0.000164847
3211,0.000502904
3212,0.000500479
3213,-0.000114502
3214,-0.000667514
3215,-0.000504315
3216,-2.05393e-05
3217,-8.96537e-06
3218,-0.000379604
3219,-0.00042002
3220,-8.89466e-05
3221,-4.84802e-06
3222,-0.000180826
3223,6.62999e-05
3224,0.000732264
3225,0.000871586
3226,0.000210263
3227,-0.000192129
3228,0.000364095
3229,0.000994729
3230,0.000679345
3231,-8.40616e-05
3232,-0.000254845
3233,-2.91812e-06
3234,-0.000123372
3235,-0.000417781
3236,-0.000192653
3237,0.000155642
3238,-0.000263691
3239,-0.000967342
3240,-0.00063377
3241,0.000541298
3242,0.000914771
3243,6.88426e-05
3244,-0.000489003
3245,0.000152348
3246,0.000934103
3247,0.000808548
3248,0.000360283
3249,0.000374351
3250,0.000376544
3251,-0.000117844
3252,-0.00034103
3253,0.000273989
3254,0.00066088
3255,-0.000202166
3256,-0.00127082
3257,-0.00093273
3258,0.000306367
3259,0.000614469
3260,-0.000222626
3261,-0.000693588
3262,-0.000174636
3263,0.000381384
3264,0.00042942
3265,0.000540395
3266,0.00082703
3267,0.000548138
3268,-0.000199327
3269,-0.000194072
3270,0.00077641
3271,0.00119617
3272,0.00018556
3273,-0.000966626
3274,-0.000803572
3275,0.00011014
3276,0.000336056
3277,-0.000195193
3278,-0.000529576
3279,-0.000446423
3280,-0.000392837
3281,-0.000253697
3282,0.000342665
3283,0.000871594
3284,0.000512987
3285,-0.000281372
3286,-0.000234723
3287,0.000732105
3288,0.00128633
3289,0.000705255
3290,-0.000152421
3291,-0.000307099
3292,2.85485e-05
3293,0.000167525
3294,4.60337e-05
3295,-7.67724e-05
3296,-0.000286134
3297,-0.000650414
3298,-0.000734897
3299,-0.000216858
3300,0.000387011
3301,0.000339123
3302,-0.000193132
3303,-0.000342426
3304,0.000193719
3305,0.000772699
3306,0.000792662
3307,0.000452461
3308,0.000263306
3309,0.000287663
3310,0.000264831
3311,0.00017227
3312,0.000177572
3313,0.000175754
3314,-0.000110834
3315,-0.000549444
3316,-0.000625756
3317,-0.000229609
3318,7.49738e-05
3319,-0.000120367
3320,-0.000420214
3321,-0.000265622
3322,0.000171725
3323,0.000342843
3324,0.000269168
3325,0.000392441
3326,0.00064628
3327,0.000537669
3328,0.000153712
3329,0.000153744
3330,0.000577161
3331,0.00062588
3332,3.83111e-07
3333,-0.000510973
3334,-0.000318984
3335,2.06865e-05
3336,-0.000145226
3337,-0.000455022
3338,-0.00033614
3339,-0.000113597
3340,-0.000284798
3341,-0.000399254
3342,0.000146604
3343,0.000778156
3344,0.000547585
3345,-0.00013979
3346,-6.3625e-05
3347,0.000752877
3348,0.00105726
3349,0.000456259
3350,-6.81513e-05
3351,4.1379e-05
3352,0.000147722
3353,-0.000128554
3354,-0.000205445
3355,0.000100659
3356,-1.26002e-05
3357,-0.000757872
3358,-0.00101054
3359,-0.000147018
3360,0.000680221
3361,0.000317145
3362,-0.000497506
3363,-0.000392495
3364,0.000442879
3365,0.000827692
3366,0.000599175
3367,0.000482204
3368,0.000506285
3369,0.000170498
3370,-0.000181303
3371,0.000195891
3372,0.000814921
3373,0.00044913
3374,-0.00072138
3375,-0.0011438
3376,-0.000322728
3377,0.000424662
3378,0.000117999
3379,-0.000524894
3380,-0.000549839
3381,-0.000184602
3382,3.36678e-05
3383,0.000297268
3384,0.000749891
3385,0.000775632
3386,0.000109117
3387,-0.000302338
3388,0.000321593
3389,0.00115659
3390,0.000930553
3391,-0.00010453
3392,-0.000629059
3393,-0.000267363
3394,0.000137325
3395,4.97829e-05
3396,-0.000194931
3397,-0.000335543
3398,-0.00053474
3399,-0.000658165
3400,-0.000264471
3401,0.000439886
3402,0.000605407
3403,4.64858e-05
3404,-0.000333985
3405,0.000123647
3406,0.00085275
3407,0.000961557
3408,0.000483456
3409,9.8597e-05
3410,7.50042e-05
3411,0.000146895
3412,0.000151443
3413,0.000144984
3414,3.24951e-05
3415,-0.000327771
3416,-0.000683078
3417,-0.000585799
3418,-9.96402e-05
3419,0.000173309
3420,-6.90069e-05
3421,-0.000381685
3422,-0.000223015
3423,0.000283246
3424,0.000590599
3425,0.000519336
3426,0.000381701
3427,0.000393114
3428,0.000409614
3429,0.000325895
3430,0.000297739
3431,0.000363492
3432,0.000242552
3433,-0.000174144
3434,-0.000483946
3435,-0.000337542
3436,-4.93963e-05
3437,-0.000132926
3438,-0.000454343
3439,-0.000461365
3440,-0.000120571
3441,7.44012e-05
3442,1.35096e-05
3443,0.000120737
3444,0.000472899
3445,0.000574761
3446,0.00028848
3447,0.000181617
3448,0.000529098
3449,0.000748462
3450,0.000383315
3451,-8.56934e-05
3452,-8.43781e-05
3453,8.34834e-05
3454,-0.000106644
3455,-0.000393707
3456,-0.0002869
3457,-8.8149e-05
3458,-0.00033692
3459,-0.000664524
3460,-0.000333934
3461,0.000366158
3462,0.000477328
3463,-8.82116e-06
3464,-0.00013763
3465,0.000373238
3466,0.00074821
3467,0.000582487
3468,0.000401176
3469,0.000475142
3470,0.000324435
3471,-0.000139337
3472,-0.000205569
3473,0.000290456
3474,0.000407527
3475,-0.000343717
3476,-0.00100234
3477,-0.000648794
3478,0.000109309
3479,0.000203798
3480,-0.00021112
3481,-0.000298006
3482,-2.71388e-05
3483,9.66435e-05
3484,0.000199387
3485,0.000648857
3486,0.000971779
3487,0.000501251
3488,-0.000221727
3489,-8.38347e-05
3490,0.000729371
3491,0.000913376
3492,0.000109756
3493,-0.000610933
3494,-0.000524475
3495,-0.000165269
3496,-0.0001174
3497,-0.000162582
3498,-0.000109408
3499,-0.000290048
3500,-0.000651943
3501,-0.000460062
3502,0.000415977
3503,0.000945547
3504,0.00045282
3505,-0.000238684
3506,-6.44174e-05
3507,0.000679176
3508,0.000960711
3509,0.000593988
3510,0.00018174
3511,-2.4683e-05
3512,-0.000195671
3513,-0.000217956
3514,8.12022e-05
3515,0.000258016
3516,-0.000215802
3517,-0.000900303
3518,-0.000844852
3519,-5.54099e-05
3520,0.000458016
3521,0.000184842
3522,-0.00025319
3523,-0.000183284
3524,0.000241855
3525,0.000565652
3526,0.000698024
3527,0.000683781
3528,0.00042209
3529,3.25882e-05
3530,-2.78644e-05
3531,0.000348157
3532,0.000568993
3533,0.000146022
3534,-0.000530275
3535,-0.000715799
3536,-0.000339974
3537,6.53438e-06
3538,-4.89702e-05
3539,-0.000292445
3540,-0.000386809
3541,-0.000258156
3542,2.33901e-05
3543,0.000372224
3544,0.000598471
3545,0.000504764
3546,0.000212776
3547,0.00013403
3548,0.000434192
3549,0.000735845
3550,0.000586244
3551,7.84827e-05
3552,-0.000271999
3553,-0.000216901
3554,-3.65276e-05
3555,-6.48789e-05
3556,-0.000258709
3557,-0.000394512
3558,-0.000423845
3559,-0.00039124
3560,-0.000221279
3561,0.000102615
3562,0.000318406
3563,0.000210864
3564,3.69264e-05
3565,0.000206934
3566,0.000609013
3567,0.000731201
3568,0.000460585
3569,0.000226418
3570,0.000253629
3571,0.000247648
3572,2.34429e-05
3573,-0.00013808
3574,-7.24006e-05
3575,-0.000100048
3576,-0.00040703
3577,-0.000596541
3578,-0.000349707
3579,-3.00115e-05
3580,-6.45918e-05
3581,-0.000196254
3582,4.01743e-06
3583,0.000319206
3584,0.00031666
3585,0.00020792
3586,0.000446581
3587,0.000775672
3588,0.000597777
3589,9.64323e-05
3590,5.14271e-06
3591,0.000338875
3592,0.000374658
3593,-6.94821e-05
3594,-0.000375869
3595,-0.000286902
3596,-0.000269979
3597,-0.000476282
3598,-0.000404657
3599,2.31722e-05
3600,0.000124155
3601,-0.000300287
3602,-0.000430255
3603,0.000206635
3604,0.000830231
3605,0.000660423
3606,0.00016756
3607,0.000169284
3608,0.000487
3609,0.000495221
3610,0.000303497
3611,0.000325265
3612,0.000280602
3613,-0.000233619
3614,-0.000693014
3615,-0.000378509
3616,0.000235813
3617,0.000105884
3618,-0.000627494
3619,-0.000830132
3620,-0.000220557
3621,0.00030945
3622,0.000272935
3623,0.000170067
3624,0.000304221
3625,0.000303358
3626,0.000137881
3627,0.000363212
3628,0.000914245
3629,0.000880366
3630,4.69862e-05
3631,-0.000514706
3632,-0.000101915
3633,0.000475202
3634,0.000241341
3635,-0.000440909
3636,-0.000668887
3637,-0.000448396
3638,-0.000316127
3639,-0.000230843
3640,7.99391e-05
3641,0.000256875
3642,-9.0591e-05
3643,-0.000394609
3644,0.000104065
3645,0.000948355
3646,0.00101852
3647,0.000294992
3648,-0.000137522
3649,0.00018851
3650,0.000577168
3651,0.000462986
3652,0.000134452
3653,-8.47806e-05
3654,-0.0003433
3655,-0.000605187
3656,-0.000445387
3657,6.72683e-05
3658,0.000170453
3659,-0.000393295
3660,-0.000793595
3661,-0.000334722
3662,0.000458973
3663,0.000673843
3664,0.000326981
3665,0.000103641
3666,0.000234805
3667,0.000415793
3668,0.000522838
3669,0.000638449
3670,0.00056889
3671,9.26327e-05
3672,-0.000415681
3673,-0.000350724
3674,0.000138362
3675,0.000249072
3676,-0.000282949
3677,-0.000781696
3678,-0.000646983
3679,-0.000150908
3680,0.000119919
3681,9.26531e-05
3682,5.43467e-05
3683,8.22246e-05
3684,0.000108064
3685,0.000256878
3686,0.000613873
3687,0.000843938
3688,0.000571055
3689,4.97324e-05
3690,-8.25036e-05
3691,0.000257475
3692,0.000452265
3693,0.000112206
3694,-0.000378387
3695,-0.000508267
3696,-0.000355159
3697,-0.000274039
3698,-0.000270391
3699,-0.000161835
3700,-6.16258e-05
3701,-0.000156554
3702,-0.000209272
3703,0.000125798
3704,0.000606949
3705,0.000660949
3706,0.00030993
3707,0.000168005
3708,0.000433823
3709,0.000596847
3710,0.000350481
3711,7.52075e-05
3712,7.53784e-05
3713,3.88607e-05
3714,-0.000277951
3715,-0.000487754
3716,-0.000274032
3717,-5.47521e-05
3718,-0.000269292
3719,-0.000539386
3720,-0.000309508
3721,0.000144731
3722,0.000208465
3723,3.61295e-05
3724,0.000213434
3725,0.000602678
3726,0.000571447
3727,0.000214104
3728,0.00023467
3729,0.000625919
3730,0.00061317
3731,5.12311e-05
3732,-0.000280284
3733,-5.61911e-05
3734,6.79017e-05
3735,-0.000277384
3736,-0.000512754
3737,-0.000269132
3738,-0.000111052
3739,-0.000405671
3740,-0.000517389
3741,2.53551e-05
3742,0.000530967
3743,0.000293859
3744,-0.00012413
3745,0.000137618
3746,0.000730714
3747,0.000757119
3748,0.000332894
3749,0.000225268
3750,0.000392974
3751,0.000209856
3752,-0.00018418
3753,-0.00012058
3754,0.000201834
3755,-4.33945e-05
3756,-0.00071972
3757,-0.00079729
3758,-0.000131097
3759,0.000244052
3760,-0.000122379
3761,-0.000415741
3762,-7.32837e-05
3763,0.000337906
3764,0.000330245
3765,0.000334604
3766,0.000642613
3767,0.000688499
3768,0.000191759
3769,-8.26194e-05
3770,0.000374832
3771,0.00076622
3772,0.000269086
3773,-0.00052369
3774,-0.000583893
3775,-0.000113454
3776,-1.90707e-05
3777,-0.00032868
3778,-0.000392782
3779,-0.000209593
3780,-0.000264326
3781,-0.00036536
3782,5.79926e-05
3783,0.000681173
3784,0.000621428
3785,7.66033e-06
3786,-9.6384e-05
3787,0.00054989
3788,0.000966397
3789,0.000582639
3790,4.28145e-05
3791,-3.23239e-05
3792,4.73494e-05
3793,-9.65954e-05
3794,-0.000181165
3795,-2.30178e-05
3796,-9.15038e-05
3797,-0.000591142
3798,-0.00083131
3799,-0.000301877
3800,0.000352033
3801,0.000289818
3802,-0.000196905
3803,-0.000228278
3804,0.000262846
3805,0.000614953
3806,0.000594624
3807,0.000531194
3808,0.000493911
3809,0.000252693
3810,-2.05089e-05
3811,0.000101906
3812,0.000432392
3813,0.00029457
3814,-0.000356895
3815,-0.000753552
3816,-0.000476744
3817,-5.06156e-05
3818,-4.79766e-05
3819,-0.000284003
3820,-0.000316345
3821,-0.000161798
3822,-3.14192e-05
3823,0.000161875
3824,0.00050306
3825,0.000674065
3826,0.000415181
3827,9.28057e-05
3828,0.000221451
3829,0.000619677
3830,0.000648662
3831,0.000193882
3832,-0.000206916
3833,-0.000227272
3834,-0.000137775
3835,-0.000206144
3836,-0.000287724
3837,-0.000248285
3838,-0.00027517
3839,-0.000441105
3840,-0.00041289
3841,7.1413e-07
3842,0.000395125
3843,0.000336343
3844,7.25707e-05
3845,0.000145216
3846,0.000514372
3847,0.000667429
3848,0.000477202
3849,0.00031439
3850,0.000315174
3851,0.000196714
3852,-9.02468e-05
3853,-0.000185089
3854,-1.47796e-05
3855,-2.86945e-05
3856,-0.000410265
3857,-0.000661809
3858,-0.00040437
3859,-2.85202e-05
3860,-2.49964e-05
3861,-0.000176498
3862,-3.02425e-05
3863,0.000268528
3864,0.0003143
3865,0.000248006
3866,0.000454153
3867,0.000723541
3868,0.000552751
3869,0.000113277
3870,4.47958e-05
3871,0.00034021
3872,0.000341495
3873,-0.000104038
3874,-0.000404856
3875,-0.000296881
3876,-0.000228618
3877,-0.000414214
3878,-0.000424975
3879,-0.000100531
3880,3.83744e-05
3881,-0.000226158
3882,-0.000287808
3883,0.000224511
3884,0.000694778
3885,0.000532702
3886,0.000174843
3887,0.000273045
3888,0.000572855
3889,0.000490593
3890,0.000203214
3891,0.000196818
3892,0.000246656
3893,-0.000115937
3894,-0.000543919
3895,-0.000386321
3896,5.71914e-05
3897,-4.66492e-05
3898,-0.000589255
3899,-0.000663385
3900,-0.000118764
3901,0.000245158
3902,0.000112625
3903,6.1143e-05
3904,0.000341383
3905,0.000450451
3906,0.000244519
3907,0.000300601
3908,0.000728172
3909,0.00076608
3910,0.000130161
3911,-0.000334776
3912,-3.83207e-05
3913,0.000347256
3914,6.44157e-05
3915,-0.000480728
3916,-0.000548661
3917,-0.000315318
3918,-0.000314623
3919,-0.000357822
3920,-4.83515e-05
3921,0.000243769
3922,1.49974e-05
3923,-0.000277583
3924,0.000104516
3925,0.000806716
3926,0.00086709
3927,0.000307012
3928,3.74729e-05
3929,0.000314035
3930,0.000481621
3931,0.000251603
3932,5.97477e-05
3933,4.4344e-05
3934,-0.000193233
3935,-0.000601743
3936,-0.000560072
3937,-4.88561e-05
3938,0.000122323
3939,-0.000338575
3940,-0.000649099
3941,-0.000242996
3942,0.00033613
3943,0.000427397
3944,0.000265334
3945,0.00032604
3946,0.000446202
3947,0.000335149
3948,0.000277348
3949,0.000537074
3950,0.000661505
3951,0.00020481
3952,-0.00036374
3953,-0.00033904
3954,5.13882e-05
3955,5.24112e-05
3956,-0.00036397
3957,-0.000566839
3958,-0.000383992
3959,-0.000232481
3960,-0.000224994
3961,-4.60268e-05
3962,0.000268024
3963,0.000292575
3964,6.16554e-05
3965,0.000124766
3966,0.000573812
3967,0.000800396
3968,0.000491985
3969,0.000131721
3970,0.00015471
3971,0.000283352
3972,0.00013215
3973,-0.000124321
3974,-0.000180307
3975,-0.000187815
3976,-0.000383119
3977,-0.000539924
3978,-0.000355207
3979,-5.59471e-05
3980,-4.96534e-05
3981,-0.000213257
3982,-0.000109741
3983,0.000250128
3984,0.000447454
3985,0.00037824
3986,0.000359125
3987,0.000499263
3988,0.000522942
3989,0.000321515
3990,0.000169732
3991,0.000213041
3992,0.00019564
3993,-6.38148e-05
3994,-0.00032526
3995,-0.000338059
3996,-0.000254464
3997,-0.00031203
3998,-0.000395978
3999,-0.000281497
4000,-7.98852e-05
4001,-4.1623e-05
4002,-7.65734e-05
4003,0.000100545
4004,0.000430312
4005,0.000555788
4006,0.00040629
4007,0.000300393
4008,0.000398077
4009,0.000468768
4010,0.000337317
4011,0.000161467
4012,7.60857e-05
4013,-5.78389e-05
4014,-0.000303859
4015,-0.000413561
4016,-0.000250108
4017,-0.000117467
4018,-0.00029164
4019,-0.000508663
4020,-0.00035554
4021,5.2747e-05
4022,0.000266769
4023,0.000213781
4024,0.000206847
4025,0.00034088
4026,0.000411895
4027,0.000402664
4028,0.000497712
4029,0.000592841
4030,0.000365139
4031,-7.87754e-05
4032,-0.000219984
4033,3.76776e-05
4034,0.0001493
4035,-0.000198182
4036,-0.000580796
4037,-0.000547726
4038,-0.000286008
4039,-0.000163522
4040,-0.000118872
4041,2.21997e-05
4042,9.56277e-05
4043,-9.97677e-06
4044,4.88852e-05
4045,0.0004954
4046,0.000855107
4047,0.000611222
4048,0.000100375
4049,3.39674e-05
4050,0.000380534
4051,0.00048956
4052,0.00016467
4053,-0.000171483
4054,-0.000300693
4055,-0.00040721
4056,-0.000469213
4057,-0.000253278
4058,3.11541e-05
4059,-0.000114246
4060,-0.000541625
4061,-0.000501661
4062,0.000159573
4063,0.000669931
4064,0.000513039
4065,0.000150556
4066,0.000161002
4067,0.000401729
4068,0.000505194
4069,0.000519297
4070,0.00052437
4071,0.000261188
4072,-0.000278528
4073,-0.000504088
4074,-0.000110127
4075,0.000258743
4076,-6.55003e-05
4077,-0.000689914
4078,-0.000772898
4079,-0.000296286
4080,8.66271e-05
4081,0.000137432
4082,0.000134449
4083,0.000147444
4084,5.37088e-05
4085,8.91689e-05
4086,0.000531557
4087,0.000962617
4088,0.000718781
4089,2.1557e-05
4090,-0.000231677
4091,0.000165531
4092,0.000464093
4093,0.000182063
4094,-0.000284455
4095,-0.000483994
4096,-0.000505561
4097,-0.000471272
4098,-0.00023141
4099,9.46947e-05
4100,3.58156e-05
4101,-0.000381521
4102,-0.000435453
4103,0.000186367
4104,0.000788017
4105,0.000697437
4106,0.000246351
4107,0.000125495
4108,0.000342059
4109,0.000467226
4110,0.000424915
4111,0.000358948
4112,0.000138612
4113,-0.000314701
4114,-0.000574314
4115,-0.000287773
4116,0.000101893
4117,-5.73118e-05
4118,-0.000569804
4119,-0.000678757
4120,-0.000236961
4121,0.000178741
4122,0.000241536
4123,0.000203571
4124,0.00025005
4125,0.000255924
4126,0.000258011
4127,0.000476494
4128,0.000747496
4129,0.000602649
4130,7.88547e-05
4131,-0.000202371
4132,1.61858e-05
4133,0.000228187
4134,-2.48223e-06
4135,-0.000399882
4136,-0.000519659
4137,-0.000407193
4138,-0.000315608
4139,-0.000223281
4140,-5.26718e-05
4141,2.33784e-05
4142,-7.83942e-05
4143,-5.38699e-05
4144,0.000309416
4145,0.000668425
4146,0.00060176
4147,0.000285607
4148,0.000205199
4149,0.000393071
4150,0.000458673
4151,0.000252032
4152,3.82143e-06
4153,-0.000140163
4154,-0.000260354
4155,-0.000349647
4156,-0.000293519
4157,-0.000188184
4158,-0.000265754
4159,-0.000448504
4160,-0.000381518
4161,-4.67892e-06
4162,0.000298915
4163,0.000273058
4164,0.00014721
4165,0.000229487
4166,0.000453968
4167,0.000567854
4168,0.000517215
4169,0.000400336
4170,0.000240272
4171,5.03286e-05
4172,-4.30082e-05
4173,7.81537e-06
4174,-1.33028e-06
4175,-0.000246571
4176,-0.000537225
4177,-0.000538188
4178,-0.000264566
4179,-6.18029e-05
4180,-0.000101488
4181,-0.000182815
4182,-8.34047e-05
4183,0.0001531
4184,0.000368179
4185,0.00049851
4186,0.000524596
4187,0.000416824
4188,0.000263531
4189,0.000258583
4190,0.00040428
4191,0.000411357
4192,9.25098e-05
4193,-0.000306164
4194,-0.000409073
4195,-0.000230269
4196,-0.000117799
4197,-0.000241105
4198,-0.000415991
4199,-0.000432857
4200,-0.000285893
4201,-4.80095e-05
4202,0.000216661
4203,0.000366437
4204,0.000281488
4205,0.00012738
4206,0.000234172
4207,0.000592868
4208,0.000767289
4209,0.000487782
4210,5.25327e-05
4211,-9.96975e-05
4212,2.78542e-05
4213,0.000108583
4214,-1.27759e-05
4215,-0.000240381
4216,-0.000469261
4217,-0.00059946
4218,-0.000465537
4219,-8.3772e-05
4220,0.000171418
4221,7.53677e-06
4222,-0.000280491
4223,-0.000154546
4224,0.000377416
4225,0.000754517
4226,0.000651329
4227,0.000335035
4228,0.000172537
4229,0.000204574
4230,0.000314115
4231,0.00041118
4232,0.000322401
4233,-9.62994e-05
4234,-0.00058259
4235,-0.000622685
4236,-0.000185456
4237,0.000118188
4238,-0.000129305
4239,-0.000558785
4240,-0.000575746
4241,-0.000155192
4242,0.00028251
4243,0.000478342
4244,0.000444587
4245,0.000248428
4246,6.98341e-05
4247,0.000214806
4248,0.000667979
4249,0.000880801
4250,0.000447301
4251,-0.000228825
4252,-0.000424362
4253,-8.35134e-05
4254,0.000192092
4255,2.82743e-05
4256,-0.000359582
4257,-0.000631956
4258,-0.0006529
4259,-0.00037666
4260,0.000101022
4261,0.000380355
4262,0.000145177
4263,-0.000261807
4264,-0.000165648
4265,0.000472802
4266,0.000943035
4267,0.000765278
4268,0.000267332
4269,-1.14932e-06
4270,5.90063e-05
4271,0.00023374
4272,0.00034862
4273,0.000236866
4274,-0.000213784
4275,-0.000720163
4276,-0.000734972
4277,-0.000209683
4278,0.000192977
4279,-1.83247e-05
4280,-0.000471139
4281,-0.000501721
4282,-5.51668e-05
4283,0.000409005
4284,0.000599676
4285,0.000544536
4286,0.000324535
4287,0.000100899
4288,0.000173467
4289,0.00056547
4290,0.000765784
4291,0.000353118
4292,-0.000313529
4293,-0.000527314
4294,-0.000210631
4295,6.20218e-05
4296,-6.8335e-05
4297,-0.000381738
4298,-0.000560263
4299,-0.000525367
4300,-0.000273677
4301,0.000141793
4302,0.000420146
4303,0.000272851
4304,-5.54915e-05
4305,3.51117e-06
4306,0.000510703
4307,0.000871108
4308,0.000671384
4309,0.000208916
4310,-2.45885e-05
4311,2.94289e-05
4312,0.000131668
4313,0.000138296
4314,-3.6295e-06
4315,-0.000327236
4316,-0.000650679
4317,-0.000617757
4318,-0.00020383
4319,0.000112462
4320,-2.45843e-05
4321,-0.000323658
4322,-0.000271829
4323,0.000150936
4324,0.000529419
4325,0.000606045
4326,0.000472403
4327,0.000300154
4328,0.000205898
4329,0.00028357
4330,0.000468961
4331,0.000462953
4332,8.60162e-05
4333,-0.000374279
4334,-0.000476183
4335,-0.000224862
4336,-4.75818e-05
4337,-0.000190264
4338,-0.000446297
4339,-0.000509109
4340,-0.000317386
4341,-2.05592e-06
4342,0.000269606
4343,0.000348549
4344,0.000221574
4345,0.000116985
4346,0.000281288
4347,0.000609986
4348,0.000720298
4349,0.000451858
4350,7.85796e-05
4351,-6.6536e-05
4352,1.73961e-05
4353,8.98635e-05
4354,-1.33486e-05
4355,-0.000264129
4356,-0.000511269
4357,-0.000570441
4358,-0.000366824
4359,-7.09431e-05
4360,3.2918e-05
4361,-0.000101573
4362,-0.000192417
4363,8.7373e-06
4364,0.000386723
4365,0.000617559
4366,0.000558534
4367,0.000356368
4368,0.000230357
4369,0.000264544
4370,0.000373072
4371,0.000376058
4372,0.000150139
4373,-0.000212128
4374,-0.000440437
4375,-0.000375202
4376,-0.000174714
4377,-0.000131984
4378,-0.00031105
4379,-0.000475536
4380,-0.000384608
4381,-6.39486e-05
4382,0.000247896
4383,0.000355666
4384,0.000275521
4385,0.000191061
4386,0.000269213
4387,0.000490248
4388,0.000645757
4389,0.000539953
4390,0.000212677
4391,-7.46159e-05
4392,-0.000112331
4393,2.10622e-05
4394,4.81147e-05
4395,-0.000179432
4396,-0.000496962
4397,-0.000608297
4398,-0.000415192
4399,-0.000111436
4400,4.20881e-05
4401,-1.74981e-05
4402,-0.000120622
4403,-5.02021e-05
4404,0.000245942
4405,0.000584682
4406,0.000692423
4407,0.000481209
4408,0.000181146
4409,0.000113417
4410,0.000309081
4411,0.000452631
4412,0.000261463
4413,-0.000170322
4414,-0.00049086
4415,-0.000484651
4416,-0.000258298
4417,-8.39373e-05
4418,-0.0001418
4419,-0.000371843
4420,-0.000503104
4421,-0.000289569
4422,0.000192117
4423,0.00054722
4424,0.000484097
4425,0.00017701
4426,6.6469e-05
4427,0.000324171
4428,0.000667469
4429,0.000713849
4430,0.000384975
4431,-6.47278e-05
4432,-0.000306958
4433,-0.000209308
4434,4.34352e-05
4435,8.71547e-05
4436,-0.000244787
4437,-0.000672688
4438,-0.000733771
4439,-0.000324538
4440,0.000159737
4441,0.000284861
4442,5.19227e-05
4443,-0.000162143
4444,-3.71949e-05
4445,0.000390636
4446,0.000782977
4447,0.00079734
4448,0.000410596
4449,-1.25631e-05
4450,-6.64508e-05
4451,0.000235097
4452,0.000449039
4453,0.000215369
4454,-0.000323869
4455,-0.000698286
4456,-0.000619128
4457,-0.000235224
4458,5.58707e-05
4459,-1.38234e-05
4460,-0.000333577
4461,-0.000496145
4462,-0.000202675
4463,0.000374837
4464,0.000732375
4465,0.000589733
4466,0.000202176
4467,4.18881e-05
4468,0.000267945
4469,0.000604677
4470,0.000667351
4471,0.000322971
4472,-0.000201767
4473,-0.000500715
4474,-0.000358599
4475,-9.46878e-06
4476,7.44501e-05
4477,-0.000269308
4478,-0.000671843
4479,-0.000665119
4480,-0.000225457
4481,0.000244819
4482,0.000388854
4483,0.000211811
4484,-2.26072e-06
4485,4.09358e-05
4486,0.000396793
4487,0.00078107
4488,0.000792529
4489,0.000362855
4490,-9.95238e-05
4491,-0.000162378
4492,0.000112887
4493,0.00027612
4494,5.11291e-05
4495,-0.000388342
4496,-0.000674762
4497,-0.000606719
4498,-0.000268876
4499,4.9487e-05
4500,7.21332e-05
4501,-0.000175998
4502,-0.000323214
4503,-5.47305e-05
4504,0.000465089
4505,0.000755777
4506,0.000597543
4507,0.000254986
4508,0.000108057
4509,0.000243444
4510,0.000451517
4511,0.000467185
4512,0.000175024
4513,-0.000277272
4514,-0.000544482
4515,-0.000416297
4516,-0.000104218
4517,-2.88353e-05
4518,-0.000294091
4519,-0.000556753
4520,-0.000470481
4521,-8.00028e-05
4522,0.000298598
4523,0.000428719
4524,0.000310979
4525,0.000138997
4526,0.00016237
4527,0.000447737
4528,0.000725662
4529,0.000640418
4530,0.000207731
4531,-0.000161104
4532,-0.000168685
4533,2.54121e-05
4534,7.18399e-05
4535,-0.000141005
4536,-0.000445865
4537,-0.000618392
4538,-0.000522501
4539,-0.00019371
4540,0.00011048
4541,0.000113283
4542,-0.00011129
4543,-0.000157883
4544,0.000182325
4545,0.000611107
4546,0.000715373
4547,0.000483817
4548,0.000228894
4549,0.000155952
4550,0.000227236
4551,0.000315458
4552,0.000275564
4553,-5.66403e-06
4554,-0.000413384
4555,-0.000593886
4556,-0.000376704
4557,-7.37313e-05
4558,-9.16821e-05
4559,-0.000364677
4560,-0.000469685
4561,-0.000223943
4562,0.000144089
4563,0.00037564
4564,0.000426837
4565,0.0003514
4566,0.000236221
4567,0.000251894
4568,0.000474828
4569,0.000654997
4570,0.000465455
4571,4.64001e-06
4572,-0.000271042
4573,-0.000171151
4574,-2.68753e-06
4575,-8.30724e-05
4576,-0.000336321
4577,-0.000509164
4578,-0.000504508
4579,-0.000347893
4580,-8.27335e-05
4581,0.000144134
4582,0.000142692
4583,-1.08188e-05
4584,2.69438e-05
4585,0.000377546
4586,0.000698752
4587,0.00064429
4588,0.000337599
4589,0.000144997
4590,0.000170616
4591,0.000233512
4592,0.000190431
4593,2.82275e-05
4594,-0.000233511
4595,-0.000489954
4596,-0.000526675
4597,-0.000292002
4598,-7.43091e-05
4599,-0.000150742
4600,-0.000365286
4601,-0.0003326
4602,1.4477e-05
4603,0.000364492
4604,0.000473084
4605,0.000397008
4606,0.000298839
4607,0.000273219
4608,0.000364692
4609,0.00051841
4610,0.000516688
4611,0.000207165
4612,-0.000204177
4613,-0.000341834
4614,-0.000165266
4615,-2.72046e-05
4616,-0.000177122
4617,-0.000456283
4618,-0.000567786
4619,-0.000424642
4620,-0.000138582
4621,0.000132164
4622,0.000235929
4623,0.000129347
4624,1.51542e-05
4625,0.00017421
4626,0.000560325
4627,0.000773872
4628,0.000567175
4629,0.000175526
4630,-9.34447e-06
4631,8.09498e-05
4632,0.000204199
4633,0.000148114
4634,-0.000108849
4635,-0.000443688
4636,-0.000635852
4637,-0.00050073
4638,-0.000142828
4639,5.66124e-05
4640,-0.000109929
4641,-0.000360761
4642,-0.000268588
4643,0.000177648
4644,0.000579049
4645,0.000634218
4646,0.000420706
4647,0.00020349
4648,0.000170827
4649,0.000342105
4650,0.000540291
4651,0.000471661
4652,3.72209e-05
4653,-0.000441409
4654,-0.000526553
4655,-0.00021672
4656,2.97015e-05
4657,-0.000120026
4658,-0.000479347
4659,-0.000627064
4660,-0.000396425
4661,3.21432e-05
4662,0.0003656
4663,0.000410355
4664,0.000197225
4665,1.37376e-05
4666,0.000170074
4667,0.000602319
4668,0.000849282
4669,0.000583411
4670,4.34456e-05
4671,-0.000247592
4672,-0.000109677
4673,0.000145074
4674,0.000141454
4675,-0.000173665
4676,-0.000559307
4677,-0.00071716
4678,-0.000502554
4679,-6.69736e-05
4680,0.000204428
4681,6.90288e-05
4682,-0.000239925
4683,-0.000236284
4684,0.000216953
4685,0.000712696
4686,0.000791752
4687,0.000463045
4688,0.000116946
4689,5.73509e-05
4690,0.000251586
4691,0.000438583
4692,0.000354946
4693,-5.49941e-05
4694,-0.000525423
4695,-0.000655186
4696,-0.000349821
4697,5.97845e-06
4698,-1.95459e-05
4699,-0.000367852
4700,-0.00057045
4701,-0.000332729
4702,0.000156695
4703,0.000504372
4704,0.000516667
4705,0.00029814
4706,0.000113798
4707,0.000192776
4708,0.000512029
4709,0.000734893
4710,0.000529511
4711,1.60056e-06
4712,-0.000365593
4713,-0.000284055
4714,1.18842e-07
4715,5.20175e-05
4716,-0.000227587
4717,-0.000561939
4718,-0.000651611
4719,-0.000422105
4720,-2.75735e-05
4721,0.000249805
4722,0.000205976
4723,-3.50594e-05
4724,-8.00185e-05
4725,0.000268791
4726,0.000710294
4727,0.00078858
4728,0.000455487
4729,8.81033e-05
4730,1.30406e-07
4731,0.000142426
4732,0.000263251
4733,0.000168797
4734,-0.000163742
4735,-0.000545656
4736,-0.000662612
4737,-0.000393607
4738,-3.32615e-05
4739,1.10546e-05
4740,-0.000254523
4741,-0.000409738
4742,-0.000173137
4743,0.000272452
4744,0.00056582
4745,0.000562928
4746,0.00037084
4747,0.000189043
4748,0.000199907
4749,0.000422494
4750,0.000592747
4751,0.000392715
4752,-0.00010755
4753,-0.000453193
4754,-0.000368707
4755,-0.00010193
4756,-5.52487e-05
4757,-0.0002793
4758,-0.000510871
4759,-0.000533578
4760,-0.000315413
4761,4.7582e-05
4762,0.000338162
4763,0.000331724
4764,9.88823e-05
4765,2.94986e-05
4766,0.000340092
4767,0.00072163
4768,0.000725945
4769,0.000359237
4770,1.75128e-05
4771,-5.65793e-05
4772,3.10176e-05
4773,8.83242e-05
4774,1.10685e-05
4775,-0.000241845
4776,-0.000566497
4777,-0.000665661
4778,-0.00037311
4779,2.14432e-05
4780,8.14507e-05
4781,-0.000168587
4782,-0.000273334
4783,6.23887e-06
4784,0.000412878
4785,0.000611114
4786,0.000560265
4787,0.000390333
4788,0.000215228
4789,0.000166757
4790,0.000315795
4791,0.000452576
4792,0.000247128
4793,-0.000246499
4794,-0.000555545
4795,-0.000416054
4796,-0.000131155
4797,-0.000107219
4798,-0.000317741
4799,-0.000458762
4800,-0.000385964
4801,-0.000152978
4802,0.000161235
4803,0.000416455
4804,0.00041459
4805,0.00019387
4806,0.000116431
4807,0.000391292
4808,0.000704721
4809,0.000626422
4810,0.000215464
4811,-0.000102318
4812,-0.00013046
4813,-4.48687e-05
4814,-3.65734e-05
4815,-0.000138068
4816,-0.0003398
4817,-0.000565566
4818,-0.000586824
4819,-0.000276687
4820,9.43537e-05
4821,0.000141756
4822,-7.74241e-05
4823,-0.00012839
4824,0.000173356
4825,0.000536865
4826,0.000646994
4827,0.000518862
4828,0.000326078
4829,0.000175041
4830,0.000140025
4831,0.000240772
4832,0.000290914
4833,4.68148e-05
4834,-0.000389761
4835,-0.00060048
4836,-0.000408711
4837,-0.000131963
4838,-0.000121202
4839,-0.000307905
4840,-0.000391623
4841,-0.00024923
4842,3.25822e-05
4843,0.000329384
4844,0.000498779
4845,0.000422163
4846,0.000211951
4847,0.000186609
4848,0.000444956
4849,0.000654216
4850,0.000478783
4851,4.81306e-05
4852,-0.000238498
4853,-0.000231163
4854,-0.00011409
4855,-8.95088e-05
4856,-0.000210332
4857,-0.000429309
4858,-0.00059311
4859,-0.000484983
4860,-9.73493e-05
4861,0.000234649
4862,0.000209619
4863,-1.42839e-05
4864,-2.14507e-05
4865,0.000295236
4866,0.000629466
4867,0.000690754
4868,0.000489953
4869,0.000209384
4870,2.32701e-05
4871,4.05471e-05
4872,0.000197459
4873,0.000213331
4874,-0.000111815
4875,-0.00055563
4876,-0.000677851
4877,-0.000389141
4878,-6.39826e-05
4879,-3.52845e-05
4880,-0.000219698
4881,-0.000320884
4882,-0.000180992
4883,0.000154785
4884,0.000514188
4885,0.000655045
4886,0.00045693
4887,0.000146223
4888,0.000115459
4889,0.000411526
4890,0.000621056
4891,0.000400303
4892,-8.5917e-05
4893,-0.000412971
4894,-0.000402808
4895,-0.000213575
4896,-8.30728e-05
4897,-0.000153393
4898,-0.000407128
4899,-0.000609971
4900,-0.000459654
4901,2.94998e-05
4902,0.000430642
4903,0.000391608
4904,9.39173e-05
4905,7.68473e-06
4906,0.000286984
4907,0.000638843
4908,0.000729876
4909,0.000500995
4910,0.000120712
4911,-0.000162936
4912,-0.000158655
4913,6.94605e-05
4914,0.000166947
4915,-0.000131985
4916,-0.000606997
4917,-0.000761524
4918,-0.00044064
4919,-9.31841e-06
4920,0.000128228
4921,-3.10383e-05
4922,-0.000195314
4923,-0.000125765
4924,0.000201542
4925,0.000602001
4926,0.000770647
4927,0.000539321
4928,0.000132869
4929,-7.38356e-06
4930,0.000240725
4931,0.000494796
4932,0.000346066
4933,-0.000136344
4934,-0.000531402
4935,-0.000566049
4936,-0.000329732
4937,-9.39387e-05
4938,-7.50384e-05
4939,-0.000291345
4940,-0.000506151
4941,-0.00039408
4942,8.18764e-05
4943,0.000536245
4944,0.000572099
4945,0.000266169
4946,6.34586e-05
4947,0.000222441
4948,0.000549469
4949,0.000682809
4950,0.000470776
4951,5.16497e-05
4952,-0.000290274
4953,-0.000329168
4954,-0.00010423
4955,5.66749e-05
4956,-0.000133958
4957,-0.000544118
4958,-0.000727579
4959,-0.000455715
4960,1.05489e-05
4961,0.000253621
4962,0.00016391
4963,-2.01935e-05
4964,-1.84662e-05
4965,0.000244696
4966,0.000603535
4967,0.000767085
4968,0.000561838
4969,0.000150735
4970,-7.93725e-05
4971,5.09769e-05
4972,0.000281289
4973,0.000223762
4974,-0.00016598
4975,-0.000558626
4976,-0.000641274
4977,-0.000412161
4978,-0.000117604
4979,-1.07631e-05
4980,-0.000150132
4981,-0.000333108
4982,-0.000256929
4983,0.000147976
4984,0.00057621
4985,0.000658846
4986,0.000395571
4987,0.000144639
4988,0.000184064
4989,0.000417605
4990,0.00053918
4991,0.00036723
4992,-1.84613e-05
4993,-0.000365987
4994,-0.000444984
4995,-0.000253665
4996,-6.24955e-05
4997,-0.00014703
4998,-0.000446637
4999,-0.000603318
