0,0
1,0
2,0
3,0
4,0
5,0
6,0
7,0
8,0
9,0
10,0
11,0
12,0
13,0
14,0
15,0
16,0
17,0
18,0
19,0
20,0
21,0
22,0
23,0
24,0
25,0
26,0
27,0
28,0
29,0
30,0
31,0
32,0
33,0
34,0
35,0
36,0
37,0
38,0
39,0
40,0
41,0
42,0
43,0
44,0
45,0
46,0
47,0
48,0
49,0
50,0
51,0
52,0
53,0
54,0
55,0
56,0
57,0
58,0
59,0
60,0
61,0
62,0
63,0
64,0
65,0
66,0
67,0
68,0
69,0
70,0
71,0
72,0
73,0
74,0
75,0
76,0
77,0
78,0
79,0
80,0
81,0
82,0
83,0
84,0
85,0
86,0
87,0
88,0
89,0
90,0
91,0
92,0
93,0
94,0
95,0
96,0
97,0
98,0
99,0
100,0
101,0
102,0
103,0
104,0
105,0
106,0
107,0
108,0
109,0
110,0
111,0
112,0
113,0
114,0
115,0
116,0
117,0
118,0
119,0
120,0
121,0
122,0
123,0
124,0
125,0
126,0
127,0
128,0
129,0
130,0
131,0
132,0
133,0
134,0
135,0
136,0
137,0
138,0
139,0
140,0
141,0
142,0
143,0
144,0
145,0
146,0
147,0
148,0
149,0
150,0
151,0
152,0
153,0
154,0
155,0
156,0
157,0
158,0
159,0
160,0
161,0
162,0
163,0
164,0
165,0
166,0
167,0
168,0
169,0
170,0
171,0
172,0
173,0
174,0
175,0
176,0
177,0
178,0
179,0
180,0
181,0
182,0
183,0
184,0
185,0
186,0
187,0
188,0
189,0
190,0
191,0
192,0
193,0
194,0
195,0
196,0
197,0
198,0
199,0
200,0
201,0
202,0
203,0
204,0
205,0
206,0
207,0
208,0
209,0
210,0
211,0
212,0
213,0
214,0
215,0
216,0
217,0
218,0
219,0
220,0
221,0
222,0
223,0
224,0
225,0
226,0
227,0
228,0
229,0
230,0
231,0
232,0
233,0
234,0
235,0
236,0
237,0
238,0
239,0
240,0
241,0
242,0
243,0
244,0
245,0
246,0
247,0
248,0
249,0
250,0
251,0
252,0
253,0
254,0
255,0
256,0
257,0
258,0
259,0
260,0
261,0
262,0
263,0
264,0
265,0
266,0
267,0
268,0
269,0
270,0
271,0
272,0
273,0
274,0
275,0
276,0
277,0
278,0
279,0
280,0
281,0
282,0
283,0
284,0
285,0
286,0
287,0
288,0
289,0
290,0
291,0
292,0
293,0
294,0
295,0
296,0
297,0
298,0
299,0
300,0
301,0
302,0
303,0
304,0
305,0
306,0
307,0
308,0
309,0
310,0
311,0
312,0
313,0
314,0
315,0
316,0
317,0
318,0
319,0
320,0
321,0
322,0
323,0
324,0
325,0
326,0
327,0
328,2.58372e-197
329,8.52374e-195
330,1.57761e-192
331,2.11575e-190
332,2.24811e-188
333,1.97946e-186
334,1.48633e-184
335,9.71922e-183
336,5.6253e-181
337,2.91945e-179
338,1.37308e-177
339,5.90388e-176
340,2.33793e-174
341,8.58029e-173
342,2.93421e-171
343,9.39371e-170
344,2.827e-168
345,8.02671e-167
346,2.15713e-165
347,5.503e-164
348,1.33611e-162
349,3.09477e-161
350,6.8532e-160
351,1.45374e-158
352,2.95933e-157
353,5.79066e-156
354,1.09083e-154
355,1.98103e-153
356,3.473e-152
357,5.88473e-151
358,9.64832e-150
359,1.5323e-148
360,2.35958e-147
361,3.52641e-146
362,5.11943e-145
363,7.2254e-144
364,9.92187e-143
365,1.3266e-141
366,1.72824e-140
367,2.19521e-139
368,2.72039e-138
369,3.291e-137
370,3.88881e-136
371,4.49091e-135
372,5.07114e-134
373,5.60204e-133
374,6.05707e-132
375,6.41286e-131
376,6.65125e-130
377,6.7608e-129
378,6.73768e-128
379,6.58579e-127
380,6.31611e-126
381,5.94555e-125
382,5.49519e-124
383,4.98844e-123
384,4.44916e-122
385,3.89991e-121
386,3.36065e-120
387,2.8478e-119
388,2.37373e-118
389,1.94674e-117
390,1.57126e-116
391,1.24843e-115
392,9.76702e-115
393,7.5256e-114
394,5.71217e-113
395,4.27208e-112
396,3.14883e-111
397,2.28781e-110
398,1.63885e-109
399,1.1577e-108
400,8.0662e-108
401,5.54423e-107
402,3.76003e-106
403,2.51648e-105
404,1.66236e-104
405,1.08407e-103
406,6.98009e-103
407,4.43817e-102
408,2.78711e-101
409,1.72892e-100
410,1.05958e-99
411,6.41635e-99
412,3.83974e-98
413,2.27108e-97
414,1.32782e-96
415,7.67494e-96
416,4.3863e-95
417,2.47891e-94
418,1.38553e-93
419,7.65977e-93
420,4.18898e-92
421,2.26644e-91
422,1.21331e-90
423,6.42737e-90
424,3.36961e-89
425,1.74845e-88
426,8.9805e-88
427,4.56627e-87
428,2.29868e-86
429,1.14576e-85
430,5.65519e-85
431,2.76425e-84
432,1.33821e-83
433,6.41689e-83
434,3.04801e-82
435,1.43428e-81
436,6.68677e-81
437,3.08884e-80
438,1.41386e-79
439,6.41331e-79
440,2.88308e-78
441,1.28458e-77
442,5.6732e-77
443,2.48364e-76
444,1.07788e-75
445,4.63776e-75
446,1.97846e-74
447,8.36871e-74
448,3.51017e-73
449,1.46004e-72
450,6.02279e-72
451,2.46406e-71
452,9.99887e-71
453,4.02461e-70
454,1.60692e-69
455,6.36487e-69
456,2.5011e-68
457,9.75089e-68
458,3.77183e-67
459,1.4477e-66
460,5.5137e-66
461,2.08388e-65
462,7.81601e-65
463,2.90941e-64
464,1.07486e-63
465,3.94136e-63
466,1.43453e-62
467,5.18276e-62
468,1.85875e-61
469,6.61772e-61
470,2.33906e-60
471,8.20808e-60
472,2.85972e-59
473,9.89256e-59
474,3.39792e-58
475,1.15892e-57
476,3.92508e-57
477,1.32012e-56
478,4.40928e-56
479,1.4626e-55
480,4.81839e-55
481,1.57658e-54
482,5.12364e-54
483,1.6539e-53
484,5.30297e-53
485,1.68899e-52
486,5.34372e-52
487,1.67952e-51
488,5.24404e-51
489,1.62667e-50
490,5.01299e-50
491,1.53488e-49
492,4.66921e-49
493,1.41129e-48
494,4.23846e-48
495,1.26482e-47
496,3.75051e-47
497,1.10511e-46
498,3.23585e-46
499,9.41555e-46
500,2.72265e-45
501,7.82414e-45
502,2.23456e-44
503,6.3426e-44
504,1.78926e-43
505,5.01674e-43
506,1.39804e-42
507,3.87241e-42
508,1.06614e-41
509,2.91759e-41
510,7.93643e-41
511,2.14598e-40
512,5.76811e-40
513,1.5412e-39
514,4.09362e-39
515,1.08091e-38
516,2.83737e-38
517,7.40439e-38
518,1.92097e-37
519,4.95471e-37
520,1.27054e-36
521,3.2392e-36
522,8.2106e-36
523,2.06922e-35
524,5.18488e-35
525,1.29175e-34
526,3.19987e-34
527,7.88145e-34
528,1.93022e-33
529,4.70046e-33
530,1.13818e-32
531,2.74048e-32
532,6.56133e-32
533,1.56211e-31
534,3.6982e-31
535,8.70631e-31
536,2.0382e-30
537,4.74498e-30
538,1.0985e-29
539,2.529e-29
540,5.79007e-29
541,1.31829e-28
542,2.98491e-28
543,6.72124e-28
544,1.50511e-27
545,3.35192e-27
546,7.4238e-27
547,1.63519e-26
548,3.582e-26
549,7.80365e-26
550,1.69078e-25
551,3.64333e-25
552,7.80785e-25
553,1.66413e-24
554,3.52752e-24
555,7.43668e-24
556,1.55925e-23
557,3.25149e-23
558,6.74339e-23
559,1.39093e-22
560,2.8534e-22
561,5.82171e-22
562,1.18133e-21
563,2.38407e-21
564,4.78519e-21
565,9.55232e-21
566,1.89647e-20
567,3.74466e-20
568,7.35365e-20
569,1.43621e-19
570,2.78969e-19
571,5.38906e-19
572,1.03535e-18
573,1.97824e-18
574,3.75907e-18
575,7.10382e-18
576,1.33508e-17
577,2.49531e-17
578,4.63809e-17
579,8.57326e-17
580,1.57594e-16
581,2.88083e-16
582,5.23688e-16
583,9.46669e-16
584,1.70172e-15
585,3.04185e-15
586,5.40677e-15
587,9.55613e-15
588,1.67943e-14
589,2.93474e-14
590,5.09913e-14
591,8.80912e-14
592,1.5131e-13
593,2.58401e-13
594,4.3873e-13
595,7.40573e-13
596,1.24278e-12
597,2.0733e-12
598,3.43842e-12
599,5.66853e-12
600,9.28929e-12
601,1.51314e-11
602,2.44987e-11
603,3.94237e-11
604,6.30528e-11
605,1.00222e-10
606,1.58314e-10
607,2.4851e-10
608,3.8763e-10
609,6.00782e-10
610,9.25159e-10
611,1.41543e-09
612,2.15134e-09
613,3.2482e-09
614,4.87149e-09
615,7.25656e-09
616,1.07353e-08
617,1.57717e-08
618,2.30078e-08
619,3.33249e-08
620,4.79192e-08
621,6.83988e-08
622,9.69022e-08
623,1.36241e-07
624,1.90068e-07
625,2.63071e-07
626,3.61183e-07
627,4.91806e-07
628,6.6403e-07
629,8.88827e-07
630,1.17918e-06
631,1.55012e-06
632,2.01858e-06
633,2.60308e-06
634,3.32302e-06
635,4.19768e-06
636,5.24468e-06
637,6.47791e-06
638,7.90491e-06
639,9.5236e-06
640,1.13185e-05
641,1.32565e-05
642,1.52828e-05
643,1.73168e-05
644,1.92488e-05
645,2.0939e-05
646,2.22179e-05
647,2.28907e-05
648,2.27462e-05
649,2.15695e-05
650,1.91619e-05
651,1.53651e-05
652,1.00902e-05
653,3.35128e-06
654,-4.7025e-06
655,-1.37563e-05
656,-2.3308e-05
657,-3.26601e-05
658,-4.0931e-05
659,-4.7092e-05
660,-5.00337e-05
661,-4.86634e-05
662,-4.20322e-05
663,-2.94846e-05
664,-1.08191e-05
665,1.35585e-05
666,4.25118e-05
667,7.41059e-05
668,0.000105623
669,0.000133683
670,0.000154485
671,0.000164175
672,0.000159315
673,0.000137431
674,9.75663e-05
675,4.07791e-05
676,-2.95212e-05
677,-0.000107478
678,-0.000185015
679,-0.000252444
680,-0.000299434
681,-0.00031632
682,-0.000295599
683,-0.000233442
684,-0.000130988
685,4.83303e-06
686,0.000161197
687,0.000320161
688,0.000460398
689,0.000559792
690,0.000598663
691,0.000563189
692,0.000448522
693,0.000260969
694,1.87435e-05
695,-0.000249153
696,-0.000506012
697,-0.000712293
698,-0.000831704
699,-0.000837612
700,-0.000718689
701,-0.000482623
702,-0.000156966
703,0.00021347
704,0.000572643
705,0.000862047
706,0.00103088
707,0.00104584
708,0.000898524
709,0.000608834
710,0.000223095
711,-0.000193117
712,-0.000566557
713,-0.000830292
714,-0.000937317
715,-0.000870874
716,-0.000648934
717,-0.000321387
718,3.99732e-05
719,0.000356913
720,0.000562469
721,0.000616836
722,0.000517489
723,0.00030062
724,3.29274e-05
725,-0.00020486
726,-0.000339076
727,-0.00032364
728,-0.000154493
729,0.00012644
730,0.000439726
731,0.000688106
732,0.00078291
733,0.000670433
734,0.000350864
735,-0.000116315
736,-0.000623235
737,-0.00103932
738,-0.00124577
739,-0.00116973
740,-0.000808438
741,-0.000235312
742,0.000415106
743,0.000980814
744,0.0013162
745,0.00133392
746,0.00103231
747,0.000499111
748,-0.000111226
749,-0.000621357
750,-0.000884011
751,-0.000828156
752,-0.000483497
753,2.57774e-05
754,0.000517937
755,0.000811329
756,0.000785227
757,0.000424088
758,-0.000170563
759,-0.000806852
760,-0.00126163
761,-0.00135432
762,-0.00101162
763,-0.00030047
764,0.000584335
765,0.00137667
766,0.00182365
767,0.00177108
768,0.00122034
769,0.000335379
770,-0.000605748
771,-0.00130115
772,-0.00152792
773,-0.00122181
774,-0.00050441
775,0.000354923
776,0.00103191
777,0.00126419
778,0.000950663
779,0.000195785
780,-0.000720501
781,-0.00144013
782,-0.00165879
783,-0.0012446
784,-0.00029809
785,0.000872602
786,0.00185662
787,0.00228979
788,0.00199384
789,0.00105172
790,-0.000213353
791,-0.00135165
792,-0.00195382
793,-0.00180859
794,-0.000989048
795,0.000169346
796,0.00119499
797,0.00166483
798,0.00137596
799,0.000434759
800,-0.000776267
801,-0.00174554
802,-0.00203837
803,-0.00148
804,-0.000239408
805,0.00122517
806,0.00234239
807,0.00265804
808,0.00202576
809,0.000677236
810,-0.000862252
811,-0.00198359
812,-0.00224505
813,-0.00156033
814,-0.000241279
815,0.00112782
816,0.00193638
817,0.00181184
818,0.000788375
819,-0.000696738
820,-0.00198358
821,-0.00247396
822,-0.00189825
823,-0.000446316
824,0.00130031
825,0.00261178
826,0.0029268
827,0.00210416
828,0.000494552
829,-0.00120532
830,-0.00225711
831,-0.00221108
832,-0.00111325
833,0.000508333
834,0.00187816
835,0.00232713
836,0.00160614
837,1.30053e-05
838,-0.00173162
839,-0.00280911
840,-0.00268275
841,-0.00135669
842,0.000611096
843,0.00235496
844,0.00309818
845,0.00251701
846,0.00089897
847,-0.000984752
848,-0.00223911
849,-0.00227069
850,-0.00107647
851,0.000746535
852,0.00228182
853,0.00273522
854,0.00182681
855,-5.92876e-05
856,-0.00204663
857,-0.00318333
858,-0.00290558
859,-0.0013209
860,0.000832624
861,0.0025381
862,0.00299528
863,0.00201666
864,0.000125184
865,-0.00170099
866,-0.00251566
867,-0.0018831
868,-0.000106391
869,0.00191474
870,0.00313202
871,0.00288085
872,0.0012273
873,-0.00105103
874,-0.00284774
875,-0.00328474
876,-0.00216138
877,-6.25835e-05
878,0.00193518
879,0.00281477
880,0.00214455
881,0.000306078
882,-0.0016998
883,-0.00277359
884,-0.00229641
885,-0.000464487
886,0.00180142
887,0.00333047
888,0.00331536
889,0.00174248
890,-0.000592398
891,-0.0024969
892,-0.00300932
893,-0.00190851
894,0.000167572
895,0.00206273
896,0.00272451
897,0.00177507
898,-0.000278401
899,-0.00231198
900,-0.0031918
901,-0.00239309
902,-0.000293901
903,0.00202065
904,0.00334209
905,0.00299462
906,0.00120416
907,-0.00102508
908,-0.00246271
909,-0.00233128
910,-0.000737168
911,0.00138803
912,0.00280699
913,0.00267053
914,0.000999147
915,-0.00131989
916,-0.00302242
917,-0.00317305
918,-0.00169094
919,0.000602359
920,0.00244335
921,0.00283813
922,0.0016227
923,-0.00044734
924,-0.00213141
925,-0.00241743
926,-0.00110662
927,0.00106701
928,0.00285457
929,0.00321024
930,0.0018967
931,-0.00037266
932,-0.0023404
933,-0.00292793
934,-0.00185668
935,0.000194176
936,0.00198763
937,0.00245487
938,0.00132357
939,-0.00072098
940,-0.00243905
941,-0.00276924
942,-0.00145973
943,0.000775949
944,0.00267387
945,0.00316249
946,0.0019942
947,-0.00011025
948,-0.00189243
949,-0.00230719
950,-0.00114614
951,0.00084024
952,0.00239707
953,0.00252477
954,0.00108736
955,-0.00109871
956,-0.00275167
957,-0.00289539
958,-0.00144872
959,0.000725075
960,0.00234074
961,0.00246947
962,0.00110006
963,-0.000860308
964,-0.00214722
965,-0.00191971
966,-0.000281436
967,0.00177913
968,0.00299485
969,0.0026007
970,0.000807561
971,-0.00132476
972,-0.00253873
973,-0.00215265
974,-0.000476924
975,0.00138583
976,0.00223349
977,0.00151836
978,-0.000308957
979,-0.00208191
980,-0.00265118
981,-0.00160952
982,0.000447681
983,0.00229145
984,0.00282731
985,0.0017792
986,-0.000142429
987,-0.00169521
988,-0.00189476
989,-0.000639177
990,0.00122908
991,0.00246398
992,0.00221556
993,0.000578101
994,-0.00146433
995,-0.00266176
996,-0.00229349
997,-0.000625383
998,0.00126446
999,0.0021802
1000,0.00157637
1001,-9.52882e-05
1002,-0.00168436
1003,-0.00209289
1004,-0.000992834
1005,0.000955812
1006,0.00252896
1007,0.00273025
1008,0.00143644
1009,-0.000523918
1010,-0.00191029
1011,-0.00187683
1012,-0.000519047
1013,0.00119687
1014,0.00207575
1015,0.00148477
1016,-0.000225974
1017,-0.00195103
1018,-0.00255642
1019,-0.001627
1020,0.000258844
1021,0.00190912
1022,0.00230228
1023,0.00125664
1024,-0.000457934
1025,-0.00163988
1026,-0.00146125
1027,-2.21971e-05
1028,0.00171529
1029,0.00257054
1030,0.00193497
1031,0.000181655
1032,-0.0015808
1033,-0.00224577
1034,-0.00144352
1035,0.000219195
1036,0.00157531
1037,0.00168867
1038,0.00048664
1039,-0.00119263
1040,-0.00217041
1041,-0.00172915
1042,-0.000102902
1043,0.00167648
1044,0.00247358
1045,0.00181357
1046,0.000197391
1047,-0.00124567
1048,-0.00153103
1049,-0.000490106
1050,0.00111845
1051,0.00213316
1052,0.00179079
1053,0.000255092
1054,-0.00148985
1055,-0.00230916
1056,-0.00169048
1057,-9.02528e-05
1058,0.00138488
1059,0.00174163
1060,0.000782279
1061,-0.00076493
1062,-0.00175676
1063,-0.00143317
1064,5.01949e-05
1065,0.00172481
1066,0.00247635
1067,0.00181359
1068,0.000205468
1069,-0.00124763
1070,-0.00157903
1071,-0.000624509
1072,0.000871355
1073,0.00178434
1074,0.00140458
1075,-6.08295e-05
1076,-0.0016288
1077,-0.0022263
1078,-0.00144051
1079,0.000193267
1080,0.0015679
1081,0.00177999
1082,0.000759175
1083,-0.000691524
1084,-0.00147169
1085,-0.000968192
1086,0.000506495
1087,0.00193258
1088,0.00230351
1089,0.00133849
1090,-0.000318024
1091,-0.00155116
1092,-0.00156198
1093,-0.000427025
1094,0.000965984
1095,0.00155926
1096,0.000885127
1097,-0.000597347
1098,-0.00182951
1099,-0.00191021
1100,-0.00074144
1101,0.000899264
1102,0.00191139
1103,0.00165314
1104,0.000392368
1105,-0.000895622
1106,-0.00123684
1107,-0.000363266
1108,0.0010937
1109,0.00206003
1110,0.00179626
1111,0.000434047
1112,-0.00111496
1113,-0.00181221
1114,-0.0012352
1115,0.000126291
1116,0.00123388
1117,0.00125918
1118,0.000186405
1119,-0.00117826
1120,-0.00179657
1121,-0.00115779
1122,0.000345173
1123,0.00169671
1124,0.00199184
1125,0.00108764
1126,-0.00030126
1127,-0.00113161
1128,-0.000797064
1129,0.000429623
1130,0.00160097
1131,0.00179484
1132,0.000796252
1133,-0.000739685
1134,-0.00176307
1135,-0.00159335
1136,-0.000411135
1137,0.000882425
1138,0.00133346
1139,0.000637571
1140,-0.00064048
1141,-0.00149021
1142,-0.00120844
1143,7.47533e-05
1144,0.00148634
1145,0.00205047
1146,0.00140468
1147,6.15143e-05
1148,-0.000977649
1149,-0.000967828
1150,3.03696e-05
1151,0.00120461
1152,0.00160403
1153,0.000852867
1154,-0.00056541
1155,-0.00166245
1156,-0.0016738
1157,-0.000622399
1158,0.000701295
1159,0.00132994
1160,0.000842304
1161,-0.000324161
1162,-0.00121017
1163,-0.0010678
1164,6.84795e-05
1165,0.00140733
1166,0.00199732
1167,0.00143482
1168,0.000152238
1169,-0.00091452
1170,-0.00101929
1171,-0.000150139
1172,0.0009655
1173,0.00140183
1174,0.000737563
1175,-0.000600671
1176,-0.00163968
1177,-0.00160544
1178,-0.000533909
1179,0.00075833
1180,0.00132831
1181,0.000839426
1182,-0.000222336
1183,-0.000974393
1184,-0.000808473
1185,0.000202943
1186,0.00138481
1187,0.00191007
1188,0.00135647
1189,5.63327e-05
1190,-0.00105334
1191,-0.00111623
1192,-0.000112498
1193,0.00103915
1194,0.00126861
1195,0.000343565
1196,-0.000940294
1197,-0.00155803
1198,-0.00116378
1199,-0.000197722
1200,0.000696635
1201,0.00112284
1202,0.000910792
1203,9.43067e-05
1204,-0.000831694
1205,-0.00095412
1206,0.000207411
1207,0.00183076
1208,0.00229612
1209,0.000947681
1210,-0.000943714
1211,-0.00149487
1212,-0.000397717
1213,0.000809327
1214,0.000787596
1215,-3.62593e-06
1216,-0.000321519
1217,-0.000142322
1218,-0.00051822
1219,-0.00144758
1220,-0.00128756
1221,0.000785895
1222,0.00274999
1223,0.00185638
1224,-0.00131172
1225,-0.00281499
1226,-0.000376919
1227,0.00313496
1228,0.00318552
1229,-0.000202
1230,-0.0023166
1231,-0.000432598
1232,0.00214796
1233,0.00099103
1234,-0.00245808
1235,-0.00256437
1236,0.00174564
1237,0.00426711
1238,0.00021432
1239,-0.00568
1240,-0.00469035
1241,0.00310324
1242,0.00747557
1243,0.00195345
1244,-0.00615609
1245,-0.00524249
1246,0.00379746
1247,0.00800326
1248,0.00093899
1249,-0.00714467
1250,-0.00376403
1251,0.00668268
1252,0.00813308
1253,-0.00324612
1254,-0.011557
1255,-0.00347343
1256,0.0108105
1257,0.0103882
1258,-0.00577365
1259,-0.0152359
1260,-0.00352446
1261,0.0136836
1262,0.0117095
1263,-0.0071154
1264,-0.0154614
1265,-0.000426787
1266,0.0164615
1267,0.00981286
1268,-0.0115718
1269,-0.016049
1270,0.00435964
1271,0.0203946
1272,0.00732761
1273,-0.0175589
1274,-0.0182786
1275,0.00738666
1276,0.0230165
1277,0.0055959
1278,-0.0203638
1279,-0.0175124
1280,0.010125
1281,0.0226407
1282,0.00223018
1283,-0.0208639
1284,-0.0126817
1285,0.0147094
1286,0.0210689
1287,-0.00289925
1288,-0.0220677
1289,-0.00850955
1290,0.0178932
1291,0.0189415
1292,-0.00644365
1293,-0.0217436
1294,-0.00625845
1295,0.0164321
1296,0.0144183
1297,-0.00721585
1298,-0.016723
1299,-0.00258848
1300,0.0126867
1301,0.00809149
1302,-0.00679105
1303,-0.00954812
1304,0.0017223
1305,0.00907713
1306,0.00332374
1307,-0.00485189
1308,-0.00406029
1309,0.001835
1310,0.00348841
1311,0.00108366
1312,0.000305752
1313,0.000500436
1314,-0.00234375
1315,-0.00481197
1316,-0.000193709
1317,0.00733104
1318,0.0054052
1319,-0.00630242
1320,-0.0113332
1321,-5.0593e-05
1322,0.0128832
1323,0.00792271
1324,-0.00901843
1325,-0.0129534
1326,0.00307949
1327,0.0158924
1328,0.00591626
1329,-0.0126721
1330,-0.0121546
1331,0.00716067
1332,0.0167558
1333,0.00217444
1334,-0.0155105
1335,-0.0110206
1336,0.00832259
1337,0.0145897
1338,0.000255181
1339,-0.0129733
1340,-0.00754754
1341,0.0062835
1342,0.0089739
1343,2.22468e-05
1344,-0.00561956
1345,-0.00185895
1346,0.00280649
1347,0.00209833
1348,0.000335525
1349,0.00132349
1350,0.00110996
1351,-0.00242712
1352,-0.00303952
1353,0.00270718
1354,0.00618264
1355,-0.000628689
1356,-0.0092585
1357,-0.00516637
1358,0.00808182
1359,0.0107599
1360,-0.0032636
1361,-0.0143767
1362,-0.00506577
1363,0.0125744
1364,0.0131802
1365,-0.00432752
1366,-0.0147027
1367,-0.00354265
1368,0.0121852
1369,0.0102559
1370,-0.00472018
1371,-0.0105578
1372,-0.000956361
1373,0.00800841
1374,0.0042653
1375,-0.00413924
1376,-0.0048348
1377,0.000402389
1378,0.00237967
1379,0.000343578
1380,-0.000107389
1381,0.000745505
1382,-0.00146875
1383,-0.00395975
1384,0.000159277
1385,0.00742615
1386,0.00580058
1387,-0.00534297
1388,-0.0100947
1389,0.000794437
1390,0.0129743
1391,0.00781002
1392,-0.00872307
1393,-0.0131264
1394,0.000934761
1395,0.0128715
1396,0.00579669
1397,-0.00898433
1398,-0.0101005
1399,0.0023284
1400,0.00928795
1401,0.00243602
1402,-0.00589973
1403,-0.00408148
1404,0.00265454
1405,0.00400136
1406,0.000721202
1407,-0.000471513
1408,0.000223382
1409,-0.00121897
1410,-0.00220803
1411,0.00203176
1412,0.00655132
1413,0.00204689
1414,-0.00779819
1415,-0.00808889
1416,0.00407272
1417,0.0117265
1418,0.00230662
1419,-0.0116899
1420,-0.00981502
1421,0.00561857
1422,0.0125833
1423,0.00205105
1424,-0.00957056
1425,-0.00607509
1426,0.00549534
1427,0.00809994
1428,0.000351338
1429,-0.0048363
1430,-0.0018126
1431,0.00205114
1432,0.00139494
1433,0.00013943
1434,0.00104688
1435,6.64893e-05
1436,-0.00373111
1437,-0.00333602
1438,0.00362543
1439,0.00703302
1440,-0.000800354
1441,-0.00988187
1442,-0.00541235
1443,0.00813427
1444,0.0112478
1445,-0.00135639
1446,-0.0115776
1447,-0.00461311
1448,0.00907497
1449,0.0100506
1450,-0.00155245
1451,-0.00850762
1452,-0.00311755
1453,0.00419206
1454,0.00368515
1455,-0.000635056
1456,-0.00166711
1457,-0.000887793
1458,-0.00183714
1459,-0.00144956
1460,0.00286586
1461,0.00487548
1462,-0.00101887
1463,-0.00732438
1464,-0.00292995
1465,0.00760748
1466,0.00835882
1467,-0.00313584
1468,-0.0100452
1469,-0.00138859
1470,0.0103843
1471,0.00787263
1472,-0.00506518
1473,-0.00989176
1474,-0.00130972
1475,0.00691308
1476,0.00431869
1477,-0.00268377
1478,-0.00419169
1479,-0.00130397
1480,0.000229092
1481,0.00100526
1482,0.00336075
1483,0.00326955
1484,-0.00256321
1485,-0.00688968
1486,-0.00114687
1487,0.00847135
1488,0.00748305
1489,-0.00408539
1490,-0.00950774
1491,-0.000379097
1492,0.00975568
1493,0.00576687
1494,-0.00613766
1495,-0.00863314
1496,0.000423971
1497,0.00670577
1498,0.00246967
1499,-0.00382062
1500,-0.00338039
1501,0.000497626
1502,0.00155715
1503,0.00119315
1504,0.00232918
1505,0.00159091
1506,-0.00325572
1507,-0.00524715
1508,0.00157963
1509,0.00913872
1510,0.00508985
1511,-0.00665129
1512,-0.00924467
1513,0.00169115
1514,0.0102983
1515,0.00405981
1516,-0.00759015
1517,-0.00828743
1518,0.00116859
1519,0.00652693
1520,0.00247747
1521,-0.00245416
1522,-0.00205667
1523,-0.000147923
1524,-0.000169036
1525,0.000854678
1526,0.00359277
1527,0.00243944
1528,-0.00349591
1529,-0.00517452
1530,0.0022724
1531,0.00872872
1532,0.00320074
1533,-0.00755827
1534,-0.00772844
1535,0.00310997
1536,0.00876235
1537,0.00118575
1538,-0.00781073
1539,-0.00550957
1540,0.00328796
1541,0.00599932
1542,0.00135971
1543,-0.00226606
1544,-0.00183002
1545,-0.00115784
1546,-0.000667761
1547,0.00262875
1548,0.00567018
1549,0.00180947
1550,-0.00587199
1551,-0.00573889
1552,0.00391554
1553,0.00934088
1554,0.00143816
1555,-0.00911681
1556,-0.00727216
1557,0.00372821
1558,0.00796385
1559,0.00101423
1560,-0.00544718
1561,-0.00318357
1562,0.00197078
1563,0.00253357
1564,0.000582738
1565,0.000491757
1566,0.000303218
1567,-0.00202635
1568,-0.00191219
1569,0.00344992
1570,0.00669107
1571,0.000702939
1572,-0.00748457
1573,-0.00535856
1574,0.0048648
1575,0.00801733
1576,-0.000861854
1577,-0.00860139
1578,-0.00417906
1579,0.00511968
1580,0.00623351
1581,-0.000353635
1582,-0.00434143
1583,-0.00238436
1584,0.000241669
1585,0.00123558
1586,0.0030149
1587,0.00409265
1588,0.000168279
1589,-0.00537829
1590,-0.00351267
1591,0.00503766
1592,0.00774018
1593,-0.000881791
1594,-0.00903168
1595,-0.00474399
1596,0.00565985
1597,0.00732339
1598,-0.000837996
1599,-0.00626848
1600,-0.00282829
1601,0.00222616
1602,0.0022987
1603,0.000410173
1604,0.000463295
1605,0.000187507
1606,-0.00175375
1607,-0.000889478
1608,0.00403644
1609,0.00544367
1610,-0.00129294
1611,-0.00752116
1612,-0.00311994
1613,0.00647696
1614,0.00715028
1615,-0.00222252
1616,-0.00793942
1617,-0.00255725
1618,0.00485042
1619,0.00408571
1620,-0.00162769
1621,-0.00360655
1622,-0.00134131
1623,0.000418721
1624,0.0014751
1625,0.00369476
1626,0.00372724
1627,-0.00167815
1628,-0.00645177
1629,-0.00226245
1630,0.00663372
1631,0.00731482
1632,-0.00200131
1633,-0.00806146
1634,-0.00247901
1635,0.0057949
1636,0.00491537
1637,-0.00242207
1638,-0.00534626
1639,-0.00177544
1640,0.00153446
1641,0.00173797
1642,0.00185809
1643,0.00194619
1644,-0.000966643
1645,-0.00421472
1646,-0.00144205
1647,0.00524837
1648,0.00574325
1649,-0.0019729
1650,-0.00667067
1651,-0.000818891
1652,0.00694428
1653,0.00490241
1654,-0.00376082
1655,-0.00668445
1656,-0.00127253
1657,0.00353639
1658,0.00252523
1659,-0.00010392
1660,-0.000751357
1661,-0.0014327
1662,-0.00246217
1663,-0.000115092
1664,0.0045851
1665,0.00417617
1666,-0.00276677
1667,-0.00634498
1668,0.000132168
1669,0.00811289
1670,0.00575498
1671,-0.00384139
1672,-0.00738725
1673,-0.00134494
1674,0.00452982
1675,0.00333882
1676,-0.000610939
1677,-0.00183161
1678,-0.00162286
1679,-0.00189617
1680,-0.000239143
1681,0.00338927
1682,0.00320132
1683,-0.00256512
1684,-0.00567579
1685,0.000147451
1686,0.00752237
1687,0.00540652
1688,-0.00352454
1689,-0.00657148
1690,-0.000321193
1691,0.00528824
1692,0.00320624
1693,-0.00152618
1694,-0.00228025
1695,-0.000637851
1696,-0.00038195
1697,-0.000108566
1698,0.00170648
1699,0.00139691
1700,-0.00282625
1701,-0.00468545
1702,0.000838452
1703,0.00704548
1704,0.00421684
1705,-0.00445846
1706,-0.00657302
1707,0.000686362
1708,0.00664093
1709,0.00383436
1710,-0.00203306
1711,-0.00302691
1712,-0.000394056
1713,0.000848736
1714,0.000864851
1715,0.0015479
1716,0.000580642
1717,-0.00333879
1718,-0.00469297
1719,0.000832082
1720,0.0067209
1721,0.00372716
1722,-0.00491445
1723,-0.0069621
1724,0.000438536
1725,0.00667426
1726,0.00410999
1727,-0.00171956
1728,-0.00275091
1729,-7.90494e-05
1730,0.00114768
1731,0.000979218
1732,0.00159099
1733,0.00097006
1734,-0.00250892
1735,-0.0040463
1736,0.000558315
1737,0.00561806
1738,0.002723
1739,-0.00506629
1740,-0.00647374
1741,0.000717171
1742,0.00620541
1743,0.00315414
1744,-0.0024472
1745,-0.00274814
1746,0.000558459
1747,0.00184317
1748,0.0011822
1749,0.00131704
1750,0.000850775
1751,-0.00187653
1752,-0.00286093
1753,0.00136953
1754,0.00537763
1755,0.00178608
1756,-0.00570743
1757,-0.00629409
1758,0.00129945
1759,0.00642662
1760,0.00268595
1761,-0.00338095
1762,-0.00371062
1763,-1.7169e-05
1764,0.00190887
1765,0.00175265
1766,0.0018653
1767,0.000968514
1768,-0.00201729
1769,-0.00279007
1770,0.00177077
1771,0.00582542
1772,0.00212501
1773,-0.00534474
1774,-0.00591918
1775,0.00139071
1776,0.00614988
1777,0.00239547
1778,-0.00346239
1779,-0.00392332
1780,-0.000716394
1781,0.0010531
1782,0.00141115
1783,0.00214454
1784,0.00133383
1785,-0.00198411
1786,-0.00303269
1787,0.00143974
1788,0.00557825
1789,0.0023482
1790,-0.00431541
1791,-0.00452017
1792,0.00209013
1793,0.00569077
1794,0.00155905
1795,-0.0036831
1796,-0.00353547
1797,-0.000419265
1798,0.000953709
1799,0.0011225
1800,0.00171905
1801,0.000649592
1802,-0.00266794
1803,-0.0032506
1804,0.00158919
1805,0.00554499
1806,0.00211324
1807,-0.00412023
1808,-0.0037076
1809,0.00280721
1810,0.00574603
1811,0.00135151
1812,-0.00353504
1813,-0.00313524
1814,-0.000154332
1815,0.00121926
1816,0.00160991
1817,0.00191132
1818,-0.000140834
1819,-0.0040707
1820,-0.00410477
1821,0.00172732
1822,0.00600445
1823,0.00226119
1824,-0.00422664
1825,-0.0039685
1826,0.00222931
1827,0.00516222
1828,0.00163821
1829,-0.00221115
1830,-0.00190037
1831,8.06031e-07
1832,0.000785564
1833,0.00165641
1834,0.00243215
1835,1.63042e-05
1836,-0.00446318
1837,-0.00443906
1838,0.0016806
1839,0.00586204
1840,0.00194796
1841,-0.00438708
1842,-0.00417158
1843,0.00138781
1844,0.00400489
1845,0.00145566
1846,-0.000984636
1847,-0.000541668
1848,0.00019472
1849,0.000162207
1850,0.00136414
1851,0.00273565
1852,0.000457301
1853,-0.00391203
1854,-0.00358905
1855,0.0022783
1856,0.00543881
1857,0.000853387
1858,-0.00504812
1859,-0.0041899
1860,0.00122451
1861,0.00349367
1862,0.00133327
1863,-0.000568681
1864,-0.000554928
1865,-0.000703334
1866,-0.00059945
1867,0.00172996
1868,0.00372454
1869,0.0010615
1870,-0.00364012
1871,-0.00306982
1872,0.00279795
1873,0.00533341
1874,0.000427741
1875,-0.00500012
1876,-0.00382518
1877,0.00111398
1878,0.00303242
1879,0.00136192
1880,-0.000249006
1881,-0.00117645
1882,-0.00239797
1883,-0.00175762
1884,0.00226849
1885,0.00508815
1886,0.00176673
1887,-0.0038028
1888,-0.00346915
1889,0.00240061
1890,0.00510266
1891,0.00105805
1892,-0.00334362
1893,-0.00248955
1894,0.000774386
1895,0.00169482
1896,0.000821844
1897,0.000287375
1898,-0.000948183
1899,-0.00312112
1900,-0.00247365
1901,0.00228072
1902,0.00521364
1903,0.00138718
1904,-0.00428339
1905,-0.00365246
1906,0.00215769
1907,0.00480224
1908,0.00163174
1909,-0.00166934
1910,-0.00123578
1911,0.000278976
1912,0.000397279
1913,0.000630601
1914,0.00136327
1915,-3.80412e-05
1916,-0.00305278
1917,-0.00267231
1918,0.00201026
1919,0.00435679
1920,0.000176739
1921,-0.00476
1922,-0.00321358
1923,0.00242849
1924,0.00443589
1925,0.00149051
1926,-0.00119416
1927,-0.00114633
1928,-0.000531447
1929,-8.29548e-06
1930,0.00184616
1931,0.00323757
1932,0.000672444
1933,-0.0036397
1934,-0.00330036
1935,0.0018456
1936,0.00421518
1937,0.000121364
1938,-0.00429741
1939,-0.00281757
1940,0.00168712
1941,0.00296735
1942,0.000880548
1943,-0.00068346
1944,-0.000980474
1945,-0.00132973
1946,-0.000404867
1947,0.00288001
1948,0.00459639
1949,0.00085552
1950,-0.00433452
1951,-0.00362988
1952,0.00216164
1953,0.00479706
1954,0.00107133
1955,-0.00310635
1956,-0.00267068
1957,-6.50109e-05
1958,0.000818633
1959,0.000634489
1960,0.000845707
1961,-2.27504e-05
1962,-0.00213676
1963,-0.00176665
1964,0.00226227
1965,0.00451879
1966,0.000897688
1967,-0.00380205
1968,-0.00262627
1969,0.00265591
1970,0.00448577
1971,0.00110351
1972,-0.00213457
1973,-0.00202093
1974,-0.000788112
1975,-9.48546e-05
1976,0.00118234
1977,0.00221693
1978,0.000156373
1979,-0.00351761
1980,-0.00322253
1981,0.00164489
1982,0.00436747
1983,0.00106132
1984,-0.00303483
1985,-0.00191676
1986,0.00208868
1987,0.00306099
1988,0.000793883
1989,-0.000700449
1990,-0.000551133
1991,-0.000621428
1992,-0.000336856
1993,0.00168687
1994,0.00278684
1995,-0.000315263
1996,-0.0044448
1997,-0.0033447
1998,0.00214059
1999,0.00444333
2000,0.000703517
2001,-0.00326948
2002,-0.00245532
2003,0.000675003
2004,0.00190319
2005,0.00157571
2006,0.00139664
2007,0.000372936
2008,-0.00169751
2009,-0.00154764
2010,0.00195612
2011,0.00392965
2012,0.000552454
2013,-0.00384544
2014,-0.00285995
2015,0.00188103
2016,0.0033848
2017,0.000128831
2018,-0.00271668
2019,-0.00211014
2020,-0.000347788
2021,0.000679407
2022,0.00182434
2023,0.00242703
2024,0.00018203
2025,-0.00318103
2026,-0.00243013
2027,0.00261333
2028,0.00520689
2029,0.00158451
2030,-0.00308462
2031,-0.00273487
2032,0.000839961
2033,0.00219281
2034,0.000745898
2035,-0.000419243
2036,-0.000784818
2037,-0.00159513
2038,-0.00152155
2039,0.000936068
2040,0.00278912
2041,0.000441223
2042,-0.00326612
2043,-0.00238865
2044,0.0024277
2045,0.00438411
2046,0.00103702
2047,-0.00239423
2048,-0.00168276
2049,0.000848715
2050,0.00175126
2051,0.00151503
2052,0.00123525
2053,-0.000332926
2054,-0.00285844
2055,-0.00261811
2056,0.00132141
2057,0.00373545
2058,0.000730877
2059,-0.00354029
2060,-0.00297753
2061,0.00113689
2062,0.00282436
2063,0.00085086
2064,-0.000807176
2065,-0.000373108
2066,0.0001798
2067,0.00030323
2068,0.0014265
2069,0.00239258
2070,0.000442337
2071,-0.00274234
2072,-0.00216437
2073,0.00209319
2074,0.00381598
2075,0.000163023
2076,-0.00375276
2077,-0.00288138
2078,0.000608875
2079,0.00200925
2080,0.00110669
2081,0.000215698
2082,-0.000647802
2083,-0.00190607
2084,-0.00134136
2085,0.00205477
2086,0.0042236
2087,0.00145846
2088,-0.00282249
2089,-0.00254493
2090,0.00160192
2091,0.00340685
2092,0.000854527
2093,-0.00176609
2094,-0.00151083
2095,-0.000307757
2096,5.7162e-05
2097,0.000580262
2098,0.0011675
2099,-0.000257759
2100,-0.002789
2101,-0.00216704
2102,0.00203545
2103,0.00420347
2104,0.00101333
2105,-0.00299682
2106,-0.00231153
2107,0.00146794
2108,0.00311941
2109,0.00174911
2110,0.000166982
2111,-0.000745403
2112,-0.00172154
2113,-0.00146578
2114,0.0011784
2115,0.00312266
2116,0.000757306
2117,-0.00335473
2118,-0.00336814
2119,0.000748169
2120,0.00305997
2121,0.000935872
2122,-0.00162761
2123,-0.001186
2124,0.000495115
2125,0.00100846
2126,0.00114421
2127,0.00156679
2128,0.000612986
2129,-0.00160033
2130,-0.00155642
2131,0.00172312
2132,0.00357266
2133,0.000589032
2134,-0.00338924
2135,-0.0029243
2136,0.000770827
2137,0.00239808
2138,0.000781295
2139,-0.000906545
2140,-0.00123646
2141,-0.00132842
2142,-0.00081209
2143,0.00145012
2144,0.00327186
2145,0.00139289
2146,-0.00228487
2147,-0.0023941
2148,0.00145454
2149,0.00366611
2150,0.00134839
2151,-0.00165876
2152,-0.00151269
2153,0.000213514
2154,0.000639034
2155,0.00027866
2156,0.000352565
2157,-0.000292257
2158,-0.00197545
2159,-0.00186527
2160,0.00118367
2161,0.00315382
2162,0.00068306
2163,-0.00287808
2164,-0.00221901
2165,0.00168794
2166,0.00345177
2167,0.00157937
2168,-0.000551971
2169,-0.000952595
2170,-0.000772884
2171,-0.000287647
2172,0.00141437
2173,0.00266747
2174,0.000599079
2175,-0.00312579
2176,-0.00335342
2177,0.000557468
2178,0.0031437
2179,0.00111239
2180,-0.00198963
2181,-0.00195415
2182,9.18352e-05
2183,0.00108322
2184,0.0010788
2185,0.00126531
2186,0.00069639
2187,-0.00104066
2188,-0.00128263
2189,0.00138964
2190,0.00335492
2191,0.00106855
2192,-0.00266649
2193,-0.00259458
2194,0.000823195
2195,0.00249063
2196,0.00069429
2197,-0.00138402
2198,-0.00163999
2199,-0.00119333
2200,-0.000538128
2201,0.00120093
2202,0.00264889
2203,0.00102511
2204,-0.00235754
2205,-0.00258746
2206,0.001246
2207,0.00397555
2208,0.00209365
2209,-0.00123433
2210,-0.00172328
2211,-9.09152e-05
2212,0.00075897
2213,0.000720584
2214,0.000853739
2215,0.000192832
2216,-0.00176281
2217,-0.00235734
2218,0.000160597
2219,0.00253308
2220,0.00102284
2221,-0.00220458
2222,-0.00219451
2223,0.000960369
2224,0.00265341
2225,0.00121979
2226,-0.00043761
2227,-0.000456778
2228,-9.2085e-05
2229,0.000120623
2230,0.00125554
2231,0.00233374
2232,0.000738323
2233,-0.00252276
2234,-0.00290799
2235,0.000548519
2236,0.00301989
2237,0.00113655
2238,-0.00207088
2239,-0.00239329
2240,-0.000471483
2241,0.000775389
2242,0.00106427
2243,0.00135581
2244,0.000769088
2245,-0.00111592
2246,-0.00166708
2247,0.000878445
2248,0.00333417
2249,0.00188274
2250,-0.00156389
2251,-0.00212392
2252,0.000434905
2253,0.00189599
2254,0.000592359
2255,-0.000914078
2256,-0.00100006
2257,-0.00084764
2258,-0.000789577
2259,0.000390667
2260,0.00177374
2261,0.000686606
2262,-0.00208853
2263,-0.00225319
2264,0.00117244
2265,0.00361374
2266,0.00184127
2267,-0.00125898
2268,-0.00164553
2269,0.000107567
2270,0.00122234
2271,0.00135517
2272,0.00130029
2273,0.000219344
2274,-0.00204
2275,-0.00265485
2276,8.10055e-05
2277,0.00279412
2278,0.00149009
2279,-0.00202574
2280,-0.0027842
2281,-0.000207394
2282,0.00178826
2283,0.00133599
2284,0.000368061
2285,0.000121005
2286,-0.0002866
2287,-0.000570418
2288,0.000746771
2289,0.00248884
2290,0.00156152
2291,-0.00150761
2292,-0.00238073
2293,0.000288645
2294,0.00242696
2295,0.000956755
2296,-0.00167923
2297,-0.00200111
2298,-0.000579581
2299,0.000326986
2300,0.000709822
2301,0.00116576
2302,0.000509599
2303,-0.00150185
2304,-0.00197139
2305,0.000838433
2306,0.00358681
2307,0.00233611
2308,-0.00119384
2309,-0.00221651
2310,-7.5484e-05
2311,0.00168837
2312,0.00134121
2313,0.000405439
2314,-0.000287842
2315,-0.00138072
2316,-0.00196291
2317,-0.000322874
2318,0.00201246
2319,0.00150308
2320,-0.00149807
2321,-0.00258149
2322,-0.000114108
2323,0.00225901
2324,0.0015874
2325,-0.000235209
2326,-0.000479736
2327,0.000249329
2328,0.000448489
2329,0.000716444
2330,0.00147685
2331,0.00100545
2332,-0.00119975
2333,-0.00217217
2334,1.58577e-05
2335,0.00233709
2336,0.00116597
2337,-0.00188211
2338,-0.00255072
2339,-0.000465181
2340,0.00118692
2341,0.00108285
2342,0.000584269
2343,0.000126561
2344,-0.000896057
2345,-0.00126204
2346,0.000696961
2347,0.00309886
2348,0.00231913
2349,-0.00103562
2350,-0.00241857
2351,-0.000238164
2352,0.0019691
2353,0.00139101
2354,-0.000352832
2355,-0.000985643
2356,-0.000968589
2357,-0.00106399
2358,-0.00029548
2359,0.00127614
2360,0.00125128
2361,-0.000993856
2362,-0.00218797
2363,-0.000101344
2364,0.00246945
2365,0.00196322
2366,-0.00042425
2367,-0.00111717
2368,0.000202741
2369,0.00115144
2370,0.00103676
2371,0.000846571
2372,0.000301892
2373,-0.0011999
2374,-0.00191912
2375,-6.5593e-05
2376,0.00219884
2377,0.00127652
2378,-0.0019064
2379,-0.00286235
2380,-0.000415638
2381,0.00184724
2382,0.00148744
2383,0.000176204
2384,-0.000242259
2385,-0.000388766
2386,-0.000588149
2387,0.000469933
2388,0.00241264
2389,0.0023247
2390,-0.000511003
2391,-0.00249759
2392,-0.000948944
2393,0.00171018
2394,0.00181982
2395,-0.000218668
2396,-0.00155156
2397,-0.00136847
2398,-0.000686466
2399,0.000257057
2400,0.00129854
2401,0.000973556
2402,-0.00102804
2403,-0.00194049
2404,0.000221978
2405,0.00276579
2406,0.0020044
2407,-0.000811465
2408,-0.00145885
2409,0.00053473
2410,0.00171063
2411,0.000714831
2412,-0.000216575
2413,-1.08496e-05
2414,-0.000306199
2415,-0.00136762
2416,-0.000968252
2417,0.00112576
2418,0.00173386
2419,-0.00059002
2420,-0.00267055
2421,-0.00145389
2422,0.00143184
2423,0.00246957
2424,0.00111613
2425,-0.000604873
2426,-0.00125996
2427,-0.000545396
2428,0.00131886
2429,0.00276398
2430,0.0016122
2431,-0.00143803
2432,-0.00255503
2433,-0.000166071
2434,0.00218831
2435,0.00111439
2436,-0.00141968
2437,-0.00163061
2438,-3.901e-05
2439,0.000249989
2440,-0.000633007
2441,-0.000108442
2442,0.00138684
2443,0.000902116
2444,-0.00123107
2445,-0.00127281
2446,0.00147895
2447,0.00299554
2448,0.000908041
2449,-0.00172239
2450,-0.0013169
2451,0.00105427
2452,0.00201267
2453,0.000726413
2454,-0.0010495
2455,-0.00181167
2456,-0.00115712
2457,0.000516032
2458,0.00163178
2459,0.000561792
2460,-0.00167564
2461,-0.00201064
2462,0.000217914
2463,0.00200169
2464,0.00129256
2465,-7.64279e-05
2466,-2.87026e-05
2467,0.00037962
2468,-0.00016911
2469,-0.000169237
2470,0.00153943
2471,0.00238016
2472,-4.886e-05
2473,-0.00294804
2474,-0.00194825
2475,0.00168592
2476,0.00260297
2477,-0.000375603
2478,-0.00273531
2479,-0.00152527
2480,0.000795478
2481,0.00118531
2482,0.000330804
2483,7.11267e-05
2484,0.000131875
2485,-0.000203781
2486,-4.28742e-05
2487,0.00113786
2488,0.00177077
2489,0.000649005
2490,-0.000822158
2491,-0.000787824
2492,0.000327296
2493,0.00095059
2494,0.000626906
2495,-0.000264473
2496,-0.00136092
2497,-0.00169379
2498,-0.000235169
2499,0.00175817
2500,0.00141422
2501,-0.00127226
2502,-0.00248057
2503,-0.000136437
2504,0.00257174
2505,0.00203575
2506,-0.000297768
2507,-0.000822477
2508,0.000354612
2509,0.000621693
2510,5.06982e-05
2511,0.000672125
2512,0.00167249
2513,0.000343471
2514,-0.00236857
2515,-0.00235519
2516,0.000859855
2517,0.00268658
2518,0.000463462
2519,-0.00249179
2520,-0.00217609
2521,0.000430679
2522,0.00180048
2523,0.00110516
2524,7.89723e-05
2525,-0.000310969
2526,-0.000278967
2527,0.000265971
2528,0.0012436
2529,0.0015275
2530,0.000468326
2531,-0.000735068
2532,-0.000739428
2533,2.2825e-05
2534,0.000449316
2535,0.00040841
2536,4.42305e-05
2537,-0.000879835
2538,-0.00166806
2539,-0.000757126
2540,0.00138588
2541,0.00180686
2542,-0.000485166
2543,-0.00218074
2544,-0.000471955
2545,0.00230203
2546,0.0022346
2547,-4.33332e-05
2548,-0.000894391
2549,0.0002201
2550,0.000690451
2551,7.75288e-06
2552,0.000245119
2553,0.00128043
2554,0.000461112
2555,-0.00206372
2556,-0.00247964
2557,0.00044021
2558,0.0026298
2559,0.000854251
2560,-0.00222848
2561,-0.0022872
2562,0.000352745
2563,0.00204705
2564,0.0014176
2565,0.000177639
2566,-0.000330175
2567,-0.000293484
2568,0.000161038
2569,0.00106486
2570,0.00151289
2571,0.000618797
2572,-0.000785056
2573,-0.00113543
2574,-0.000346587
2575,0.000429474
2576,0.000551118
2577,7.03476e-05
2578,-0.000869467
2579,-0.00151765
2580,-0.00067393
2581,0.00121026
2582,0.00169933
2583,-9.79196e-05
2584,-0.00153598
2585,-0.000264271
2586,0.00188032
2587,0.00175967
2588,-1.37373e-05
2589,-0.000486678
2590,0.000465468
2591,0.000476187
2592,-0.000494142
2593,-0.0001614
2594,0.00121069
2595,0.000650738
2596,-0.00190025
2597,-0.00252457
2598,0.000274432
2599,0.00253473
2600,0.00091718
2601,-0.00200915
2602,-0.00196478
2603,0.000591583
2604,0.00200236
2605,0.00123156
2606,0.000264482
2607,5.38946e-05
2608,-0.000185583
2609,-0.000322486
2610,0.000590988
2611,0.00173605
2612,0.001131
2613,-0.000983796
2614,-0.0020311
2615,-0.000798671
2616,0.000965504
2617,0.00118118
2618,-0.000118273
2619,-0.0014248
2620,-0.00147636
2621,-0.000130887
2622,0.00141325
2623,0.00148138
2624,2.63556e-06
2625,-0.000973358
2626,-4.6305e-05
2627,0.00135895
2628,0.00125626
2629,0.000231085
2630,5.27916e-05
2631,0.000406728
2632,-0.000138926
2633,-0.000882451
2634,-8.06464e-05
2635,0.00124999
2636,0.000434948
2637,-0.00190277
2638,-0.00210791
2639,0.000494935
2640,0.00208121
2641,0.000423804
2642,-0.0015798
2643,-0.000869259
2644,0.00102157
2645,0.00123678
2646,0.000412595
2647,0.000616806
2648,0.00107919
2649,8.65068e-08
2650,-0.0012733
2651,-0.000175654
2652,0.00207258
2653,0.00176995
2654,-0.00120311
2655,-0.00283127
2656,-0.00103763
2657,0.00144927
2658,0.00149046
2659,-0.000326984
2660,-0.00149893
2661,-0.00112508
2662,7.2324e-06
2663,0.00107798
2664,0.00150514
2665,0.000855639
2666,-0.000349612
2667,-0.000739881
2668,0.000187372
2669,0.00133384
2670,0.0014658
2671,0.000527236
2672,-0.000703829
2673,-0.00130222
2674,-0.000620673
2675,0.000818555
2676,0.00119357
2677,-0.000377489
2678,-0.00198356
2679,-0.00127574
2680,0.000830994
2681,0.00136016
2682,-5.2271e-05
2683,-0.000771594
2684,0.000250687
2685,0.000962493
2686,0.000273366
2687,3.07664e-05
2688,0.0011894
2689,0.00153282
2690,-0.000277541
2691,-0.00162764
2692,-0.000123877
2693,0.00193937
2694,0.00107675
2695,-0.00156165
2696,-0.00207459
2697,-0.000136239
2698,0.000984212
2699,0.000117146
2700,-0.000540167
2701,2.20803e-05
2702,0.000132694
2703,-0.000671764
2704,-0.00034436
2705,0.00159448
2706,0.00235668
2707,0.000351984
2708,-0.00174417
2709,-0.000910876
2710,0.00160375
2711,0.00230296
2712,0.000471362
2713,-0.00144503
2714,-0.00157207
2715,-0.00041766
2716,0.000634121
2717,0.000801229
2718,2.36051e-05
2719,-0.00105727
2720,-0.00133937
2721,-0.00038298
2722,0.000917722
2723,0.00136081
2724,0.000733965
2725,-0.000253342
2726,-0.00069913
2727,-5.97138e-06
2728,0.00142707
2729,0.00197167
2730,0.000543737
2731,-0.0013654
2732,-0.00123435
2733,0.000692346
2734,0.00145707
2735,-9.42776e-05
2736,-0.00152866
2737,-0.000886744
2738,0.000284381
2739,2.52757e-05
2740,-0.000591121
2741,0.000126726
2742,0.000971468
2743,9.1681e-05
2744,-0.0010875
2745,-2.93503e-05
2746,0.00208425
2747,0.00186644
2748,-0.000494517
2749,-0.00133797
2750,0.000405123
2751,0.0016383
2752,0.000520375
2753,-0.000778228
2754,-0.000386342
2755,0.000139112
2756,-0.000701485
2757,-0.00123453
2758,0.000129588
2759,0.00142227
2760,0.000237157
2761,-0.00183204
2762,-0.00145129
2763,0.00109566
2764,0.00236364
2765,0.00100232
2766,-0.000722808
2767,-0.000734583
2768,0.000369137
2769,0.00112663
2770,0.00117959
2771,0.000709714
2772,-0.000253789
2773,-0.00116916
2774,-0.00102116
2775,0.00020581
2776,0.00109093
2777,0.000471806
2778,-0.00105826
2779,-0.00180627
2780,-0.000828222
2781,0.00101198
2782,0.00177317
2783,0.000554826
2784,-0.00113203
2785,-0.000987145
2786,0.000934227
2787,0.00209612
2788,0.00108011
2789,-0.000438557
2790,-0.000483307
2791,0.000307787
2792,0.00034861
2793,-4.54761e-05
2794,0.000186359
2795,0.000316037
2796,-0.000759443
2797,-0.00170929
2798,-0.000570902
2799,0.00137004
2800,0.0010667
2801,-0.00113019
2802,-0.00166429
2803,0.000428259
2804,0.00193313
2805,0.000874539
2806,-0.000453063
2807,0.000148193
2808,0.00108991
2809,0.000383586
2810,-0.000528916
2811,0.000349759
2812,0.00148728
2813,0.000373681
2814,-0.00172783
2815,-0.0015862
2816,0.000550476
2817,0.00134305
2818,-0.000179259
2819,-0.0014282
2820,-0.000793107
2821,0.000241914
2822,0.000327072
2823,0.00033014
2824,0.000923519
2825,0.000936171
2826,-0.000230089
2827,-0.000876869
2828,0.000376998
2829,0.00200858
2830,0.00164464
2831,-0.000418484
2832,-0.00167307
2833,-0.000842136
2834,0.000754469
2835,0.00118659
2836,9.90363e-05
2837,-0.00125478
2838,-0.00151073
2839,-0.000521196
2840,0.00063824
2841,0.000918195
2842,0.000351592
2843,-0.000302963
2844,-0.000504727
2845,-7.73439e-05
2846,0.000926388
2847,0.00176527
2848,0.00123737
2849,-0.000519516
2850,-0.00137978
2851,2.58816e-05
2852,0.00181069
2853,0.00122685
2854,-0.00108203
2855,-0.00191243
2856,-0.000431817
2857,0.000792036
2858,0.000183767
2859,-0.000647342
2860,-0.000283314
2861,0.00011209
2862,-0.000413847
2863,-0.000402369
2864,0.00106059
2865,0.00189092
2866,0.000382251
2867,-0.00130252
2868,-0.000355907
2869,0.0018294
2870,0.00178849
2871,-0.000328928
2872,-0.00124379
2873,-0.000119463
2874,0.000534817
2875,-0.000330841
2876,-0.000741934
2877,0.000181982
2878,0.000453769
2879,-0.000881821
2880,-0.00157925
2881,-3.11781e-05
2882,0.00169114
2883,0.00113086
2884,-0.000588814
2885,-0.00079575
2886,0.000512326
2887,0.00125515
2888,0.000852462
2889,0.000478352
2890,0.000444225
2891,-4.86808e-05
2892,-0.000767673
2893,-0.000471846
2894,0.000706588
2895,0.000989414
2896,-0.000361931
2897,-0.00174109
2898,-0.00138789
2899,0.000259557
2900,0.00127234
2901,0.000663369
2902,-0.000629064
2903,-0.00101332
2904,-4.18355e-05
2905,0.00120806
2906,0.00147363
2907,0.000725194
2908,-7.10649e-05
2909,-0.000283379
2910,-3.22533e-05
2911,0.000458997
2912,0.000936252
2913,0.00069128
2914,-0.000621891
2915,-0.00173628
2916,-0.000991372
2917,0.000899193
2918,0.00127565
2919,-0.000529859
2920,-0.0018758
2921,-0.000756991
2922,0.00114071
2923,0.00127819
2924,0.000153553
2925,-0.000134462
2926,0.000425033
2927,0.00040481
2928,7.84866e-05
2929,0.000718398
2930,0.00149868
2931,0.000510497
2932,-0.00139007
2933,-0.00132701
2934,0.000730064
2935,0.00151
2936,-0.000279938
2937,-0.00184947
2938,-0.00100542
2939,0.000498622
2940,0.00040506
2941,-0.000335653
2942,6.83881e-05
2943,0.000765279
2944,0.000172002
2945,-0.000645774
2946,0.000224844
2947,0.00178143
2948,0.00150439
2949,-0.000320111
2950,-0.00100009
2951,0.000148015
2952,0.000988821
2953,0.000341455
2954,-0.000454687
2955,-0.000360426
2956,-0.000265652
2957,-0.000787269
2958,-0.000851063
2959,0.00018255
2960,0.000951392
2961,0.000206908
2962,-0.000986523
2963,-0.000790035
2964,0.000662169
2965,0.00159244
2966,0.00110536
2967,5.67918e-05
2968,-0.000385221
2969,-5.60893e-06
2970,0.000634458
2971,0.000909663
2972,0.000548018
2973,-0.000239025
2974,-0.000890584
2975,-0.000902354
2976,-0.000239883
2977,0.000513815
2978,0.000499274
2979,-0.000498155
2980,-0.00139973
2981,-0.00083591
2982,0.000868613
2983,0.0016866
2984,0.000593581
2985,-0.000800697
2986,-0.000515799
2987,0.00091969
2988,0.00148073
2989,0.000747139
2990,2.78665e-05
2991,-0.000123286
2992,-0.000321542
2993,-0.000468264
2994,0.00017447
2995,0.000905131
2996,0.000113004
2997,-0.00164093
2998,-0.00175634
2999,0.000277727
3000,0.00163536
3001,0.000472784
3002,-0.0011759
3003,-0.000798022
3004,0.000732344
3005,0.00114374
3006,0.000567609
3007,0.000532252
3008,0.000769901
3009,9.25786e-05
3010,-0.000690947
3011,5.50097e-05
3012,0.00140193
3013,0.00092634
3014,-0.00107321
3015,-0.00174593
3016,-0.000299361
3017,0.000834125
3018,0.000144127
3019,-0.000789211
3020,-0.00045541
3021,0.00015762
3022,-8.7466e-05
3023,-0.000241197
3024,0.000663598
3025,0.00141181
3026,0.000645197
3027,-0.000539501
3028,-0.000282513
3029,0.000957477
3030,0.001253
3031,0.000313098
3032,-0.00043196
3033,-0.000365887
3034,-0.000242971
3035,-0.000381996
3036,-0.000218831
3037,0.000211778
3038,4.89049e-05
3039,-0.000765669
3040,-0.00105646
3041,-0.000168285
3042,0.00094588
3043,0.00103149
3044,0.000178934
3045,-0.000447253
3046,-9.99736e-05
3047,0.000809859
3048,0.00130033
3049,0.000874545
3050,-1.33593e-05
3051,-0.000511075
3052,-0.00030414
3053,0.000184257
3054,0.000418501
3055,0.000189872
3056,-0.000453726
3057,-0.00112657
3058,-0.00105823
3059,3.34087e-05
3060,0.00105058
3061,0.000614723
3062,-0.000783259
3063,-0.00110145
3064,0.000316538
3065,0.00164839
3066,0.00128617
3067,8.54191e-05
3068,-0.00029697
3069,0.000125957
3070,0.000388851
3071,0.000473014
3072,0.000710678
3073,0.000423224
3074,-0.000832907
3075,-0.00162525
3076,-0.000521136
3077,0.00113447
3078,0.000849223
3079,-0.00102636
3080,-0.00168804
3081,-0.000255927
3082,0.00109744
3083,0.000859929
3084,0.00017871
3085,0.000236602
3086,0.0003466
3087,-2.56809e-05
3088,0.000146027
3089,0.00120463
3090,0.00145252
3091,-5.23933e-05
3092,-0.00139712
3093,-0.000675789
3094,0.000831084
3095,0.000743986
3096,-0.000612423
3097,-0.00110634
3098,-0.000425167
3099,-6.14625e-05
3100,-0.000310443
3101,-4.68501e-05
3102,0.00069485
3103,0.000590613
3104,-0.000332268
3105,-0.000420377
3106,0.000741289
3107,0.00147766
3108,0.000778349
3109,-0.000166653
3110,-0.00012832
3111,0.000313477
3112,0.000204297
3113,-0.000105561
3114,1.31524e-05
3115,7.95054e-05
3116,-0.000499994
3117,-0.00105003
3118,-0.00061989
3119,0.000332596
3120,0.000556653
3121,-0.000102162
3122,-0.000590705
3123,-0.000236895
3124,0.000522168
3125,0.000961975
3126,0.00086092
3127,0.000432568
3128,2.99129e-05
3129,-1.94929e-05
3130,0.000331458
3131,0.00069707
3132,0.000584872
3133,-7.94733e-05
3134,-0.000806557
3135,-0.00092677
3136,-0.000259304
3137,0.000495851
3138,0.000357958
3139,-0.000642998
3140,-0.00122579
3141,-0.000469133
3142,0.000812811
3143,0.00113645
3144,0.000393265
3145,-0.000220648
3146,-5.45116e-05
3147,0.000424771
3148,0.000785265
3149,0.00102638
3150,0.00082222
3151,-0.000168209
3152,-0.00108907
3153,-0.000606086
3154,0.000805314
3155,0.00104919
3156,-0.000464784
3157,-0.00171345
3158,-0.00107397
3159,0.000343059
3160,0.000706443
3161,0.000158331
3162,-0.000120732
3163,-7.95689e-05
3164,-0.000191509
3165,6.50874e-05
3166,0.00110781
3167,0.00168296
3168,0.000579631
3169,-0.000921038
3170,-0.000660183
3171,0.000906728
3172,0.00133237
3173,4.27463e-05
3174,-0.00101705
3175,-0.000728163
3176,-0.000191775
3177,-0.000273256
3178,-0.000253907
3179,0.000216459
3180,0.000150379
3181,-0.000678065
3182,-0.000801626
3183,0.000443664
3184,0.00143803
3185,0.000815506
3186,-0.000270986
3187,-0.000131454
3188,0.00074508
3189,0.000846526
3190,0.000258587
3191,0.000107523
3192,0.000307514
3193,-6.30361e-05
3194,-0.000725339
3195,-0.000576549
3196,0.000187167
3197,0.000255819
3198,-0.000531155
3199,-0.000908152
3200,-0.000322636
3201,0.000310209
3202,0.000310978
3203,0.000179027
3204,0.000366865
3205,0.000468111
3206,0.00022778
3207,0.000195912
3208,0.000677124
3209,0.000984843
3210,0.000492996
3211,-0.000296558
3212,-0.000476736
3213,-1.90356e-05
3214,0.000327121
3215,9.87463e-05
3216,-0.000453246
3217,-0.00081298
3218,-0.000691052
3219,-0.000187519
3220,0.000288629
3221,0.000352132
3222,2.69287e-05
3223,-0.000265003
3224,-0.000120871
3225,0.000475876
3226,0.00109063
3227,0.0011081
3228,0.000358656
3229,-0.00043562
3230,-0.00031132
3231,0.000611139
3232,0.00105761
3233,0.000280483
3234,-0.000853052
3235,-0.00108609
3236,-0.000442003
3237,0.000134938
3238,0.0002136
3239,5.84955e-06
3240,-0.000390409
3241,-0.000799885
3242,-0.000525932
3243,0.00066499
3244,0.00155311
3245,0.000887886
3246,-0.000505355
3247,-0.000654172
3248,0.000627981
3249,0.00149111
3250,0.000889065
3251,-0.000144987
3252,-0.000491724
3253,-0.000411045
3254,-0.000344331
3255,-3.50739e-06
3256,0.000462402
3257,7.77825e-05
3258,-0.00111197
3259,-0.00143261
3260,-9.97266e-05
3261,0.00120518
3262,0.000789801
3263,-0.00043558
3264,-0.00054777
3265,0.000400166
3266,0.000928559
3267,0.000724501
3268,0.000613769
3269,0.000600494
3270,5.55398e-05
3271,-0.000532202
3272,-0.000115052
3273,0.000771222
3274,0.000536145
3275,-0.000751322
3276,-0.00128513
3277,-0.000435
3278,0.000343825
3279,4.76224e-05
3280,-0.000431051
3281,-0.000193408
3282,0.000181608
3283,6.86753e-05
3284,6.95912e-05
3285,0.000671324
3286,0.00104914
3287,0.000495007
3288,-0.000161495
3289,0.000100558
3290,0.000739699
3291,0.00062398
3292,-7.39793e-05
3293,-0.000364156
3294,-0.000182367
3295,-0.000228164
3296,-0.00049979
3297,-0.000386552
3298,9.11613e-06
3299,-3.43196e-05
3300,-0.000490176
3301,-0.00051907
3302,0.000125208
3303,0.000687297
3304,0.00061491
3305,0.000270221
3306,0.000179514
3307,0.000330167
3308,0.000494793
3309,0.000622733
3310,0.00062504
3311,0.000296032
3312,-0.000261377
3313,-0.000545422
3314,-0.000276945
3315,0.0001657
3316,0.000176013
3317,-0.000356031
3318,-0.000896482
3319,-0.000816073
3320,-8.24539e-05
3321,0.000617305
3322,0.00059671
3323,4.91156e-06
3324,-0.000334815
3325,3.9682e-05
3326,0.000724618
3327,0.00107136
3328,0.000874688
3329,0.000312765
3330,-0.000281854
3331,-0.000420394
3332,0.000149678
3333,0.000798592
3334,0.000490758
3335,-0.000708083
3336,-0.00140959
3337,-0.000753264
3338,0.000346511
3339,0.000552268
3340,-7.98049e-05
3341,-0.000542832
3342,-0.000434139
3343,-3.62317e-05
3344,0.000534762
3345,0.00113105
3346,0.00107772
3347,0.000117198
3348,-0.000629008
3349,-1.46123e-05
3350,0.00118733
3351,0.00120633
3352,-6.93566e-05
3353,-0.000985797
3354,-0.000676039
3355,-3.82408e-05
3356,6.81188e-05
3357,-7.07469e-05
3358,-0.000156634
3359,-0.000496302
3360,-0.000881154
3361,-0.000419791
3362,0.000759701
3363,0.0011697
3364,0.000234582
3365,-0.00058073
3366,-8.91673e-06
3367,0.00105444
3368,0.00112122
3369,0.00039384
3370,8.66512e-06
3371,5.02932e-05
3372,-9.66794e-05
3373,-0.000252696
3374,6.54121e-05
3375,0.000308045
3376,-0.000298867
3377,-0.00109948
3378,-0.000837998
3379,0.000191487
3380,0.000527987
3381,-8.55473e-05
3382,-0.000432207
3383,4.26263e-05
3384,0.000520696
3385,0.000480419
3386,0.000459175
3387,0.000718812
3388,0.000651415
3389,9.28814e-05
3390,-0.000136543
3391,0.000318865
3392,0.000598308
3393,7.20076e-05
3394,-0.00058141
3395,-0.000564911
3396,-0.000222686
3397,-0.000225102
3398,-0.000381177
3399,-0.000213268
3400,2.37862e-05
3401,-0.00011663
3402,-0.000295528
3403,6.53962e-05
3404,0.000684848
3405,0.000809697
3406,0.000414227
3407,0.000148568
3408,0.000280401
3409,0.00047128
3410,0.000482655
3411,0.000391351
3412,0.000178071
3413,-0.000241065
3414,-0.000597355
3415,-0.000486173
3416,-3.96481e-05
3417,0.000134677
3418,-0.000224447
3419,-0.000679247
3420,-0.00066332
3421,-0.000116912
3422,0.000513991
3423,0.000723595
3424,0.000396883
3425,-4.79775e-05
3426,-4.39141e-05
3427,0.000482504
3428,0.000984243
3429,0.00091637
3430,0.000318884
3431,-0.000306639
3432,-0.00049619
3433,-0.000151412
3434,0.000354834
3435,0.00037588
3436,-0.000333952
3437,-0.0011074
3438,-0.0010072
3439,-7.48455e-05
3440,0.000628608
3441,0.000414197
3442,-0.000214642
3443,-0.000410323
3444,-2.16202e-05
3445,0.000569879
3446,0.00102328
3447,0.0010357
3448,0.000416592
3449,-0.000358593
3450,-0.000352607
3451,0.000507346
3452,0.0010191
3453,0.000316721
3454,-0.000812193
3455,-0.00106234
3456,-0.00042232
3457,0.000114971
3458,0.000108635
3459,-0.000115301
3460,-0.000364188
3461,-0.000591008
3462,-0.000364321
3463,0.000524123
3464,0.00121472
3465,0.00076447
3466,-0.00023473
3467,-0.000329648
3468,0.000594323
3469,0.00117165
3470,0.000687087
3471,-6.82373e-05
3472,-0.000320294
3473,-0.000298619
3474,-0.000296698
3475,-8.76442e-05
3476,0.000195803
3477,-0.000115844
3478,-0.000903541
3479,-0.00100992
3480,-4.6157e-05
3481,0.000771174
3482,0.0004539
3483,-0.000248623
3484,-0.000181092
3485,0.000440316
3486,0.000719827
3487,0.000627391
3488,0.000626968
3489,0.00053675
3490,3.64094e-05
3491,-0.000327797
3492,5.11161e-05
3493,0.00055457
3494,0.000187974
3495,-0.000699521
3496,-0.000911695
3497,-0.000331341
3498,4.56082e-05
3499,-0.000145262
3500,-0.000261471
3501,-3.30963e-05
3502,5.78786e-05
3503,-6.01038e-05
3504,0.000181621
3505,0.000771505
3506,0.000900938
3507,0.000356903
3508,-1.82335e-05
3509,0.000274073
3510,0.000606869
3511,0.000386011
3512,-1.78996e-05
3513,-0.000117704
3514,-0.000164616
3515,-0.000453367
3516,-0.000594413
3517,-0.00025122
3518,8.66694e-05
3519,-0.000130171
3520,-0.000531699
3521,-0.00041345
3522,0.000142998
3523,0.00050632
3524,0.000500071
3525,0.000431623
3526,0.000398191
3527,0.000283817
3528,0.000243625
3529,0.000492449
3530,0.000732348
3531,0.000455152
3532,-0.000216404
3533,-0.000591131
3534,-0.000356749
3535,4.50632e-05
3536,7.75484e-05
3537,-0.000272259
3538,-0.000632481
3539,-0.000675656
3540,-0.000323062
3541,0.000215358
3542,0.000536214
3543,0.000394428
3544,2.04924e-05
3545,-7.86555e-05
3546,0.00031341
3547,0.000859999
3548,0.00100734
3549,0.000549541
3550,-0.000125453
3551,-0.000383119
3552,-2.81712e-05
3553,0.000419411
3554,0.000312868
3555,-0.00032343
3556,-0.000844538
3557,-0.000789903
3558,-0.000320572
3559,0.000127651
3560,0.000263967
3561,2.14928e-05
3562,-0.000367071
3563,-0.000366287
3564,0.000303356
3565,0.00107086
3566,0.00105299
3567,0.000285816
3568,-0.000232387
3569,7.40115e-05
3570,0.000628718
3571,0.000669562
3572,0.000235542
3573,-0.000228212
3574,-0.000559002
3575,-0.000671505
3576,-0.000346807
3577,0.000195919
3578,0.0001945
3579,-0.00052277
3580,-0.000971957
3581,-0.000363566
3582,0.00062403
3583,0.000830627
3584,0.000305754
3585,-5.49733e-06
3586,0.000198001
3587,0.000449869
3588,0.000579652
3589,0.000748087
3590,0.000671499
3591,5.70556e-06
3592,-0.000655458
3593,-0.000412266
3594,0.000368143
3595,0.000412639
3596,-0.000456465
3597,-0.00102837
3598,-0.00063643
3599,-2.67791e-05
3600,9.33534e-05
3601,4.62716e-05
3602,0.000181401
3603,0.000157026
3604,-9.88859e-05
3605,8.64835e-05
3606,0.000853482
3607,0.00119107
3608,0.000499987
3609,-0.000278589
3610,-0.000112932
3611,0.000500279
3612,0.000490152
3613,-5.88373e-05
3614,-0.00035018
3615,-0.0003452
3616,-0.000505395
3617,-0.000621075
3618,-0.000221425
3619,0.000252777
3620,2.31102e-05
3621,-0.000553858
3622,-0.000425681
3623,0.000393323
3624,0.000835484
3625,0.000535201
3626,0.000244436
3627,0.000381091
3628,0.000466527
3629,0.000268975
3630,0.000255227
3631,0.000508086
3632,0.000368957
3633,-0.000327552
3634,-0.000743801
3635,-0.000371799
3636,0.000100245
3637,-6.38337e-05
3638,-0.000506517
3639,-0.000530711
3640,-0.000230262
3641,-6.35208e-05
3642,5.39846e-05
3643,0.00038484
3644,0.000622265
3645,0.000378495
3646,3.24803e-05
3647,0.000224052
3648,0.000759411
3649,0.000857882
3650,0.000352137
3651,-0.000142497
3652,-0.000215918
3653,-9.79213e-05
3654,-6.92577e-05
3655,-9.93176e-05
3656,-0.000180259
3657,-0.000430232
3658,-0.000693458
3659,-0.0005588
3660,-4.76192e-06
3661,0.000411207
3662,0.000279324
3663,-8.74202e-05
3664,-9.86324e-05
3665,0.000335624
3666,0.000770263
3667,0.00082459
3668,0.000538538
3669,0.000188929
3670,-2.9373e-06
3671,3.52141e-05
3672,0.000214448
3673,0.000281832
3674,-1.94212e-06
3675,-0.000532379
3676,-0.000827477
3677,-0.000544423
3678,1.61624e-05
3679,0.000201601
3680,-0.000151094
3681,-0.000482692
3682,-0.000274401
3683,0.000284208
3684,0.000651925
3685,0.000653947
3686,0.000489432
3687,0.000296868
3688,0.00014871
3689,0.000242899
3690,0.000585701
3691,0.000679449
3692,0.000124538
3693,-0.000605938
3694,-0.000677188
3695,-0.000124642
3696,0.000178255
3697,-0.000164717
3698,-0.000589544
3699,-0.000572462
3700,-0.000297536
3701,-4.64215e-05
3702,0.000264674
3703,0.000562409
3704,0.000441396
3705,-1.42571e-05
3706,-3.53184e-05
3707,0.000630956
3708,0.0011091
3709,0.000676333
3710,-9.16947e-05
3711,-0.000262694
3712,4.88969e-05
3713,0.000132042
3714,-7.11597e-05
3715,-0.000169605
3716,-0.000267684
3717,-0.000628982
3718,-0.000810429
3719,-0.000277271
3720,0.000428794
3721,0.000342247
3722,-0.000306037
3723,-0.000380401
3724,0.000323256
3725,0.000834396
3726,0.00066852
3727,0.000412962
3728,0.000438312
3729,0.000336555
3730,9.34402e-06
3731,3.62783e-05
3732,0.000453755
3733,0.000397893
3734,-0.000402363
3735,-0.000947601
3736,-0.000536123
3737,8.64835e-05
3738,1.16098e-05
3739,-0.000408023
3740,-0.000391718
3741,-8.3753e-05
3742,-5.01913e-06
3743,6.46478e-05
3744,0.00051381
3745,0.000863777
3746,0.000503457
3747,-5.76948e-05
3748,0.000100193
3749,0.000730872
3750,0.000799994
3751,0.000180996
3752,-0.000275209
3753,-0.000233178
3754,-0.000195581
3755,-0.000344048
3756,-0.000280899
3757,-4.57718e-05
3758,-0.000203725
3759,-0.000680985
3760,-0.000647417
3761,8.84802e-05
3762,0.000633857
3763,0.000408734
3764,2.37101e-06
3765,0.000102011
3766,0.000469923
3767,0.000597394
3768,0.000567381
3769,0.000594689
3770,0.000424265
3771,-8.65961e-05
3772,-0.000403
3773,-9.78413e-05
3774,0.000303799
3775,5.90589e-05
3776,-0.000606342
3777,-0.000849083
3778,-0.000471015
3779,-4.27441e-05
3780,6.96286e-05
3781,4.39715e-05
3782,3.64556e-05
3783,-8.56332e-06
3784,3.64266e-05
3785,0.000404477
3786,0.000867592
3787,0.000856966
3788,0.000317424
3789,-0.000101135
3790,6.06784e-05
3791,0.000448676
3792,0.00045251
3793,1.35518e-05
3794,-0.000441795
3795,-0.000602668
3796,-0.000486784
3797,-0.000240735
3798,-3.85333e-05
3799,-6.78815e-05
3800,-0.000324459
3801,-0.00046711
3802,-0.000155379
3803,0.000450324
3804,0.000783712
3805,0.000559403
3806,0.000145154
3807,8.66728e-05
3808,0.000425252
3809,0.000710326
3810,0.000601459
3811,0.000202392
3812,-0.000187042
3813,-0.000381048
3814,-0.000326748
3815,-9.782e-05
3816,2.67099e-05
3817,-0.000227319
3818,-0.000675289
3819,-0.000739245
3820,-0.000208466
3821,0.000375176
3822,0.000420305
3823,8.65554e-05
3824,-3.0199e-05
3825,0.0002333
3826,0.000541919
3827,0.000678694
3828,0.000683033
3829,0.000499085
3830,7.80614e-05
3831,-0.000233512
3832,-4.53237e-05
3833,0.00033643
3834,0.000201379
3835,-0.000455736
3836,-0.000840903
3837,-0.00054952
3838,-0.000105627
3839,-3.48069e-05
3840,-0.000141431
3841,-9.60653e-05
3842,-2.43764e-05
3843,-2.90282e-05
3844,0.000193824
3845,0.000698124
3846,0.000892231
3847,0.000441816
3848,-2.86406e-05
3849,0.000144077
3850,0.00058479
3851,0.000520155
3852,1.95362e-05
3853,-0.000275594
3854,-0.000273389
3855,-0.000354866
3856,-0.00047062
3857,-0.000283239
3858,-1.87906e-05
3859,-0.000187788
3860,-0.000556544
3861,-0.0003959
3862,0.000257598
3863,0.000595934
3864,0.000365104
3865,0.000185025
3866,0.000385277
3867,0.000534878
3868,0.000396588
3869,0.000353945
3870,0.00052217
3871,0.000394842
3872,-0.000164389
3873,-0.000490245
3874,-0.000213102
3875,6.84398e-05
3876,-0.0001858
3877,-0.000564692
3878,-0.000507715
3879,-0.000245862
3880,-0.000204223
3881,-0.00015804
3882,0.000205809
3883,0.000501414
3884,0.000291467
3885,6.38533e-07
3886,0.000265348
3887,0.000792781
3888,0.000811347
3889,0.000337393
3890,4.20524e-05
3891,8.88296e-05
3892,5.80408e-05
3893,-0.00012112
3894,-0.000122274
3895,-4.11356e-05
3896,-0.000307877
3897,-0.000750739
3898,-0.000687445
3899,-8.27847e-05
3900,0.000286715
3901,4.60155e-05
3902,-0.000245806
3903,-6.92241e-05
3904,0.000332098
3905,0.000551786
3906,0.000627035
3907,0.000652923
3908,0.000453392
3909,7.10267e-05
3910,-2.09875e-05
3911,0.000329109
3912,0.000532053
3913,0.000101622
3914,-0.000554009
3915,-0.000724287
3916,-0.00039095
3917,-8.83265e-05
3918,-8.22682e-05
3919,-0.000219436
3920,-0.000347803
3921,-0.000377726
3922,-0.000125321
3923,0.000411171
3924,0.00078234
3925,0.000584234
3926,0.000109168
3927,2.02863e-05
3928,0.000435186
3929,0.000794774
3930,0.000647618
3931,0.000146207
3932,-0.000285345
3933,-0.000412798
3934,-0.000254633
3935,-5.989e-06
3936,2.25566e-05
3937,-0.000322021
3938,-0.000738231
3939,-0.000712278
3940,-0.000163505
3941,0.000389862
3942,0.00044425
3943,9.89178e-05
3944,-0.000120393
3945,0.000107448
3946,0.000594101
3947,0.000895271
3948,0.000746639
3949,0.000278982
3950,-0.000112733
3951,-0.00012601
3952,0.000158304
3953,0.000336908
3954,8.62871e-05
3955,-0.000470316
3956,-0.000838394
3957,-0.000657802
3958,-0.000122744
3959,0.000201542
3960,2.04413e-05
3961,-0.000348507
3962,-0.000373272
3963,6.46513e-05
3964,0.000590366
3965,0.000798384
3966,0.000614895
3967,0.000261105
3968,5.53636e-05
3969,0.000201751
3970,0.000555678
3971,0.000646325
3972,0.000187651
3973,-0.000466785
3974,-0.000678854
3975,-0.000336216
3976,2.63224e-05
3977,-3.62488e-05
3978,-0.00037496
3979,-0.000581991
3980,-0.00047866
3981,-0.000124427
3982,0.000321343
3983,0.000576985
3984,0.000416056
3985,6.0143e-05
3986,5.11672e-05
3987,0.000510961
3988,0.000884405
3989,0.000688428
3990,0.000161731
3991,-0.000152741
3992,-0.000136741
3993,-4.25163e-05
3994,-1.71373e-05
3995,-8.14477e-05
3996,-0.000313942
3997,-0.000639321
3998,-0.000681889
3999,-0.000263915
4000,0.000184811
4001,0.000175816
4002,-0.000102354
4003,-9.70718e-05
4004,0.000256969
4005,0.000545308
4006,0.000584901
4007,0.000552432
4008,0.000492964
4009,0.00028813
4010,7.80132e-05
4011,0.000129598
4012,0.000282075
4013,0.000107754
4014,-0.000343085
4015,-0.000556347
4016,-0.000380693
4017,-0.00022482
4018,-0.000308991
4019,-0.000346713
4020,-0.000162363
4021,-1.05527e-05
4022,-2.42646e-05
4023,7.17277e-05
4024,0.000394024
4025,0.000596752
4026,0.000470226
4027,0.000324899
4028,0.000416881
4029,0.000491984
4030,0.000299219
4031,7.48067e-05
4032,7.11839e-05
4033,5.61508e-05
4034,-0.000229021
4035,-0.000518111
4036,-0.000451778
4037,-0.000214204
4038,-0.000200195
4039,-0.000340689
4040,-0.000299815
4041,-8.96688e-05
4042,5.11976e-05
4043,0.000164859
4044,0.000411073
4045,0.00060025
4046,0.000459974
4047,0.000208943
4048,0.000279442
4049,0.000573266
4050,0.000581655
4051,0.000196412
4052,-0.000169344
4053,-0.000261289
4054,-0.000238692
4055,-0.000236082
4056,-0.00020331
4057,-0.000217304
4058,-0.000424503
4059,-0.0006148
4060,-0.000387015
4061,0.000163907
4062,0.000455361
4063,0.000256385
4064,1.07875e-05
4065,0.000137806
4066,0.000485645
4067,0.000695632
4068,0.000672977
4069,0.000471897
4070,0.000127951
4071,-0.000163803
4072,-0.000110537
4073,0.000187189
4074,0.000202077
4075,-0.000281078
4076,-0.00076922
4077,-0.000720935
4078,-0.000267908
4079,6.0833e-05
4080,4.81465e-05
4081,-0.000117227
4082,-0.000207591
4083,-8.72895e-05
4084,0.000299841
4085,0.000753701
4086,0.000842487
4087,0.000432833
4088,-9.5194e-07
4089,5.87956e-05
4090,0.000465313
4091,0.000617733
4092,0.000257333
4093,-0.000291821
4094,-0.000599067
4095,-0.000528626
4096,-0.000224958
4097,1.57436e-05
4098,-8.40139e-05
4099,-0.00046976
4100,-0.00067289
4101,-0.000316464
4102,0.000348026
4103,0.000692203
4104,0.000476636
4105,9.24165e-05
4106,3.08866e-05
4107,0.00035897
4108,0.000748379
4109,0.00081879
4110,0.000435719
4111,-0.000146767
4112,-0.000443258
4113,-0.000224108
4114,0.000164711
4115,0.00016405
4116,-0.000319423
4117,-0.00079754
4118,-0.000782985
4119,-0.000302635
4120,0.000203626
4121,0.000339934
4122,8.34921e-05
4123,-0.000207858
4124,-0.000109178
4125,0.000421551
4126,0.000920999
4127,0.000891664
4128,0.000379657
4129,-7.54187e-05
4130,-6.50335e-05
4131,0.000271494
4132,0.000468079
4133,0.000227744
4134,-0.000321698
4135,-0.000750274
4136,-0.000701756
4137,-0.000255504
4138,0.0001065
4139,9.38342e-06
4140,-0.000372862
4141,-0.000519683
4142,-0.000175141
4143,0.000392664
4144,0.000726631
4145,0.00062988
4146,0.000288218
4147,7.63964e-05
4148,0.000230042
4149,0.000591078
4150,0.000713477
4151,0.000349523
4152,-0.000220878
4153,-0.000496023
4154,-0.000335181
4155,-6.44358e-05
4156,-3.96039e-05
4157,-0.000287592
4158,-0.000566494
4159,-0.000607672
4160,-0.00030885
4161,0.000149907
4162,0.000403713
4163,0.000281221
4164,5.05179e-05
4165,0.000106916
4166,0.000458712
4167,0.000734098
4168,0.000672356
4169,0.000380187
4170,0.000103282
4171,-2.70146e-05
4172,-4.61389e-06
4173,7.098e-05
4174,4.39622e-06
4175,-0.000292014
4176,-0.000593382
4177,-0.00058534
4178,-0.000299213
4179,-7.83871e-05
4180,-9.20046e-05
4181,-0.000151314
4182,-5.76157e-05
4183,0.000143576
4184,0.000334766
4185,0.000488423
4186,0.000562094
4187,0.000481768
4188,0.000327421
4189,0.000291431
4190,0.000360425
4191,0.000295475
4192,2.69138e-05
4193,-0.000209035
4194,-0.000251427
4195,-0.000246355
4196,-0.000341676
4197,-0.000428957
4198,-0.000376512
4199,-0.000264467
4200,-0.000191579
4201,-8.63863e-05
4202,9.54811e-05
4203,0.000225027
4204,0.000247727
4205,0.000328074
4206,0.000532811
4207,0.000629944
4208,0.0004534
4209,0.000218106
4210,0.000188956
4211,0.000260447
4212,0.000167589
4213,-8.0918e-05
4214,-0.000285065
4215,-0.000390863
4216,-0.000445128
4217,-0.000390408
4218,-0.000214567
4219,-0.000127067
4220,-0.000254595
4221,-0.000332154
4222,-5.93476e-05
4223,0.000383738
4224,0.00056275
4225,0.000418446
4226,0.000278851
4227,0.00032522
4228,0.000433839
4229,0.000488496
4230,0.000468169
4231,0.000279393
4232,-0.000107916
4233,-0.000407946
4234,-0.000316755
4235,-3.49329e-05
4236,-5.73424e-05
4237,-0.000432196
4238,-0.000677182
4239,-0.000489791
4240,-0.000103963
4241,0.000151222
4242,0.000229679
4243,0.000199738
4244,0.000107844
4245,0.000129025
4246,0.000442393
4247,0.000822207
4248,0.000777142
4249,0.000268371
4250,-0.000136719
4251,-4.37002e-05
4252,0.00024397
4253,0.000233054
4254,-0.000104207
4255,-0.000461618
4256,-0.000641711
4257,-0.000582945
4258,-0.000272593
4259,7.53428e-05
4260,7.80092e-05
4261,-0.000268371
4262,-0.000415515
4263,1.66961e-05
4264,0.00064466
4265,0.000827718
4266,0.000513809
4267,0.000179213
4268,0.000137203
4269,0.000308068
4270,0.00049946
4271,0.000523234
4272,0.000196615
4273,-0.00037954
4274,-0.000700676
4275,-0.000429882
4276,4.62108e-05
4277,6.75219e-05
4278,-0.000393421
4279,-0.000725011
4280,-0.000524939
4281,-1.25926e-05
4282,0.000397134
4283,0.000511727
4284,0.000341272
4285,6.58117e-05
4286,4.54248e-05
4287,0.000462428
4288,0.000920608
4289,0.000814603
4290,0.000161847
4291,-0.000354164
4292,-0.000277647
4293,9.01461e-05
4294,0.000201567
4295,-7.85056e-05
4296,-0.00049979
4297,-0.000766739
4298,-0.000669188
4299,-0.000199183
4300,0.000275897
4301,0.00027787
4302,-0.000142466
4303,-0.000348786
4304,6.56469e-05
4305,0.000713489
4306,0.000935725
4307,0.0006171
4308,0.000182177
4309,3.91238e-06
4310,0.000121367
4311,0.000361313
4312,0.000442887
4313,0.000122268
4314,-0.000474444
4315,-0.000812954
4316,-0.000548465
4317,-3.11264e-05
4318,0.000105323
4319,-0.000239052
4320,-0.000558075
4321,-0.000432266
4322,3.62465e-05
4323,0.00047817
4324,0.000640662
4325,0.000487953
4326,0.000196362
4327,9.60078e-05
4328,0.000363895
4329,0.000720489
4330,0.000678181
4331,0.00016386
4332,-0.000347217
4333,-0.000420417
4334,-0.000161255
4335,6.14082e-06
4336,-0.000132601
4337,-0.000433432
4338,-0.000626988
4339,-0.000539061
4340,-0.000185487
4341,0.00020222
4342,0.000329142
4343,0.000156571
4344,3.29283e-07
4345,0.000168996
4346,0.000561397
4347,0.000779286
4348,0.000613999
4349,0.000261439
4350,4.00127e-05
4351,4.30413e-05
4352,0.000122269
4353,9.57212e-05
4354,-0.000102548
4355,-0.000391314
4356,-0.000581958
4357,-0.000519144
4358,-0.000263104
4359,-7.08777e-05
4360,-0.000105119
4361,-0.000217545
4362,-0.000136224
4363,0.000170871
4364,0.00045995
4365,0.000534458
4366,0.000452255
4367,0.000375274
4368,0.000360435
4369,0.000369966
4370,0.000359384
4371,0.00026939
4372,4.92979e-05
4373,-0.000219273
4374,-0.000345271
4375,-0.000281884
4376,-0.000226391
4377,-0.000333437
4378,-0.000464804
4379,-0.000399224
4380,-0.000170725
4381,1.13607e-05
4382,8.79074e-05
4383,0.000167627
4384,0.000284179
4385,0.000371733
4386,0.000438865
4387,0.000528411
4388,0.000543685
4389,0.000370786
4390,0.000141506
4391,8.86973e-05
4392,0.000151643
4393,4.24353e-05
4394,-0.000269931
4395,-0.000480674
4396,-0.000425894
4397,-0.000298888
4398,-0.000280071
4399,-0.000283491
4400,-0.000211002
4401,-0.00013159
4402,-4.8809e-05
4403,0.00017639
4404,0.000487961
4405,0.000570779
4406,0.000351263
4407,0.000206467
4408,0.000392529
4409,0.000609182
4410,0.000470811
4411,9.77299e-05
4412,-0.000139536
4413,-0.000188194
4414,-0.000225409
4415,-0.000255717
4416,-0.000219924
4417,-0.000274126
4418,-0.000508134
4419,-0.000600027
4420,-0.000246355
4421,0.000244571
4422,0.000327737
4423,5.95308e-05
4424,-7.14974e-06
4425,0.000304677
4426,0.000610861
4427,0.000642973
4428,0.000531574
4429,0.000378746
4430,0.000124942
4431,-8.52291e-05
4432,1.15862e-05
4433,0.000232503
4434,6.32071e-05
4435,-0.000495811
4436,-0.000798931
4437,-0.000505845
4438,-7.68505e-05
4439,-2.01484e-05
4440,-0.000198745
4441,-0.000238546
4442,-0.000111932
4443,7.14097e-05
4444,0.000372349
4445,0.0007087
4446,0.000699299
4447,0.000273085
4448,-7.91761e-06
4449,0.000267868
4450,0.000663325
4451,0.00052433
4452,-4.67534e-05
4453,-0.00043249
4454,-0.000421517
4455,-0.000290545
4456,-0.000206018
4457,-0.000148384
4458,-0.000237595
4459,-0.000524204
4460,-0.000618561
4461,-0.000156694
4462,0.000486161
4463,0.000598876
4464,0.00018556
4465,-4.8437e-05
4466,0.000240775
4467,0.000645057
4468,0.000736899
4469,0.000556655
4470,0.000261619
4471,-9.74709e-05
4472,-0.000310614
4473,-0.000123635
4474,0.000207078
4475,7.46712e-05
4476,-0.000545974
4477,-0.000921509
4478,-0.00059197
4479,-8.10149e-06
4480,0.000194734
4481,2.77189e-05
4482,-0.000119711
4483,-9.0611e-05
4484,9.83251e-05
4485,0.000476486
4486,0.000860721
4487,0.000803244
4488,0.000247192
4489,-0.000166465
4490,6.54351e-05
4491,0.000531152
4492,0.000490867
4493,-7.32847e-05
4494,-0.000554602
4495,-0.000620005
4496,-0.000440273
4497,-0.000214628
4498,-3.65391e-05
4499,-9.02618e-05
4500,-0.000412514
4501,-0.000564957
4502,-0.000121146
4503,0.000586302
4504,0.000796955
4505,0.000390476
4506,2.68137e-05
4507,0.000164206
4508,0.000524559
4509,0.000663367
4510,0.000517298
4511,0.00020613
4512,-0.000193941
4513,-0.000467162
4514,-0.000336805
4515,2.91836e-05
4516,5.48057e-05
4517,-0.000424089
4518,-0.000820667
4519,-0.000603582
4520,-3.30323e-05
4521,0.000283941
4522,0.000217148
4523,8.22435e-05
4524,8.15516e-05
4525,0.000204388
4526,0.000452931
4527,0.000740409
4528,0.000752517
4529,0.000338795
4530,-0.000109292
4531,-0.000107071
4532,0.000209384
4533,0.000265787
4534,-0.000117208
4535,-0.000530185
4536,-0.000615055
4537,-0.000455193
4538,-0.000266438
4539,-0.000114878
4540,-4.94792e-05
4541,-0.000134683
4542,-0.000214333
4543,3.28147e-06
4544,0.000466314
4545,0.000723609
4546,0.000538183
4547,0.000236762
4548,0.000217817
4549,0.000403435
4550,0.000453201
4551,0.000276749
4552,3.26624e-05
4553,-0.00018836
4554,-0.000369551
4555,-0.000410077
4556,-0.00027315
4557,-0.000174881
4558,-0.000312975
4559,-0.000499689
4560,-0.000390207
4561,-1.54777e-05
4562,0.000254083
4563,0.000259134
4564,0.000217606
4565,0.000309088
4566,0.000436052
4567,0.000482633
4568,0.000491905
4569,0.000468819
4570,0.000304554
4571,3.67676e-05
4572,-9.99025e-05
4573,-4.55234e-05
4574,-5.84873e-05
4575,-0.000295891
4576,-0.00052378
4577,-0.000482507
4578,-0.000290816
4579,-0.000209019
4580,-0.000214948
4581,-0.000122179
4582,5.48943e-05
4583,0.000175961
4584,0.000272337
4585,0.000440508
4586,0.000559859
4587,0.000463638
4588,0.000292966
4589,0.000309166
4590,0.000422028
4591,0.000304668
4592,-4.54474e-05
4593,-0.000278604
4594,-0.000254878
4595,-0.000215605
4596,-0.000317205
4597,-0.000405548
4598,-0.000371785
4599,-0.000331585
4600,-0.000303639
4601,-0.000111026
4602,0.000217263
4603,0.000353614
4604,0.000206668
4605,0.000145747
4606,0.000411352
4607,0.000688825
4608,0.000606062
4609,0.000304367
4610,0.000136223
4611,0.000107545
4612,2.57256e-05
4613,-7.81066e-05
4614,-0.000104005
4615,-0.000204329
4616,-0.000493456
4617,-0.000668779
4618,-0.000418529
4619,-1.47659e-05
4620,3.59886e-05
4621,-0.00020638
4622,-0.000226041
4623,0.000118569
4624,0.000449125
4625,0.00053094
4626,0.000512288
4627,0.000476509
4628,0.000323457
4629,0.000163148
4630,0.000256246
4631,0.000454606
4632,0.000280949
4633,-0.00027282
4634,-0.000609683
4635,-0.000414658
4636,-0.000112819
4637,-0.000155951
4638,-0.000386483
4639,-0.000448723
4640,-0.000339034
4641,-0.000177594
4642,0.000104148
4643,0.000453524
4644,0.000519763
4645,0.000217885
4646,4.77697e-05
4647,0.000376843
4648,0.000793984
4649,0.000699319
4650,0.000199538
4651,-0.000137579
4652,-0.00014
4653,-7.73041e-05
4654,-8.47439e-05
4655,-0.000114128
4656,-0.00026641
4657,-0.000595576
4658,-0.000744158
4659,-0.000370489
4660,0.000185474
4661,0.000279548
4662,-6.89812e-05
4663,-0.000214896
4664,0.000126487
4665,0.000557503
4666,0.000701249
4667,0.000616895
4668,0.000432773
4669,0.000158665
4670,-2.28684e-05
4671,0.000136822
4672,0.000409762
4673,0.000238544
4674,-0.000389077
4675,-0.000793549
4676,-0.000569147
4677,-0.000135121
4678,-3.5447e-05
4679,-0.000219066
4680,-0.000345892
4681,-0.000316398
4682,-0.000143411
4683,0.000239242
4684,0.000668426
4685,0.000700981
4686,0.000272584
4687,-2.12183e-05
4688,0.00026078
4689,0.000712328
4690,0.000677195
4691,0.000179583
4692,-0.000249483
4693,-0.00036566
4694,-0.000311084
4695,-0.000189169
4696,-6.85436e-05
4697,-0.000179369
4698,-0.000569439
4699,-0.0007702
4700,-0.000362263
4701,0.000297097
4702,0.000490909
4703,0.000163063
4704,-7.13708e-05
4705,0.000133319
4706,0.000498915
4707,0.000695794
4708,0.000687522
4709,0.000474981
4710,6.56291e-05
4711,-0.000240038
4712,-9.51322e-05
4713,0.000264486
4714,0.000200222
4715,-0.000382418
4716,-0.000828479
4717,-0.000668557
4718,-0.000216903
4719,1.10884e-05
4720,-3.10853e-05
4721,-0.000121589
4722,-0.000168649
4723,-9.12503e-05
4724,0.000261533
4725,0.000735204
4726,0.000828652
4727,0.000393562
4728,-1.53121e-05
4729,0.000111432
4730,0.0004984
4731,0.000531722
4732,0.000131917
4733,-0.000285936
4734,-0.000469262
4735,-0.000469663
4736,-0.000333274
4737,-0.00012601
4738,-0.000105078
4739,-0.000392018
4740,-0.000606967
4741,-0.000309455
4742,0.00029434
4743,0.00057771
4744,0.000374405
4745,0.00013636
4746,0.000209871
4747,0.00044455
4748,0.00058237
4749,0.000573058
4750,0.000404009
4751,5.06944e-05
4752,-0.000280184
4753,-0.000272918
4754,-1.4197e-05
4755,1.85452e-05
4756,-0.000347332
4757,-0.000687872
4758,-0.000599746
4759,-0.000240638
4760,1.14151e-06
4761,4.58376e-05
4762,4.78794e-05
4763,7.01677e-05
4764,0.000130876
4765,0.00032927
4766,0.000625576
4767,0.000717462
4768,0.000443821
4769,0.000110368
4770,8.87927e-05
4771,0.000267688
4772,0.0002486
4773,-4.94941e-05
4774,-0.000342684
4775,-0.000447479
4776,-0.000435603
4777,-0.000373743
4778,-0.000255255
4779,-0.00017382
4780,-0.000233309
4781,-0.00028314
4782,-7.11604e-05
4783,0.000319392
4784,0.000519002
4785,0.000409407
4786,0.000279302
4787,0.000353325
4788,0.000488977
4789,0.000474648
4790,0.00033223
4791,0.000163733
4792,-3.42095e-05
4793,-0.000230192
4794,-0.00028442
4795,-0.000201277
4796,-0.000216016
4797,-0.00042628
4798,-0.000569404
4799,-0.000400912
4800,-8.25789e-05
4801,7.11001e-05
4802,5.30889e-05
4803,8.68228e-05
4804,0.000235055
4805,0.000379654
4806,0.000480565
4807,0.000561998
4808,0.000531993
4809,0.000315171
4810,9.12966e-05
4811,8.80958e-05
4812,0.000186935
4813,6.56713e-05
4814,-0.0002827
4815,-0.000517637
4816,-0.000463137
4817,-0.00031308
4818,-0.000261613
4819,-0.000256636
4820,-0.000215091
4821,-0.000168479
4822,-8.03551e-05
4823,0.000170387
4824,0.000490607
4825,0.000572964
4826,0.000362344
4827,0.000210253
4828,0.000356319
4829,0.000554445
4830,0.000464772
4831,0.000147724
4832,-0.000110606
4833,-0.000226778
4834,-0.000281444
4835,-0.000271359
4836,-0.000208561
4837,-0.000265874
4838,-0.000495279
4839,-0.000588964
4840,-0.000281555
4841,0.000170997
4842,0.000306499
4843,0.00012889
4844,5.38951e-05
4845,0.000260028
4846,0.000514418
4847,0.000612774
4848,0.00057677
4849,0.000417928
4850,0.000122975
4851,-0.000106285
4852,-2.76816e-05
4853,0.000176522
4854,5.0899e-05
4855,-0.000425651
4856,-0.000733077
4857,-0.000555907
4858,-0.000198128
4859,-6.09502e-05
4860,-0.000121951
4861,-0.000163489
4862,-0.000128941
4863,2.19777e-06
4864,0.000319762
4865,0.000688487
4866,0.00071744
4867,0.000334532
4868,3.5931e-05
4869,0.000209377
4870,0.000539666
4871,0.000483873
4872,4.83399e-05
4873,-0.000332496
4874,-0.00044709
4875,-0.000401819
4876,-0.000277457
4877,-0.000134898
4878,-0.000180276
4879,-0.000469348
4880,-0.000608727
4881,-0.000229312
4882,0.000372656
4883,0.000569108
4884,0.000289398
4885,6.31557e-05
4886,0.000210713
4887,0.000504038
4888,0.000647316
4889,0.000596597
4890,0.000357417
4891,-4.68619e-05
4892,-0.000339384
4893,-0.000213633
4894,0.00011326
4895,6.58383e-05
4896,-0.000440809
4897,-0.00081456
4898,-0.000627925
4899,-0.000164989
4900,9.55974e-05
4901,8.99377e-05
4902,8.19908e-06
4903,-4.78405e-05
4904,2.71503e-05
4905,0.00037037
4906,0.000798507
4907,0.000824746
4908,0.000344355
4909,-8.16538e-05
4910,2.1867e-05
4911,0.000372089
4912,0.000391019
4913,1.01271e-05
4914,-0.000396238
4915,-0.000590807
4916,-0.000569585
4917,-0.000342017
4918,-4.09046e-05
4919,-9.33955e-06
4920,-0.00033937
4921,-0.000549284
4922,-0.00018302
4923,0.000468094
4924,0.000730378
4925,0.000475023
4926,0.000179251
4927,0.000177423
4928,0.00035594
4929,0.000520578
4930,0.000571117
4931,0.000357161
4932,-0.000146948
4933,-0.000551036
4934,-0.000433134
4935,-1.3905e-05
4936,6.07071e-05
4937,-0.000356589
4938,-0.000722505
4939,-0.000610536
4940,-0.000202686
4941,0.000140363
4942,0.000308272
4943,0.00029714
4944,0.000116711
4945,9.90834e-06
4946,0.000294099
4947,0.000790904
4948,0.000885847
4949,0.000386871
4950,-0.00014054
4951,-0.000168252
4952,0.000108549
4953,0.000192012
4954,-2.58587e-05
4955,-0.000335238
4956,-0.000596088
4957,-0.000694072
4958,-0.000459329
4959,-4.09304e-06
4960,0.000188244
4961,-9.49048e-05
4962,-0.000375612
4963,-0.000127039
4964,0.000452454
4965,0.000757052
4966,0.000617102
4967,0.000355584
4968,0.000209101
4969,0.000173419
4970,0.000259
4971,0.000416145
4972,0.000342555
4973,-0.000143395
4974,-0.000648155
4975,-0.000628476
4976,-0.000197977
4977,1.09571e-05
4978,-0.000236263
4979,-0.000523626
4980,-0.000474231
4981,-0.000178275
4982,0.000142614
4983,0.000407776
4984,0.00050773
4985,0.000333102
4986,0.000105706
4987,0.000225291
4988,0.000631291
4989,0.000768391
4990,0.000377385
4991,-0.000120921
4992,-0.000260322
4993,-0.000127958
4994,-6.3457e-05
4995,-0.000148997
4996,-0.000295875
4997,-0.000488733
4998,-0.000632363
4999,-0.000478978
