0,0
1,0
2,0
3,0
4,0
5,0
6,0
7,0
8,0
9,0
10,0
11,0
12,0
13,0
14,0
15,0
16,0
17,0
18,0
19,0
20,0
21,0
22,0
23,0
24,0
25,0
26,0
27,0
28,0
29,0
30,0
31,0
32,0
33,0
34,0
35,0
36,0
37,0
38,0
39,0
40,0
41,0
42,0
43,0
44,0
45,0
46,0
47,0
48,0
49,0
50,0
51,0
52,0
53,0
54,0
55,0
56,0
57,0
58,0
59,0
60,0
61,0
62,0
63,0
64,0
65,0
66,0
67,0
68,0
69,0
70,0
71,0
72,0
73,0
74,0
75,0
76,0
77,0
78,0
79,0
80,0
81,0
82,0
83,0
84,0
85,0
86,0
87,0
88,0
89,0
90,0
91,0
92,0
93,0
94,0
95,0
96,0
97,0
98,0
99,0
100,0
101,0
102,0
103,0
104,0
105,0
106,0
107,0
108,0
109,0
110,0
111,0
112,0
113,0
114,0
115,0
116,0
117,0
118,0
119,0
120,0
121,0
122,0
123,0
124,0
125,0
126,0
127,0
128,0
129,0
130,0
131,0
132,0
133,0
134,0
135,0
136,0
137,0
138,0
139,0
140,0
141,0
142,0
143,0
144,0
145,0
146,0
147,0
148,0
149,0
150,0
151,0
152,0
153,0
154,0
155,0
156,0
157,0
158,0
159,0
160,0
161,0
162,0
163,0
164,0
165,0
166,0
167,0
168,0
169,0
170,0
171,0
172,0
173,0
174,0
175,0
176,0
177,0
178,0
179,0
180,0
181,0
182,0
183,0
184,0
185,0
186,0
187,0
188,0
189,0
190,0
191,0
192,0
193,0
194,0
195,0
196,0
197,0
198,0
199,0
200,0
201,0
202,0
203,0
204,0
205,0
206,0
207,0
208,0
209,0
210,0
211,0
212,0
213,0
214,0
215,0
216,0
217,0
218,0
219,0
220,0
221,0
222,0
223,0
224,0
225,0
226,0
227,0
228,0
229,0
230,0
231,0
232,0
233,0
234,0
235,0
236,0
237,0
238,0
239,0
240,0
241,0
242,0
243,0
244,0
245,0
246,0
247,0
248,0
249,0
250,0
251,0
252,0
253,0
254,0
255,0
256,0
257,0
258,0
259,0
260,0
261,0
262,0
263,0
264,0
265,0
266,0
267,0
268,0
269,0
270,0
271,0
272,0
273,0
274,0
275,0
276,0
277,0
278,0
279,0
280,0
281,0
282,0
283,0
284,0
285,0
286,0
287,0
288,0
289,0
290,0
291,0
292,0
293,0
294,0
295,0
296,0
297,0
298,0
299,0
300,0
301,0
302,0
303,0
304,0
305,0
306,0
307,0
308,0
309,0
310,0
311,0
312,0
313,0
314,0
315,0
316,0
317,0
318,0
319,0
320,0
321,0
322,0
323,0
324,0
325,0
326,0
327,0
328,0
329,0
330,0
331,0
332,0
333,0
334,0
335,0
336,0
337,0
338,0
339,0
340,0
341,0
342,0
343,0
344,0
345,0
346,0
347,0
348,0
349,0
350,0
351,0
352,0
353,0
354,0
355,0
356,0
357,0
358,0
359,0
360,0
361,0
362,0
363,0
364,0
365,0
366,0
367,0
368,0
369,0
370,0
371,0
372,0
373,0
374,0
375,0
376,0
377,0
378,0
379,0
380,0
381,0
382,0
383,0
384,0
385,0
386,0
387,0
388,1.94377e-233
389,7.57882e-231
390,1.6585e-228
391,2.62965e-226
392,3.30292e-224
393,3.43726e-222
394,3.0502e-220
395,2.35698e-218
396,1.61195e-216
397,9.88463e-215
398,5.49261e-213
399,2.79009e-211
400,1.30521e-209
401,5.65833e-208
402,2.28554e-206
403,8.64207e-205
404,3.07159e-203
405,1.02992e-201
406,3.26848e-200
407,9.84569e-199
408,2.82254e-197
409,7.71888e-196
410,2.018e-194
411,5.05353e-193
412,1.21438e-191
413,2.80494e-190
414,6.23681e-189
415,1.33686e-187
416,2.76609e-186
417,5.5314e-185
418,1.07025e-183
419,2.00578e-182
420,3.64471e-181
421,6.42734e-180
422,1.10096e-178
423,1.83335e-177
424,2.97027e-176
425,4.68537e-175
426,7.20104e-174
427,1.07905e-172
428,1.57744e-171
429,2.2511e-170
430,3.13774e-169
431,4.27421e-168
432,5.69293e-167
433,7.41781e-166
434,9.45979e-165
435,1.18127e-163
436,1.44502e-162
437,1.73234e-161
438,2.03611e-160
439,2.34719e-159
440,2.65481e-158
441,2.94723e-157
442,3.21247e-156
443,3.43915e-155
444,3.61735e-154
445,3.73931e-153
446,3.79998e-152
447,3.79741e-151
448,3.73276e-150
449,3.61014e-149
450,3.43626e-148
451,3.21976e-147
452,2.97058e-146
453,2.69927e-145
454,2.4162e-144
455,2.1311e-143
456,1.85246e-142
457,1.5873e-141
458,1.34099e-140
459,1.1172e-139
460,9.18043e-139
461,7.44219e-138
462,5.95284e-137
463,4.69904e-136
464,3.66127e-135
465,2.81621e-134
466,2.13885e-133
467,1.60415e-132
468,1.18831e-131
469,8.69559e-131
470,6.28661e-130
471,4.49103e-129
472,3.17064e-128
473,2.21249e-127
474,1.52618e-126
475,1.04083e-125
476,7.01867e-125
477,4.68046e-124
478,3.08697e-123
479,2.01391e-122
480,1.29975e-121
481,8.29937e-121
482,5.24374e-120
483,3.27866e-119
484,2.02888e-118
485,1.24271e-117
486,7.53492e-117
487,4.523e-116
488,2.68817e-115
489,1.58202e-114
490,9.22e-114
491,5.32177e-113
492,3.04247e-112
493,1.72298e-111
494,9.66614e-111
495,5.37261e-110
496,2.95878e-109
497,1.61462e-108
498,8.73157e-108
499,4.67966e-107
500,2.48582e-106
501,1.30885e-105
502,6.83143e-105
503,3.53478e-104
504,1.81332e-103
505,9.22317e-103
506,4.65166e-102
507,2.32642e-101
508,1.15385e-100
509,5.67573e-100
510,2.76905e-99
511,1.34e-98
512,6.4324e-98
513,3.06309e-97
514,1.44708e-96
515,6.7826e-96
516,3.15425e-95
517,1.45552e-94
518,6.66475e-94
519,3.02845e-93
520,1.36569e-92
521,6.1122e-92
522,2.71509e-91
523,1.1971e-90
524,5.2392e-90
525,2.27616e-89
526,9.81679e-89
527,4.20324e-88
528,1.78677e-87
529,7.54121e-87
530,3.16027e-86
531,1.31503e-85
532,5.43374e-85
533,2.22961e-84
534,9.08545e-84
535,3.6768e-83
536,1.4778e-82
537,5.89937e-82
538,2.33913e-81
539,9.21257e-81
540,3.60414e-80
541,1.40066e-79
542,5.40747e-79
543,2.07395e-78
544,7.90251e-78
545,2.99163e-77
546,1.12523e-76
547,4.20519e-76
548,1.56154e-75
549,5.76179e-75
550,2.11259e-74
551,7.69735e-74
552,2.78708e-73
553,1.00289e-72
554,3.58648e-72
555,1.2747e-71
556,4.50282e-71
557,1.58093e-70
558,5.51701e-70
559,1.9137e-69
560,6.59831e-69
561,2.26149e-68
562,7.70498e-68
563,2.60961e-67
564,8.78658e-67
565,2.94114e-66
566,9.78754e-66
567,3.23822e-65
568,1.06519e-64
569,3.48371e-64
570,1.13284e-63
571,3.66279e-63
572,1.17757e-62
573,3.76444e-62
574,1.19665e-61
575,3.78263e-61
576,1.18903e-60
577,3.71684e-60
578,1.15544e-59
579,3.57206e-59
580,1.09825e-58
581,3.3582e-58
582,1.02127e-57
583,3.08896e-57
584,9.29248e-57
585,2.7804e-56
586,8.27463e-56
587,2.44942e-55
588,7.21209e-55
589,2.11227e-54
590,6.15369e-54
591,1.78332e-53
592,5.1409e-53
593,1.47425e-52
594,4.20565e-52
595,1.19353e-51
596,3.36961e-51
597,9.4641e-51
598,2.64447e-50
599,7.35133e-50
600,2.03314e-49
601,5.59437e-49
602,1.53152e-48
603,4.17146e-48
604,1.13046e-47
605,3.04812e-47
606,8.17753e-47
607,2.18289e-46
608,5.79789e-46
609,1.53228e-45
610,4.02947e-45
611,1.05439e-44
612,2.74539e-44
613,7.11316e-44
614,1.83393e-43
615,4.7051e-43
616,1.20123e-42
617,3.05184e-42
618,7.71578e-42
619,1.94126e-41
620,4.8605e-41
621,1.21108e-40
622,3.00309e-40
623,7.41086e-40
624,1.82003e-39
625,4.44841e-39
626,1.08206e-38
627,2.61949e-38
628,6.3112e-38
629,1.51334e-37
630,3.61159e-37
631,8.57823e-37
632,2.02787e-36
633,4.7712e-36
634,1.11729e-35
635,2.60408e-35
636,6.04088e-35
637,1.39478e-34
638,3.20532e-34
639,7.33168e-34
640,1.66918e-33
641,3.78245e-33
642,8.53132e-33
643,1.91529e-32
644,4.27989e-32
645,9.51941e-32
646,2.10751e-31
647,4.64424e-31
648,1.0187e-30
649,2.22416e-30
650,4.83367e-30
651,1.04563e-29
652,2.25152e-29
653,4.82576e-29
654,1.02956e-28
655,2.18644e-28
656,4.6219e-28
657,9.72531e-28
658,2.03698e-27
659,4.24689e-27
660,8.81368e-27
661,1.82073e-26
662,3.74401e-26
663,7.66357e-26
664,1.56145e-25
665,3.16686e-25
666,6.3934e-25
667,1.28481e-24
668,2.57008e-24
669,5.11748e-24
670,1.0143e-23
671,2.00115e-23
672,3.92998e-23
673,7.68244e-23
674,1.49488e-22
675,2.89539e-22
676,5.58218e-22
677,1.07125e-21
678,2.04631e-21
679,3.8908e-21
680,7.36365e-21
681,1.38717e-20
682,2.60106e-20
683,4.85455e-20
684,9.01826e-20
685,1.66751e-19
686,3.06892e-19
687,5.6217e-19
688,1.02497e-18
689,1.86001e-18
690,3.35948e-18
691,6.0392e-18
692,1.08052e-17
693,1.92409e-17
694,3.41e-17
695,6.0147e-17
696,1.05584e-16
697,1.84459e-16
698,3.20713e-16
699,5.54932e-16
700,9.55569e-16
701,1.63749e-15
702,2.79241e-15
703,4.73869e-15
704,8.00218e-15
705,1.34468e-14
706,2.24846e-14
707,3.74105e-14
708,6.19352e-14
709,1.02025e-13
710,1.67221e-13
711,2.72695e-13
712,4.42443e-13
713,7.14198e-13
714,1.14696e-12
715,1.83246e-12
716,2.91248e-12
717,4.60491e-12
718,7.24258e-12
719,1.13309e-11
720,1.76327e-11
721,2.72922e-11
722,4.20154e-11
723,6.43293e-11
724,9.79536e-11
725,1.48328e-10
726,2.23356e-10
727,3.34442e-10
728,4.97929e-10
729,7.37081e-10
730,1.08477e-09
731,1.58712e-09
732,2.30833e-09
733,3.33716e-09
734,4.79527e-09
735,6.84813e-09
736,9.71893e-09
737,1.37061e-08
738,1.92052e-08
739,2.67357e-08
740,3.69728e-08
741,5.07862e-08
742,6.92832e-08
743,9.38583e-08
744,1.26247e-07
745,1.6858e-07
746,2.23438e-07
747,2.93899e-07
748,3.83573e-07
749,4.96609e-07
750,6.37674e-07
751,8.11879e-07
752,1.02464e-06
753,1.28146e-06
754,1.58761e-06
755,1.94769e-06
756,2.36505e-06
757,2.84112e-06
758,3.37457e-06
759,3.96038e-06
760,4.58885e-06
761,5.24463e-06
762,5.90584e-06
763,6.54339e-06
764,7.12075e-06
765,7.59418e-06
766,7.91382e-06
767,8.0256e-06
768,7.87429e-06
769,7.40771e-06
770,6.58212e-06
771,5.3686e-06
772,3.76026e-06
773,1.77962e-06
774,-5.14465e-07
775,-3.02125e-06
776,-5.59502e-06
777,-8.04561e-06
778,-1.01438e-05
779,-1.16322e-05
780,-1.22431e-05
781,-1.17219e-05
782,-9.85647e-06
783,-6.51092e-06
784,-1.65961e-06
785,4.58088e-06
786,1.19274e-05
787,1.9918e-05
788,2.7918e-05
789,3.51474e-05
790,4.0733e-05
791,4.37859e-05
792,4.35006e-05
793,3.92691e-05
794,3.07987e-05
795,1.82194e-05
796,2.16391e-06
797,-1.61991e-05
798,-3.51924e-05
799,-5.27318e-05
800,-6.65044e-05
801,-7.42184e-05
802,-7.39049e-05
803,-6.42417e-05
804,-4.48574e-05
805,-1.65666e-05
806,1.85128e-05
807,5.70041e-05
808,9.45048e-05
809,0.000126015
810,0.000146537
811,0.000151782
812,0.000138912
813,0.00010719
814,5.84317e-05
815,-2.85244e-06
816,-6.9712e-05
817,-0.000133428
818,-0.000184574
819,-0.000214355
820,-0.000216059
821,-0.000186383
822,-0.00012641
823,-4.19958e-05
824,5.65695e-05
825,0.000155695
826,0.000240322
827,0.000296244
828,0.00031256
829,0.00028385
830,0.000211636
831,0.000104779
832,-2.13976e-05
833,-0.000147237
834,-0.000251884
835,-0.000316936
836,-0.000329959
837,-0.000287181
838,-0.00019475
839,-6.81625e-05
840,7.01938e-05
841,0.000195041
842,0.000283075
843,0.000317748
844,0.000292939
845,0.000214642
846,0.000100144
847,-2.53167e-05
848,-0.000133855
849,-0.000201145
850,-0.000212161
851,-0.000165073
852,-7.22339e-05
853,4.2196e-05
854,0.000147679
855,0.000214669
856,0.000222238
857,0.000164066
858,5.11221e-05
859,-8.99239e-05
860,-0.00022251
861,-0.000309061
862,-0.000320881
863,-0.000246528
864,-9.63234e-05
865,9.85303e-05
866,0.000292477
867,0.000436489
868,0.000490741
869,0.000435804
870,0.000279181
871,5.50532e-05
872,-0.000183224
873,-0.000376333
874,-0.000474655
875,-0.000452175
876,-0.000314606
877,-9.90385e-05
878,0.000135299
879,0.000323085
880,0.000411485
881,0.000375979
882,0.000228587
883,1.55797e-05
884,-0.000195269
885,-0.000334643
886,-0.000353188
887,-0.000238024
888,-1.88067e-05
889,0.000239216
890,0.000453827
891,0.000551006
892,0.000489102
893,0.000274226
894,-3.8625e-05
895,-0.000360014
896,-0.000592429
897,-0.000660815
898,-0.000537636
899,-0.000253986
900,0.000107687
901,0.000437934
902,0.000634627
903,0.000636457
904,0.000444378
905,0.000123216
906,-0.000218117
907,-0.00046216
908,-0.000522818
909,-0.000376163
910,-7.10055e-05
911,0.000285463
912,0.000563181
913,0.000654475
914,0.000513551
915,0.000175915
916,-0.000250275
917,-0.000619264
918,-0.000797983
919,-0.00071422
920,-0.000385205
921,8.47353e-05
922,0.000538077
923,0.000818715
924,0.000828263
925,0.000563443
926,0.00011995
927,-0.000340065
928,-0.000646312
929,-0.000683712
930,-0.000437161
931,-2.41121e-08
932,0.000458341
933,0.000755304
934,0.000765102
935,0.00046969
936,-3.01673e-05
937,-0.000549508
938,-0.000887931
939,-0.000907038
940,-0.000586622
941,-3.66527e-05
942,0.00054136
943,0.000930338
944,0.000982227
945,0.000677898
946,0.000137589
947,-0.000424011
948,-0.00078183
949,-0.000790995
950,-0.000447347
951,0.000107729
952,0.00064202
953,0.000926192
954,0.000829139
955,0.000375528
956,-0.000259649
957,-0.000819386
958,-0.00106939
959,-0.000896573
960,-0.000359736
961,0.000330471
962,0.000896044
963,0.0011068
964,0.000878247
965,0.00030986
966,-0.000354165
967,-0.000827143
968,-0.000902727
969,-0.000545781
970,8.90152e-05
971,0.000720959
972,0.0010639
973,0.000952314
974,0.000417498
975,-0.000321025
976,-0.000947586
977,-0.00118739
978,-0.000928835
979,-0.000276378
980,0.000491605
981,0.00104337
982,0.0011407
983,0.000746661
984,4.46983e-05
985,-0.000641641
986,-0.000994061
987,-0.000845167
988,-0.00025776
989,0.000500124
990,0.00107528
991,0.00119131
992,0.000778385
993,9.99919e-06
994,-0.000772615
995,-0.00121561
996,-0.00111654
997,-0.000520606
998,0.000297258
999,0.000958504
1000,0.00115774
1001,0.000807553
1002,8.20369e-05
1003,-0.000663636
1004,-0.00106145
1005,-0.000907671
1006,-0.00026386
1007,0.000568336
1008,0.00118898
1009,0.00129186
1010,0.000814583
1011,-2.6992e-05
1012,-0.000839064
1013,-0.00123844
1014,-0.00103886
1015,-0.000343691
1016,0.000502111
1017,0.00107952
1018,0.00110179
1019,0.000557973
1020,-0.000278516
1021,-0.000983066
1022,-0.00119058
1023,-0.000779774
1024,6.18437e-05
1025,0.000926938
1026,0.0013893
1027,0.00121739
1028,0.000493046
1029,-0.000426352
1030,-0.00108532
1031,-0.00115955
1032,-0.00062115
1033,0.000245393
1034,0.000986608
1035,0.0012117
1036,0.00079463
1037,-5.77782e-05
1038,-0.00090878
1039,-0.0013149
1040,-0.00105556
1041,-0.000250081
1042,0.000700136
1043,0.00131665
1044,0.00129117
1045,0.000646468
1046,-0.000274152
1047,-0.000985269
1048,-0.00111364
1049,-0.000595332
1050,0.000288976
1051,0.00106095
1052,0.0012978
1053,0.000858257
1054,-3.91388e-05
1055,-0.000929026
1056,-0.001345
1057,-0.00106821
1058,-0.000245532
1059,0.000687283
1060,0.00123804
1061,0.0011222
1062,0.000416355
1063,-0.000482889
1064,-0.00107386
1065,-0.00102321
1066,-0.000349317
1067,0.000585338
1068,0.00127015
1069,0.00132521
1070,0.000710585
1071,-0.000249364
1072,-0.00104172
1073,-0.00124546
1074,-0.000762734
1075,0.000127284
1076,0.000922903
1077,0.00117846
1078,0.000752718
1079,-0.000111515
1080,-0.000922182
1081,-0.00121318
1082,-0.000806675
1083,8.4816e-05
1084,0.000975206
1085,0.0013762
1086,0.00107133
1087,0.000238035
1088,-0.000652227
1089,-0.00110037
1090,-0.000862399
1091,-8.77328e-05
1092,0.000766324
1093,0.00119634
1094,0.000941921
1095,0.000136734
1096,-0.000766084
1097,-0.00125261
1098,-0.00104316
1099,-0.00025383
1100,0.000669284
1101,0.00120636
1102,0.0010633
1103,0.000340996
1104,-0.000524317
1105,-0.00101587
1106,-0.000838601
1107,-9.24881e-05
1108,0.000784883
1109,0.0012741
1110,0.00107888
1111,0.000301288
1112,-0.00061641
1113,-0.00115027
1114,-0.00100197
1115,-0.000273736
1116,0.000592969
1117,0.0010796
1118,0.000898625
1119,0.000164689
1120,-0.000673726
1121,-0.00110223
1122,-0.000848927
1123,-4.88911e-05
1124,0.000834422
1125,0.00128498
1126,0.00104254
1127,0.000258535
1128,-0.000594974
1129,-0.00100931
1130,-0.000745559
1131,2.16629e-05
1132,0.000810698
1133,0.00112588
1134,0.000759949
1135,-7.8015e-05
1136,-0.000887803
1137,-0.00118132
1138,-0.000779686
1139,7.70954e-05
1140,0.000875795
1141,0.00114266
1142,0.000732306
1143,-8.43934e-05
1144,-0.000788045
1145,-0.000931565
1146,-0.000416926
1147,0.000443104
1148,0.00111716
1149,0.00118349
1150,0.000591484
1151,-0.000305708
1152,-0.00096854
1153,-0.00100427
1154,-0.000409353
1155,0.000429944
1156,0.000979508
1157,0.000891516
1158,0.000222119
1159,-0.000603721
1160,-0.0010588
1161,-0.000845022
1162,-8.15999e-05
1163,0.000768461
1164,0.00118804
1165,0.00092985
1166,0.000170631
1167,-0.000601827
1168,-0.000897774
1169,-0.000535367
1170,0.000244935
1171,0.000934165
1172,0.00107945
1173,0.000573168
1174,-0.000277494
1175,-0.000945213
1176,-0.00101769
1177,-0.000459525
1178,0.000366499
1179,0.000932507
1180,0.000883753
1181,0.000265173
1182,-0.000509182
1183,-0.000924212
1184,-0.000696806
1185,4.08016e-05
1186,0.000825753
1187,0.00116282
1188,0.000843535
1189,7.97298e-05
1190,-0.000634956
1191,-0.000845775
1192,-0.000431521
1193,0.000318381
1194,0.000894478
1195,0.000901319
1196,0.000316962
1197,-0.000491615
1198,-0.00100741
1199,-0.000900484
1200,-0.000242568
1201,0.000541272
1202,0.000952104
1203,0.000743995
1204,8.32843e-05
1205,-0.000564422
1206,-0.000744805
1207,-0.000317676
1208,0.000448288
1209,0.00105188
1210,0.00109031
1211,0.000525747
1212,-0.000289255
1213,-0.000844347
1214,-0.000807514
1215,-0.000241499
1216,0.000443142
1217,0.000766505
1218,0.000502909
1219,-0.000167053
1220,-0.000777991
1221,-0.000893543
1222,-0.000402115
1223,0.000404241
1224,0.00102145
1225,0.0010676
1226,0.00053569
1227,-0.000204693
1228,-0.000657651
1229,-0.000534495
1230,5.43636e-05
1231,0.000678382
1232,0.000882832
1233,0.000500839
1234,-0.000230487
1235,-0.000829152
1236,-0.000895024
1237,-0.000382345
1238,0.000367613
1239,0.000856649
1240,0.000766592
1241,0.000174084
1242,-0.000503032
1243,-0.000791267
1244,-0.000484261
1245,0.000217408
1246,0.000844624
1247,0.000981227
1248,0.00054808
1249,-0.000145145
1250,-0.000615773
1251,-0.00054278
1252,1.05562e-05
1253,0.000640013
1254,0.000880568
1255,0.000530461
1256,-0.000204733
1257,-0.000848395
1258,-0.000976633
1259,-0.000506975
1260,0.000246775
1261,0.000791055
1262,0.000790548
1263,0.000294018
1264,-0.000307573
1265,-0.000560179
1266,-0.000267651
1267,0.00036969
1268,0.000895787
1269,0.000920558
1270,0.000397345
1271,-0.000338821
1272,-0.000800341
1273,-0.000684598
1274,-8.4496e-05
1275,0.00057546
1276,0.000833603
1277,0.000510954
1278,-0.000166452
1279,-0.000727531
1280,-0.000785612
1281,-0.000306222
1282,0.000373949
1283,0.000788582
1284,0.000671975
1285,0.000144189
1286,-0.000379564
1287,-0.000490288
1288,-8.26014e-05
1289,0.0005642
1290,0.000980621
1291,0.000840383
1292,0.000196656
1293,-0.000547397
1294,-0.000914738
1295,-0.000683594
1296,-3.81069e-05
1297,0.000564963
1298,0.00071824
1299,0.00034625
1300,-0.000250513
1301,-0.000618514
1302,-0.000479605
1303,7.07112e-05
1304,0.000636321
1305,0.000810647
1306,0.00047365
1307,-0.00011936
1308,-0.000522074
1309,-0.000422453
1310,0.000125856
1311,0.000734381
1312,0.000953335
1313,0.000593313
1314,-0.000135086
1315,-0.000764463
1316,-0.000895337
1317,-0.000471441
1318,0.000189348
1319,0.000627808
1320,0.000570552
1321,0.000116342
1322,-0.000349877
1323,-0.000448637
1324,-8.82471e-05
1325,0.000468794
1326,0.000802831
1327,0.00065181
1328,0.000111349
1329,-0.000428812
1330,-0.000567907
1331,-0.000190937
1332,0.000438764
1333,0.000861895
1334,0.000751246
1335,0.000149228
1336,-0.000557191
1337,-0.000906918
1338,-0.00068639
1339,-7.21639e-05
1340,0.000505153
1341,0.000673252
1342,0.000378427
1343,-9.3214e-05
1344,-0.00034334
1345,-0.000165057
1346,0.000303779
1347,0.000690115
1348,0.000674054
1349,0.000238476
1350,-0.000309057
1351,-0.000561445
1352,-0.000318554
1353,0.000253701
1354,0.000733734
1355,0.000747669
1356,0.000245207
1357,-0.000454986
1358,-0.000886144
1359,-0.000761816
1360,-0.000174626
1361,0.000476702
1362,0.000775595
1363,0.000579219
1364,0.000102756
1365,-0.000258622
1366,-0.000231629
1367,0.00013624
1368,0.000526567
1369,0.0006058
1370,0.000289297
1371,-0.000189195
1372,-0.000456909
1373,-0.000293972
1374,0.000186414
1375,0.000611274
1376,0.00062462
1377,0.000161718
1378,-0.00048654
1379,-0.000872067
1380,-0.000709042
1381,-8.2196e-05
1382,0.000608366
1383,0.000927168
1384,0.000706348
1385,0.000153034
1386,-0.000314305
1387,-0.000376164
1388,-3.66312e-05
1389,0.000402349
1390,0.000588406
1391,0.000390421
1392,-1.44926e-05
1393,-0.000296566
1394,-0.000240576
1395,8.48711e-05
1396,0.000382566
1397,0.000361854
1398,-2.29014e-05
1399,-0.000512414
1400,-0.000719035
1401,-0.000422689
1402,0.000236415
1403,0.000833314
1404,0.00096453
1405,0.000552114
1406,-9.87625e-05
1407,-0.00053294
1408,-0.00047572
1409,-5.8472e-06
1410,0.000531823
1411,0.000775145
1412,0.000575134
1413,7.94327e-05
1414,-0.000369303
1415,-0.000471739
1416,-0.000203267
1417,0.000153668
1418,0.000250922
1419,4.62375e-06
1420,-0.000312089
1421,-0.000336472
1422,1.75719e-05
1423,0.000478693
1424,0.000691571
1425,0.000527342
1426,0.000127245
1427,-0.000266279
1428,-0.000440042
1429,-0.000246634
1430,0.000299894
1431,0.0008844
1432,0.000998926
1433,0.000404801
1434,-0.000500333
1435,-0.000962652
1436,-0.000631742
1437,6.68672e-05
1438,0.000442297
1439,0.000317321
1440,9.19607e-05
1441,7.8307e-05
1442,0.000100349
1443,-7.63883e-05
1444,-0.000215605
1445,8.11725e-05
1446,0.000613852
1447,0.00064625
1448,-3.91297e-05
1449,-0.00058769
1450,-9.4877e-05
1451,0.00100501
1452,0.0012638
1453,0.000122899
1454,-0.00116603
1455,-0.00109078
1456,8.66232e-05
1457,0.000716776
1458,0.000137087
1459,-0.00040604
1460,0.000233923
1461,0.00111631
1462,0.000479045
1463,-0.00132779
1464,-0.00178946
1465,0.000263484
1466,0.00249593
1467,0.00191187
1468,-0.00083864
1469,-0.00201714
1470,1.42938e-05
1471,0.00225351
1472,0.00123593
1473,-0.00176172
1474,-0.0022926
1475,0.000697875
1476,0.00291624
1477,0.000834832
1478,-0.0027511
1479,-0.00238594
1480,0.00184133
1481,0.00376875
1482,7.42033e-06
1483,-0.00443262
1484,-0.00277759
1485,0.0033989
1486,0.00561549
1487,0.000448505
1488,-0.00502806
1489,-0.00301216
1490,0.0035584
1491,0.0048991
1492,-0.00124587
1493,-0.00576835
1494,-0.00139701
1495,0.00596347
1496,0.00516903
1497,-0.0035697
1498,-0.00799027
1499,-0.00124328
1500,0.00749269
1501,0.00563571
1502,-0.00438201
1503,-0.00803122
1504,0.000335438
1505,0.00879151
1506,0.00484895
1507,-0.00608482
1508,-0.00813387
1509,0.00190041
1510,0.00950442
1511,0.00347957
1512,-0.00746382
1513,-0.0072189
1514,0.00401441
1515,0.00970391
1516,0.00111441
1517,-0.00963184
1518,-0.00695941
1519,0.00551119
1520,0.0101395
1521,0.000694579
1522,-0.00899122
1523,-0.00535317
1524,0.00561482
1525,0.00785196
1526,-0.00125075
1527,-0.00780233
1528,-0.0023056
1529,0.0068326
1530,0.00630675
1531,-0.00275092
1532,-0.00726187
1533,-0.00149838
1534,0.00556478
1535,0.00422063
1536,-0.00249969
1537,-0.00472844
1538,-0.000306733
1539,0.00359544
1540,0.00200133
1541,-0.00162834
1542,-0.00213906
1543,-7.24265e-05
1544,0.000999463
1545,0.00063717
1546,0.000788943
1547,0.00115722
1548,-7.60552e-05
1549,-0.00176776
1550,-0.000794525
1551,0.00209462
1552,0.00221035
1553,-0.00148072
1554,-0.00339383
1555,0.000391582
1556,0.00480443
1557,0.00241794
1558,-0.00455161
1559,-0.00602226
1560,0.00112861
1561,0.00726218
1562,0.00341998
1563,-0.0051231
1564,-0.0060302
1565,0.00200305
1566,0.00716747
1567,0.00195811
1568,-0.00577698
1569,-0.00462257
1570,0.00354705
1571,0.00670007
1572,0.000536067
1573,-0.00572701
1574,-0.00346334
1575,0.00317469
1576,0.00445053
1577,-0.000596432
1578,-0.00402205
1579,-0.00144368
1580,0.00252527
1581,0.00244815
1582,-0.000369437
1583,-0.00159605
1584,-0.000725749
1585,-5.7982e-05
1586,0.000273065
1587,0.00156548
1588,0.00240506
1589,0.000269477
1590,-0.00296498
1591,-0.00234054
1592,0.00214392
1593,0.00403007
1594,-0.000107964
1595,-0.00441337
1596,-0.00197134
1597,0.00405278
1598,0.00433134
1599,-0.00233545
1600,-0.00631769
1601,-0.00127664
1602,0.00591304
1603,0.00498226
1604,-0.00258229
1605,-0.00584686
1606,-0.000560457
1607,0.00515619
1608,0.00336291
1609,-0.00248385
1610,-0.00378275
1611,0.000435274
1612,0.00343304
1613,0.00156814
1614,-0.00144686
1615,-0.00163104
1616,-0.000240378
1617,0.000100374
1618,6.42199e-05
1619,0.00101632
1620,0.00130212
1621,-0.000707387
1622,-0.00236295
1623,-0.000325273
1624,0.00300541
1625,0.00213471
1626,-0.00239604
1627,-0.00354072
1628,0.00145735
1629,0.00561741
1630,0.00212734
1631,-0.00472349
1632,-0.00511709
1633,0.00171904
1634,0.00608259
1635,0.00202126
1636,-0.00421998
1637,-0.00392518
1638,0.00150105
1639,0.00374385
1640,0.000331238
1641,-0.00281734
1642,-0.00133769
1643,0.00169608
1644,0.00187694
1645,7.77025e-05
1646,-0.000518613
1647,-4.89382e-05
1648,-0.000390577
1649,-0.000657328
1650,0.0009923
1651,0.00262388
1652,0.000784629
1653,-0.00285552
1654,-0.00267644
1655,0.00188439
1656,0.00413123
1657,2.60655e-05
1658,-0.00473413
1659,-0.00271526
1660,0.00362607
1661,0.00506204
1662,-0.000619955
1663,-0.00522165
1664,-0.00236202
1665,0.00343176
1666,0.00411755
1667,-0.000172965
1668,-0.00267753
1669,-0.000711012
1670,0.00157966
1671,0.000944846
1672,-0.000515971
1673,-0.000262246
1674,0.000405978
1675,-0.000209247
1676,-0.000551793
1677,0.000824888
1678,0.00150442
1679,-0.000844302
1680,-0.00317456
1681,-0.000966842
1682,0.00368268
1683,0.00387089
1684,-0.00147206
1685,-0.00487911
1686,-0.00117332
1687,0.00440711
1688,0.00383896
1689,-0.00171902
1690,-0.00399154
1691,-0.000148719
1692,0.00359575
1693,0.00200178
1694,-0.00185922
1695,-0.00243304
1696,1.17237e-05
1697,0.00134226
1698,0.000609746
1699,0.000145533
1700,0.000342049
1701,-0.0005238
1702,-0.00172817
1703,-0.000489607
1704,0.0024177
1705,0.00250283
1706,-0.00111654
1707,-0.00309866
1708,0.000107946
1709,0.00391642
1710,0.00215651
1711,-0.00298596
1712,-0.00377766
1713,0.00120576
1714,0.00469667
1715,0.00169232
1716,-0.00328816
1717,-0.00344486
1718,0.000499392
1719,0.00263964
1720,0.00109145
1721,-0.000674591
1722,-0.000522628
1723,-0.000145684
1724,-0.000517934
1725,2.6963e-05
1726,0.00164833
1727,0.00152283
1728,-0.00103871
1729,-0.0021272
1730,0.000691104
1731,0.00340122
1732,0.00123015
1733,-0.00321549
1734,-0.00318717
1735,0.0016787
1736,0.0042969
1737,0.000812757
1738,-0.00357718
1739,-0.00269313
1740,0.00155165
1741,0.00286836
1742,0.00023351
1743,-0.0017151
1744,-0.000603819
1745,0.000939285
1746,0.000765896
1747,0.000297123
1748,0.000660728
1749,0.000287247
1750,-0.00128627
1751,-0.00125816
1752,0.00157268
1753,0.00327921
1754,0.000368985
1755,-0.0037287
1756,-0.00292291
1757,0.0020317
1758,0.00408155
1759,0.000414948
1760,-0.00336591
1761,-0.00195879
1762,0.00189588
1763,0.00239469
1764,-0.000393486
1765,-0.00167224
1766,5.40535e-05
1767,0.00151335
1768,0.000807658
1769,-0.000109454
1770,0.000113108
1771,-3.57344e-05
1772,-0.00106221
1773,-0.000639246
1774,0.00180949
1775,0.00259935
1776,-0.000580569
1777,-0.00374464
1778,-0.00191684
1779,0.00275352
1780,0.00358228
1781,-0.000552973
1782,-0.00346018
1783,-0.00111714
1784,0.00256349
1785,0.00230558
1786,-0.000701161
1787,-0.0016892
1788,6.10994e-05
1789,0.00127062
1790,0.000693985
1791,0.000225259
1792,0.000427713
1793,-0.000301216
1794,-0.00160242
1795,-0.00079177
1796,0.00195893
1797,0.00249779
1798,-0.000795095
1799,-0.00340859
1800,-0.00120152
1801,0.00278382
1802,0.00267388
1803,-0.00114624
1804,-0.00272862
1805,0.000111794
1806,0.00277641
1807,0.00146059
1808,-0.00132067
1809,-0.00148032
1810,0.000416194
1811,0.00123682
1812,0.000647211
1813,0.000400933
1814,0.000276259
1815,-0.00101408
1816,-0.00202811
1817,-0.000249364
1818,0.00272013
1819,0.00236287
1820,-0.00152169
1821,-0.00351032
1822,-0.000548073
1823,0.00311447
1824,0.00230827
1825,-0.00127766
1826,-0.00213963
1827,0.000485152
1828,0.00218337
1829,0.000766186
1830,-0.000976694
1831,-0.000617266
1832,0.000403554
1833,0.000314452
1834,0.000114071
1835,0.000754093
1836,0.000614977
1837,-0.0012345
1838,-0.00213668
1839,0.000169389
1840,0.00287825
1841,0.00172749
1842,-0.00198925
1843,-0.00280903
1844,0.000540692
1845,0.00310655
1846,0.00137644
1847,-0.00161419
1848,-0.00149377
1849,0.000886985
1850,0.00171248
1851,0.000392036
1852,-0.00056203
1853,-0.000321987
1854,-0.000286232
1855,-0.000486297
1856,0.000455889
1857,0.00170944
1858,0.000678753
1859,-0.00208537
1860,-0.00249725
1861,0.000755924
1862,0.00334129
1863,0.00150781
1864,-0.00204552
1865,-0.00223636
1866,0.000766711
1867,0.00234428
1868,0.000759866
1869,-0.000918468
1870,-0.000408168
1871,0.00065121
1872,0.000410707
1873,-0.00014444
1874,0.000165669
1875,0.000238934
1876,-0.000729548
1877,-0.000953572
1878,0.000784502
1879,0.00203288
1880,0.000202432
1881,-0.00252252
1882,-0.00186758
1883,0.00170177
1884,0.00321518
1885,0.000651037
1886,-0.00213974
1887,-0.00148004
1888,0.000997557
1889,0.00171661
1890,0.000558099
1891,-0.000206108
1892,-0.000140022
1893,-0.000377809
1894,-0.000567201
1895,0.000396038
1896,0.00136615
1897,0.000273128
1898,-0.00176942
1899,-0.00142222
1900,0.0013336
1901,0.00245136
1902,2.52291e-05
1903,-0.00241852
1904,-0.00124313
1905,0.00175726
1906,0.00235927
1907,0.000271761
1908,-0.00118723
1909,-0.000567476
1910,0.00036307
1911,0.000428734
1912,0.000520923
1913,0.000846279
1914,0.000156408
1915,-0.00127825
1916,-0.00115782
1917,0.000874033
1918,0.00179901
1919,-0.000122062
1920,-0.00205941
1921,-0.000824638
1922,0.00188409
1923,0.00198578
1924,-0.000595709
1925,-0.00196154
1926,-0.000351422
1927,0.00163041
1928,0.00153382
1929,0.00029874
1930,-0.000332275
1931,-0.000544386
1932,-0.000799824
1933,-0.000171286
1934,0.00144734
1935,0.00180189
1936,-0.000390893
1937,-0.00247676
1938,-0.00132186
1939,0.00161576
1940,0.00216639
1941,-0.000224713
1942,-0.00181242
1943,-0.000483254
1944,0.00136187
1945,0.00110823
1946,-0.000220723
1947,-0.000427068
1948,0.000238754
1949,0.000366701
1950,0.000225762
1951,0.00066055
1952,0.00075982
1953,-0.000518939
1954,-0.00160644
1955,-0.000350439
1956,0.00190469
1957,0.00170311
1958,-0.00103164
1959,-0.00244072
1960,-0.000532253
1961,0.00185068
1962,0.00155196
1963,-0.000368715
1964,-0.000988367
1965,-6.75287e-05
1966,0.000550116
1967,0.000448728
1968,0.000576116
1969,0.000686686
1970,-0.00014343
1971,-0.000986707
1972,-0.000108668
1973,0.00156562
1974,0.00121875
1975,-0.00116435
1976,-0.00213837
1977,-4.93719e-05
1978,0.00215285
1979,0.00135305
1980,-0.00109072
1981,-0.0017504
1982,-0.00023371
1983,0.00105243
1984,0.00100113
1985,0.000609968
1986,0.000312152
1987,-0.000439121
1988,-0.00100978
1989,-1.1343e-05
1990,0.00173328
1991,0.00159602
1992,-0.000636881
1993,-0.0018439
1994,-0.000269979
1995,0.00160104
1996,0.000938143
1997,-0.00104364
1998,-0.00126938
1999,0.000322756
2000,0.00115489
2001,0.000337547
2002,-0.000474752
2003,-0.00030978
2004,-1.40862e-05
2005,5.36211e-05
2006,0.00065677
2007,0.00142477
2008,0.000723546
2009,-0.00119472
2010,-0.00160645
2011,0.000545813
2012,0.00240449
2013,0.00122977
2014,-0.00137381
2015,-0.00188802
2016,-6.36938e-05
2017,0.00126161
2018,0.000724282
2019,-0.000222174
2020,-0.0003843
2021,-0.000317927
2022,-0.000333514
2023,0.000271387
2024,0.00118976
2025,0.000846942
2026,-0.000717765
2027,-0.00113661
2028,0.000599438
2029,0.00202935
2030,0.000843123
2031,-0.0013431
2032,-0.00139057
2033,0.00056665
2034,0.00160009
2035,0.00056262
2036,-0.000733611
2037,-0.000839835
2038,-0.000382159
2039,-4.6487e-05
2040,0.000537963
2041,0.00112218
2042,0.000493564
2043,-0.00107102
2044,-0.0013124
2045,0.000563093
2046,0.00207661
2047,0.001028
2048,-0.00100629
2049,-0.00108432
2050,0.000601849
2051,0.00135538
2052,0.000318419
2053,-0.000664694
2054,-0.000401048
2055,0.00016351
2056,0.000194162
2057,0.000210051
2058,0.000375593
2059,-0.000127476
2060,-0.00106225
2061,-0.000727669
2062,0.0011006
2063,0.00197965
2064,0.000331871
2065,-0.00171549
2066,-0.00125661
2067,0.00104597
2068,0.00207473
2069,0.000853049
2070,-0.000621341
2071,-0.000814603
2072,-0.000307667
2073,0.000142
2074,0.000689506
2075,0.00101275
2076,0.000173911
2077,-0.00128096
2078,-0.00129123
2079,0.000510086
2080,0.00166748
2081,0.000486655
2082,-0.00121276
2083,-0.000883693
2084,0.000837428
2085,0.00137392
2086,0.000269453
2087,-0.000567889
2088,-0.000180905
2089,0.000414345
2090,0.000494632
2091,0.000530203
2092,0.000537314
2093,-0.000184084
2094,-0.00112946
2095,-0.000673629
2096,0.0010575
2097,0.00163041
2098,-8.42063e-05
2099,-0.00181157
2100,-0.00112931
2101,0.000919106
2102,0.0015767
2103,0.000438728
2104,-0.000564633
2105,-0.000435621
2106,4.11866e-05
2107,0.000348699
2108,0.000785446
2109,0.000981072
2110,0.000138531
2111,-0.000992692
2112,-0.000640817
2113,0.000970964
2114,0.00142059
2115,-0.000191367
2116,-0.00157474
2117,-0.00071212
2118,0.00104085
2119,0.00119306
2120,-0.000145929
2121,-0.000929879
2122,-0.000463173
2123,0.00022732
2124,0.00060286
2125,0.000941557
2126,0.000856022
2127,-0.000235854
2128,-0.00126608
2129,-0.000482566
2130,0.00149707
2131,0.00195949
2132,7.9893e-05
2133,-0.00165446
2134,-0.00109004
2135,0.000617572
2136,0.00114908
2137,0.000349236
2138,-0.000364594
2139,-0.000501378
2140,-0.00046979
2141,-0.000117639
2142,0.000723188
2143,0.00104512
2144,3.91838e-05
2145,-0.000992113
2146,-0.00027055
2147,0.00135595
2148,0.00137617
2149,-0.000370272
2150,-0.00126309
2151,-1.43679e-05
2152,0.00137615
2153,0.000910346
2154,-0.000474569
2155,-0.000853724
2156,-0.000280658
2157,6.91698e-05
2158,0.000188045
2159,0.000607393
2160,0.000662556
2161,-0.000392811
2162,-0.00135236
2163,-0.000478894
2164,0.00144076
2165,0.00183512
2166,0.000169009
2167,-0.00126114
2168,-0.000757477
2169,0.000660371
2170,0.00125551
2171,0.000809366
2172,3.20362e-06
2173,-0.000747121
2174,-0.000921741
2175,3.0392e-05
2176,0.00128535
2177,0.000984837
2178,-0.00087841
2179,-0.00172507
2180,-8.64088e-05
2181,0.00178401
2182,0.001137
2183,-0.000970238
2184,-0.00132253
2185,0.000442276
2186,0.00155682
2187,0.0006869
2188,-0.00037363
2189,-0.00015209
2190,0.000314424
2191,-3.4841e-05
2192,-0.000219817
2193,0.000613209
2194,0.00111217
2195,-5.94586e-05
2196,-0.00152194
2197,-0.00104995
2198,0.000856537
2199,0.00162516
2200,0.000382617
2201,-0.00108748
2202,-0.0011042
2203,4.26791e-05
2204,0.00111709
2205,0.00129858
2206,0.000420648
2207,-0.000814455
2208,-0.000950766
2209,0.000503308
2210,0.00175864
2211,0.000865916
2212,-0.00112348
2213,-0.00132736
2214,0.000551211
2215,0.0015983
2216,0.000236057
2217,-0.00134148
2218,-0.000822227
2219,0.000643659
2220,0.000750677
2221,-0.000120586
2222,-0.000116567
2223,0.000502764
2224,0.000101747
2225,-0.000818237
2226,-0.000182033
2227,0.00164788
2228,0.0017977
2229,-0.000441351
2230,-0.00200895
2231,-0.000623702
2232,0.00172448
2233,0.00184338
2234,-0.000115808
2235,-0.00146402
2236,-0.000980083
2237,0.000177752
2238,0.000795153
2239,0.000741277
2240,0.000162981
2241,-0.000657663
2242,-0.000849214
2243,9.84377e-05
2244,0.00115148
2245,0.000941514
2246,-0.000134706
2247,-0.000522006
2248,8.57206e-05
2249,0.000579358
2250,0.000468508
2251,0.000316126
2252,0.000212208
2253,-0.000297692
2254,-0.000690682
2255,5.50142e-05
2256,0.00118528
2257,0.000697614
2258,-0.00119575
2259,-0.00167257
2260,0.000362493
2261,0.00209499
2262,0.000949854
2263,-0.00132723
2264,-0.00139367
2265,0.000569347
2266,0.00157269
2267,0.000679182
2268,-0.000178033
2269,1.28494e-05
2270,6.86192e-05
2271,-0.000437992
2272,-0.000147626
2273,0.00111375
2274,0.00126376
2275,-0.000536143
2276,-0.00187356
2277,-0.000647988
2278,0.00144805
2279,0.00144297
2280,-0.000428477
2281,-0.00138608
2282,-0.000384007
2283,0.000877008
2284,0.000952
2285,0.000314619
2286,-0.000136418
2287,-0.000258394
2288,-3.18556e-05
2289,0.00060582
2290,0.00100304
2291,0.00036158
2292,-0.000718532
2293,-0.000757074
2294,0.000318628
2295,0.000960008
2296,0.000380096
2297,-0.000453379
2298,-0.000621833
2299,-0.000399781
2300,-7.5459e-05
2301,0.000614306
2302,0.00118357
2303,0.000442119
2304,-0.00117066
2305,-0.00131978
2306,0.00072504
2307,0.00232254
2308,0.00114692
2309,-0.00114521
2310,-0.00139357
2311,0.000315162
2312,0.00124917
2313,0.00052159
2314,-0.000168024
2315,-3.74626e-05
2316,-0.000215667
2317,-0.000846889
2318,-0.000406993
2319,0.00110188
2320,0.00132706
2321,-0.000519209
2322,-0.00174035
2323,-0.000257735
2324,0.00182896
2325,0.00143586
2326,-0.000657533
2327,-0.00122666
2328,0.000302947
2329,0.00140754
2330,0.000722777
2331,-0.000330022
2332,-0.000423493
2333,-9.60096e-05
2334,2.65886e-06
2335,0.000266904
2336,0.000676781
2337,0.000275949
2338,-0.000882998
2339,-0.00115377
2340,0.000174294
2341,0.00142683
2342,0.000939433
2343,-0.000503864
2344,-0.0010132
2345,-0.000225724
2346,0.0007676
2347,0.00116948
2348,0.000866057
2349,-5.4432e-05
2350,-0.000951101
2351,-0.000687626
2352,0.000727135
2353,0.00150802
2354,0.000454388
2355,-0.00106169
2356,-0.00104686
2357,0.000149306
2358,0.000692495
2359,0.000257173
2360,-2.22984e-06
2361,9.84796e-05
2362,-0.000241787
2363,-0.000621168
2364,0.000172449
2365,0.00145625
2366,0.00109615
2367,-0.0007722
2368,-0.00133132
2369,0.000478067
2370,0.0019489
2371,0.000813481
2372,-0.00114841
2373,-0.00109145
2374,0.000453343
2375,0.000955055
2376,0.000125811
2377,-0.00030516
2378,-5.36506e-05
2379,-0.000302321
2380,-0.00074743
2381,8.6143e-05
2382,0.0015409
2383,0.00116743
2384,-0.00100612
2385,-0.00180452
2386,0.000228763
2387,0.00229693
2388,0.00155001
2389,-0.000721307
2390,-0.00141258
2391,-0.000175456
2392,0.000896364
2393,0.000813022
2394,0.000339125
2395,-9.81824e-05
2396,-0.000700017
2397,-0.000905966
2398,1.95402e-05
2399,0.00116844
2400,0.000869147
2401,-0.000592523
2402,-0.00115014
2403,-6.29748e-05
2404,0.00108751
2405,0.000934097
2406,7.37645e-05
2407,-0.000330772
2408,-0.000138747
2409,0.000259246
2410,0.000670978
2411,0.000726222
2412,3.1479e-05
2413,-0.000786448
2414,-0.000523567
2415,0.00061653
2416,0.000966055
2417,-5.5472e-05
2418,-0.000945858
2419,-0.000523175
2420,0.000339814
2421,0.000481227
2422,0.000284419
2423,0.000387001
2424,0.000203967
2425,-0.000585482
2426,-0.000657745
2427,0.000795803
2428,0.00193666
2429,0.000764834
2430,-0.00134215
2431,-0.00138212
2432,0.000602656
2433,0.00164598
2434,0.000546792
2435,-0.000703007
2436,-0.000617646
2437,-0.000208378
2438,-0.000307289
2439,5.37579e-05
2440,0.00109649
2441,0.00100213
2442,-0.000824257
2443,-0.00180172
2444,-1.00498e-05
2445,0.00223766
2446,0.00165992
2447,-0.000827783
2448,-0.00158011
2449,0.00013221
2450,0.00148044
2451,0.000842419
2452,-0.000249128
2453,-0.000358749
2454,-0.000169036
2455,-0.000313729
2456,-2.15121e-05
2457,0.000805806
2458,0.000683418
2459,-0.000758727
2460,-0.0014363
2461,1.43359e-05
2462,0.00169089
2463,0.00117347
2464,-0.000726698
2465,-0.00129035
2466,5.47462e-05
2467,0.00133331
2468,0.00117083
2469,0.000205432
2470,-0.000503777
2471,-0.000636293
2472,-0.000154019
2473,0.00073569
2474,0.00111
2475,0.00023551
2476,-0.00103447
2477,-0.00111209
2478,6.97282e-05
2479,0.000986631
2480,0.000726199
2481,-7.78664e-05
2482,-0.000563208
2483,-0.000539496
2484,1.34913e-06
2485,0.000898238
2486,0.00126279
2487,0.000360018
2488,-0.000856336
2489,-0.000684764
2490,0.000680207
2491,0.00124328
2492,0.000296288
2493,-0.000588354
2494,-0.000306767
2495,0.000159368
2496,-8.21988e-05
2497,-0.000186504
2498,0.000443446
2499,0.000588641
2500,-0.000496742
2501,-0.00113809
2502,0.000121823
2503,0.00159956
2504,0.000910701
2505,-0.000944072
2506,-0.00103286
2507,0.000718121
2508,0.00152985
2509,0.000421009
2510,-0.000553311
2511,-0.000159536
2512,0.000259175
2513,-0.000140216
2514,-8.87376e-05
2515,0.000854836
2516,0.00081631
2517,-0.000936392
2518,-0.00186557
2519,-6.30966e-05
2520,0.00212029
2521,0.0014225
2522,-0.00114286
2523,-0.00185872
2524,9.12877e-06
2525,0.00160999
2526,0.00122056
2527,0.000154883
2528,-0.000255841
2529,-0.000412977
2530,-0.000503091
2531,0.000276892
2532,0.00150591
2533,0.00121905
2534,-0.000831067
2535,-0.0020004
2536,-0.000531283
2537,0.00158015
2538,0.00148363
2539,-0.000417322
2540,-0.00145039
2541,-0.000623841
2542,0.000624869
2543,0.000998763
2544,0.000625585
2545,2.54517e-05
2546,-0.000475251
2547,-0.000378779
2548,0.000489269
2549,0.0011968
2550,0.000703826
2551,-0.000471119
2552,-0.000827678
2553,-2.84173e-05
2554,0.000758146
2555,0.000629703
2556,-8.62332e-05
2557,-0.000651814
2558,-0.000666199
2559,-4.30947e-05
2560,0.000789324
2561,0.000858776
2562,-0.000148793
2563,-0.000986439
2564,-0.000371134
2565,0.000960754
2566,0.00121049
2567,0.00023963
2568,-0.000409559
2569,-0.000110119
2570,0.000198546
2571,0.000106905
2572,0.000344549
2573,0.00082273
2574,0.000321644
2575,-0.00102116
2576,-0.00120587
2577,0.000390152
2578,0.00151612
2579,0.000469951
2580,-0.0010962
2581,-0.000886684
2582,0.000415438
2583,0.000728824
2584,0.000183572
2585,0.000291916
2586,0.000714345
2587,3.3136e-05
2588,-0.000968036
2589,-0.000219227
2590,0.00161171
2591,0.00157154
2592,-0.000651609
2593,-0.00182094
2594,-0.000272673
2595,0.0014662
2596,0.000908724
2597,-0.000639077
2598,-0.000815719
2599,-3.30545e-05
2600,8.70908e-05
2601,-8.09353e-05
2602,0.000547889
2603,0.00100331
2604,-7.90378e-05
2605,-0.00130235
2606,-0.000353989
2607,0.00175717
2608,0.00180555
2609,-0.000457368
2610,-0.00173003
2611,-0.000312766
2612,0.00148171
2613,0.00122088
2614,-0.000252011
2615,-0.000901659
2616,-0.00056913
2617,-0.000151276
2618,0.000323765
2619,0.000911724
2620,0.000665372
2621,-0.000718861
2622,-0.00150687
2623,-0.000216236
2624,0.00172887
2625,0.00174567
2626,-0.000152445
2627,-0.00144068
2628,-0.000678382
2629,0.000903144
2630,0.00149968
2631,0.000790741
2632,-0.00037785
2633,-0.00106713
2634,-0.000712443
2635,0.000444729
2636,0.00120823
2637,0.000608938
2638,-0.000713477
2639,-0.00118931
2640,-0.000350026
2641,0.000731084
2642,0.000987812
2643,0.000426103
2644,-0.000325801
2645,-0.000636594
2646,-0.000116525
2647,0.00088359
2648,0.00121133
2649,0.000296017
2650,-0.000737384
2651,-0.000490234
2652,0.000560503
2653,0.000788999
2654,4.39603e-06
2655,-0.0004454
2656,-9.71671e-05
2657,6.99477e-05
2658,-0.000250721
2659,-0.000115924
2660,0.000559008
2661,0.00047821
2662,-0.000543491
2663,-0.000766319
2664,0.000520825
2665,0.00141234
2666,0.00044686
2667,-0.000809177
2668,-0.000364983
2669,0.000850764
2670,0.000779266
2671,-0.000162364
2672,-0.000148425
2673,0.000516176
2674,0.000108805
2675,-0.000922138
2676,-0.00049713
2677,0.00107372
2678,0.00114202
2679,-0.000704639
2680,-0.00161758
2681,-0.000142101
2682,0.00141761
2683,0.000926634
2684,-0.000321848
2685,-0.000350798
2686,0.000214175
2687,4.9069e-05
2688,-6.15451e-05
2689,0.000884959
2690,0.0014263
2691,-2.69089e-05
2692,-0.00173341
2693,-0.000923981
2694,0.00144594
2695,0.00185241
2696,-0.000265922
2697,-0.00176304
2698,-0.000833749
2699,0.000675515
2700,0.000833314
2701,0.000295147
2702,0.000132538
2703,-0.000134741
2704,-0.000727891
2705,-0.000384053
2706,0.00118077
2707,0.00183735
2708,0.000218928
2709,-0.00158886
2710,-0.000953463
2711,0.00119672
2712,0.00179389
2713,0.000214933
2714,-0.00121676
2715,-0.000935702
2716,0.000144313
2717,0.000694451
2718,0.000591622
2719,0.000125339
2720,-0.000584876
2721,-0.0009278
2722,-0.000145704
2723,0.00116553
2724,0.00134331
2725,1.67079e-05
2726,-0.00112549
2727,-0.00061238
2728,0.000858697
2729,0.00151321
2730,0.000725644
2731,-0.000556788
2732,-0.00106584
2733,-0.00037121
2734,0.000804773
2735,0.00117607
2736,0.000225099
2737,-0.00101796
2738,-0.00110409
2739,-5.27041e-06
2740,0.000932649
2741,0.000813136
2742,6.14099e-05
2743,-0.000519686
2744,-0.000568909
2745,4.30767e-06
2746,0.000936684
2747,0.00128436
2748,0.000364239
2749,-0.000872184
2750,-0.00076149
2751,0.000574903
2752,0.0012201
2753,0.000350513
2754,-0.000612601
2755,-0.000455714
2756,6.25105e-05
2757,-1.49992e-05
2758,-0.000116918
2759,0.000361895
2760,0.000525225
2761,-0.000307846
2762,-0.000869223
2763,5.00299e-05
2764,0.00119791
2765,0.000760335
2766,-0.000474527
2767,-0.000430242
2768,0.000645664
2769,0.000753276
2770,-0.000172896
2771,-0.000261446
2772,0.000647053
2773,0.000614759
2774,-0.000643568
2775,-0.000935951
2776,0.000445497
2777,0.00117832
2778,-9.22583e-05
2779,-0.0012646
2780,-0.000390542
2781,0.00098891
2782,0.000672155
2783,-0.000424501
2784,-0.000241241
2785,0.000635835
2786,0.00037925
2787,-0.000402674
2788,0.000142247
2789,0.00127711
2790,0.000705395
2791,-0.00105215
2792,-0.00110796
2793,0.00082231
2794,0.00167984
2795,8.74024e-05
2796,-0.00146683
2797,-0.000847748
2798,0.000558754
2799,0.000713514
2800,0.000125792
2801,6.74935e-05
2802,4.48048e-05
2803,-0.00059294
2804,-0.000636792
2805,0.000811453
2806,0.00192054
2807,0.000689937
2808,-0.00141001
2809,-0.00134142
2810,0.000784626
2811,0.00192643
2812,0.000757391
2813,-0.000827053
2814,-0.00103665
2815,-0.000336798
2816,0.000268465
2817,0.000701015
2818,0.000788145
2819,-6.9785e-05
2820,-0.00128555
2821,-0.00109922
2822,0.000705928
2823,0.00188655
2824,0.000825836
2825,-0.0010141
2826,-0.0012109
2827,0.000267293
2828,0.00142249
2829,0.00111419
2830,4.19624e-05
2831,-0.000694042
2832,-0.000661683
2833,3.62813e-05
2834,0.000848822
2835,0.000887296
2836,-0.000117655
2837,-0.00112318
2838,-0.000883937
2839,0.000369684
2840,0.00115774
2841,0.000621422
2842,-0.000519573
2843,-0.000945326
2844,-0.000188245
2845,0.000963672
2846,0.00128221
2847,0.000392523
2848,-0.000695469
2849,-0.000683559
2850,0.000367853
2851,0.00109599
2852,0.000666935
2853,-0.000251269
2854,-0.000652936
2855,-0.000432586
2856,1.64876e-05
2857,0.000492174
2858,0.000658072
2859,3.46708e-05
2860,-0.00092663
2861,-0.00085257
2862,0.00050755
2863,0.0014157
2864,0.000576661
2865,-0.000738662
2866,-0.000610442
2867,0.000549308
2868,0.000903946
2869,0.000266829
2870,-1.80064e-06
2871,0.00029988
2872,8.39482e-05
2873,-0.000546437
2874,-0.000260946
2875,0.000772505
2876,0.000744702
2877,-0.000575033
2878,-0.00111018
2879,2.79788e-05
2880,0.000941587
2881,0.000249484
2882,-0.000571311
2883,8.40137e-07
2884,0.000775871
2885,0.000213786
2886,-0.000571413
2887,0.000122976
2888,0.00124491
2889,0.000726859
2890,-0.000708099
2891,-0.000699886
2892,0.000604831
2893,0.000899457
2894,-0.000160461
2895,-0.000580797
2896,0.00015384
2897,0.000307388
2898,-0.000542961
2899,-0.00056985
2900,0.000684333
2901,0.00106346
2902,-0.000345824
2903,-0.00124691
2904,1.82343e-05
2905,0.00150354
2906,0.000931152
2907,-0.000541569
2908,-0.000556366
2909,0.000479738
2910,0.000625499
2911,1.10583e-05
2912,0.00010446
2913,0.000547243
2914,-6.72978e-05
2915,-0.00102883
2916,-0.000425158
2917,0.00113007
2918,0.00105561
2919,-0.000777693
2920,-0.00154287
2921,-4.04055e-05
2922,0.00141688
2923,0.000877809
2924,-0.000394049
2925,-0.000513937
2926,0.000113037
2927,0.000310244
2928,0.000382367
2929,0.0008414
2930,0.000749784
2931,-0.000494295
2932,-0.00129415
2933,-0.000126524
2934,0.00155781
2935,0.00121769
2936,-0.000793517
2937,-0.00170463
2938,-0.000477839
2939,0.00100375
2940,0.0010396
2941,0.00014489
2942,-0.000492712
2943,-0.00062046
2944,-0.000310503
2945,0.000554389
2946,0.00139056
2947,0.00100418
2948,-0.000519579
2949,-0.00132592
2950,-0.000234782
2951,0.00140372
2952,0.00147381
2953,-5.87813e-05
2954,-0.00129143
2955,-0.000960723
2956,0.000268287
2957,0.00099841
2958,0.000656673
2959,-0.000270321
2960,-0.000900784
2961,-0.000656555
2962,0.000286988
2963,0.00106528
2964,0.000892549
2965,-7.67231e-05
2966,-0.000796923
2967,-0.000410689
2968,0.000732901
2969,0.00133515
2970,0.000614398
2971,-0.000641757
2972,-0.000933488
2973,3.25298e-05
2974,0.000933479
2975,0.000633837
2976,-0.000338768
2977,-0.000738272
2978,-0.000340652
2979,0.00014418
2980,0.000358074
2981,0.000427902
2982,0.000216238
2983,-0.00036372
2984,-0.000575727
2985,0.000250646
2986,0.00123503
2987,0.000889512
2988,-0.000444429
2989,-0.000841143
2990,0.000232988
2991,0.00106825
2992,0.000494991
2993,-0.000393317
2994,-0.000342768
2995,6.63494e-05
2996,-8.35192e-05
2997,-0.000233744
2998,0.000287105
2999,0.000579334
3000,-0.000219024
3001,-0.000937671
3002,-0.000156537
3003,0.00109967
3004,0.000861472
3005,-0.000405974
3006,-0.000570082
3007,0.000498442
3008,0.000860335
3009,4.92242e-05
3010,-0.000267143
3011,0.000445572
3012,0.000609207
3013,-0.000344766
3014,-0.000736259
3015,0.000238457
3016,0.000857733
3017,-4.55042e-05
3018,-0.000896843
3019,-0.000218143
3020,0.000694231
3021,0.000216238
3022,-0.000583728
3023,-4.49849e-06
3024,0.000993415
3025,0.000503274
3026,-0.000693956
3027,-0.000400938
3028,0.000996877
3029,0.00112851
3030,-0.000187276
3031,-0.000723984
3032,0.000156449
3033,0.000616499
3034,-8.30035e-05
3035,-0.000379521
3036,0.00034397
3037,0.000465194
3038,-0.000630365
3039,-0.00101633
3040,0.000338411
3041,0.00137913
3042,0.000348524
3043,-0.00109299
3044,-0.000626503
3045,0.000890013
3046,0.00110613
3047,0.000109697
3048,-0.000240794
3049,0.000226601
3050,0.000188294
3051,-0.000254954
3052,0.000148983
3053,0.000953547
3054,0.000443064
3055,-0.00103696
3056,-0.00116494
3057,0.000458827
3058,0.0013897
3059,0.000249786
3060,-0.00111876
3061,-0.000763316
3062,0.000470667
3063,0.000806807
3064,0.00034533
3065,0.000150854
3066,0.000129356
3067,-0.000233716
3068,-0.000289219
3069,0.000605094
3070,0.00132012
3071,0.000457977
3072,-0.00105907
3073,-0.00106797
3074,0.000469107
3075,0.00133526
3076,0.00040786
3077,-0.000884363
3078,-0.000945828
3079,-9.14082e-05
3080,0.000523683
3081,0.000594753
3082,0.000378857
3083,-0.000108797
3084,-0.000628623
3085,-0.000398045
3086,0.000717786
3087,0.00144751
3088,0.000672481
3089,-0.000768634
3090,-0.00103104
3091,0.000192017
3092,0.00126654
3093,0.000881454
3094,-0.00035136
3095,-0.000979881
3096,-0.000556365
3097,0.000218861
3098,0.000627166
3099,0.000493813
3100,-5.51457e-05
3101,-0.000659661
3102,-0.000673712
3103,0.000199657
3104,0.00116621
3105,0.00101547
3106,-0.000198904
3107,-0.000949231
3108,-0.000226587
3109,0.00099992
3110,0.00112615
3111,0.000130186
3112,-0.000615376
3113,-0.000416417
3114,8.13217e-05
3115,0.000262539
3116,0.000287094
3117,0.00023448
3118,-0.000209029
3119,-0.000749339
3120,-0.000448821
3121,0.000634024
3122,0.00104458
3123,9.38279e-05
3124,-0.000827632
3125,-0.000313331
3126,0.000826995
3127,0.000924303
3128,9.93975e-05
3129,-0.000232619
3130,0.000148083
3131,0.000236624
3132,-8.04016e-05
3133,6.09344e-05
3134,0.00052064
3135,0.00019837
3136,-0.000716891
3137,-0.000694059
3138,0.000432135
3139,0.000883512
3140,-9.5884e-05
3141,-0.000863717
3142,-0.000164616
3143,0.000778287
3144,0.000512356
3145,-0.000186565
3146,2.50135e-05
3147,0.00057302
3148,0.000263534
3149,-0.000290782
3150,0.000139133
3151,0.000856069
3152,0.00036793
3153,-0.000720322
3154,-0.000576249
3155,0.000561893
3156,0.000705609
3157,-0.000373693
3158,-0.000777411
3159,9.65154e-05
3160,0.000589028
3161,-7.89989e-05
3162,-0.000453895
3163,0.000295868
3164,0.000781627
3165,6.49225e-05
3166,-0.000492184
3167,0.000239223
3168,0.000975554
3169,0.000357656
3170,-0.000508443
3171,-8.56779e-05
3172,0.00073824
3173,0.000314172
3174,-0.000661362
3175,-0.000407119
3176,0.000618009
3177,0.000510218
3178,-0.000593202
3179,-0.00075045
3180,0.00028418
3181,0.000709372
3182,-1.48995e-05
3183,-0.000355452
3184,0.000295653
3185,0.000571298
3186,-9.11737e-05
3187,-0.000275683
3188,0.000641421
3189,0.00105729
3190,-9.19603e-06
3191,-0.000933706
3192,-0.000189176
3193,0.000975283
3194,0.000665303
3195,-0.000508243
3196,-0.000703333
3197,1.9693e-05
3198,0.000236423
3199,-0.000109462
3200,3.92738e-05
3201,0.000478942
3202,9.84573e-05
3203,-0.000685037
3204,-0.000325099
3205,0.000975711
3206,0.00123997
3207,-2.57767e-05
3208,-0.000901366
3209,-0.000152008
3210,0.000910939
3211,0.000760331
3212,-5.95484e-05
3213,-0.000310522
3214,-0.000120494
3215,-0.000176614
3216,-0.000175962
3217,0.000329137
3218,0.000593492
3219,-0.000146639
3220,-0.000967591
3221,-0.000470962
3222,0.000824404
3223,0.00110045
3224,4.80685e-05
3225,-0.00072198
3226,-0.000217188
3227,0.000650376
3228,0.000764816
3229,0.000333072
3230,3.7271e-05
3231,-0.000113033
3232,-0.000267428
3233,-8.50864e-05
3234,0.000492739
3235,0.000646791
3236,-0.000142303
3237,-0.000960792
3238,-0.000610028
3239,0.000523059
3240,0.00092183
3241,0.000136017
3242,-0.000655862
3243,-0.000446175
3244,0.000322235
3245,0.000699499
3246,0.000536255
3247,0.000242612
3248,-3.02818e-05
3249,-0.00024506
3250,-7.59591e-05
3251,0.000536948
3252,0.000841875
3253,0.000186927
3254,-0.000769955
3255,-0.000761343
3256,0.00022031
3257,0.000816844
3258,0.000275285
3259,-0.000538365
3260,-0.00056434
3261,-4.16756e-06
3262,0.000346947
3263,0.000374482
3264,0.000380248
3265,0.000239131
3266,-0.000180639
3267,-0.000303356
3268,0.000340248
3269,0.000995015
3270,0.000598916
3271,-0.000431627
3272,-0.000669191
3273,0.000119915
3274,0.000658515
3275,0.000239515
3276,-0.000325163
3277,-0.000285443
3278,-7.07371e-05
3279,-0.000144304
3280,-7.06897e-05
3281,0.000390661
3282,0.000491747
3283,-0.000151252
3284,-0.000544521
3285,0.000123337
3286,0.000933313
3287,0.000647936
3288,-0.000213473
3289,-0.000288936
3290,0.000333873
3291,0.000468249
3292,3.71003e-06
3293,-9.984e-05
3294,0.000228448
3295,9.59196e-05
3296,-0.000454834
3297,-0.000368664
3298,0.000366197
3299,0.000484103
3300,-0.000283746
3301,-0.000596784
3302,0.00014591
3303,0.000712751
3304,0.000238493
3305,-0.000278678
3306,0.000122409
3307,0.000636399
3308,0.000294644
3309,-0.000201223
3310,0.000123889
3311,0.000600428
3312,0.000183211
3313,-0.000481354
3314,-0.000194443
3315,0.000505229
3316,0.000265402
3317,-0.00055612
3318,-0.000489568
3319,0.000355411
3320,0.000482406
3321,-0.000251988
3322,-0.000416923
3323,0.000323099
3324,0.000632606
3325,3.78776e-05
3326,-0.000226066
3327,0.000391702
3328,0.000698422
3329,5.16941e-05
3330,-0.000364219
3331,0.000238166
3332,0.000701556
3333,4.69213e-05
3334,-0.000649243
3335,-0.000183632
3336,0.000559606
3337,0.000217439
3338,-0.000577341
3339,-0.000395351
3340,0.000389061
3341,0.000380913
3342,-0.000242297
3343,-0.000175745
3344,0.000488641
3345,0.000477914
3346,-0.000166621
3347,-0.00012294
3348,0.000654985
3349,0.000725371
3350,-0.000179287
3351,-0.000548678
3352,0.000228625
3353,0.000756622
3354,0.000107811
3355,-0.000605366
3356,-0.000294492
3357,0.00028012
3358,0.000104544
3359,-0.000265957
3360,1.23576e-05
3361,0.000357031
3362,-3.50854e-05
3363,-0.000449553
3364,0.000113789
3365,0.000926286
3366,0.00062577
3367,-0.000364933
3368,-0.000464608
3369,0.000420944
3370,0.000838676
3371,0.000264731
3372,-0.00026114
3373,-0.000127512
3374,2.66283e-05
3375,-0.000153395
3376,-7.68012e-05
3377,0.000366039
3378,0.000301516
3379,-0.000468145
3380,-0.000768632
3381,6.30566e-05
3382,0.000908387
3383,0.000576996
3384,-0.000320162
3385,-0.000440634
3386,0.000216156
3387,0.000616375
3388,0.000448588
3389,0.000246922
3390,0.000159428
3391,-0.000105154
3392,-0.000312971
3393,4.81505e-05
3394,0.000605565
3395,0.000413841
3396,-0.000452654
3397,-0.000805789
3398,-0.000141714
3399,0.000578132
3400,0.000429065
3401,-0.000178435
3402,-0.000346977
3403,-2.51511e-05
3404,0.000258118
3405,0.000363249
3406,0.00044635
3407,0.000361878
3408,-2.56485e-05
3409,-0.000264465
3410,0.000116825
3411,0.000672145
3412,0.000530908
3413,-0.000234532
3414,-0.000617276
3415,-0.000167
3416,0.00038644
3417,0.000302855
3418,-0.00015246
3419,-0.000326913
3420,-0.000163166
3421,1.15827e-05
3422,0.000162273
3423,0.000369842
3424,0.000377713
3425,8.23054e-06
3426,-0.000263824
3427,9.51728e-05
3428,0.000698348
3429,0.000666811
3430,-1.17956e-05
3431,-0.000412344
3432,-7.74996e-05
3433,0.000366834
3434,0.000291108
3435,-5.70481e-05
3436,-0.000191898
3437,-0.000175116
3438,-0.000208937
3439,-9.45694e-05
3440,0.000261524
3441,0.000376976
3442,-4.6662e-05
3443,-0.000402085
3444,-3.16139e-05
3445,0.00062207
3446,0.000638603
3447,8.07797e-05
3448,-0.000170965
3449,0.000126401
3450,0.000347
3451,0.000201095
3452,9.56257e-05
3453,0.000164226
3454,6.93143e-06
3455,-0.000348201
3456,-0.000283284
3457,0.000237224
3458,0.000383281
3459,-0.000151941
3460,-0.000516248
3461,-9.61239e-05
3462,0.00044761
3463,0.000340705
3464,-3.11825e-05
3465,4.76259e-05
3466,0.00033684
3467,0.000245145
3468,2.77146e-05
3469,0.000229106
3470,0.000499853
3471,0.000191983
3472,-0.000316053
3473,-0.000181461
3474,0.0003476
3475,0.000299921
3476,-0.000287604
3477,-0.00042886
3478,4.96374e-05
3479,0.000260835
3480,-8.24949e-05
3481,-0.000213695
3482,0.000166494
3483,0.000341357
3484,1.81619e-05
3485,-7.1109e-05
3486,0.000384862
3487,0.000580546
3488,9.13977e-05
3489,-0.000237735
3490,0.000196303
3491,0.000597397
3492,0.000185366
3493,-0.000378176
3494,-0.000192534
3495,0.000274893
3496,0.000125179
3497,-0.000309194
3498,-0.000183566
3499,0.000211804
3500,5.77231e-05
3501,-0.000329068
3502,-5.41126e-05
3503,0.000562348
3504,0.000446901
3505,-0.000223572
3506,-0.000236181
3507,0.000488632
3508,0.000728302
3509,0.000126019
3510,-0.000248435
3511,0.000116189
3512,0.000358125
3513,-1.39886e-05
3514,-0.00022948
3515,0.00013968
3516,0.000270865
3517,-0.000287807
3518,-0.000587234
3519,3.33773e-05
3520,0.000613207
3521,0.000193024
3522,-0.000469863
3523,-0.000228237
3524,0.000480851
3525,0.000526582
3526,7.32922e-05
3527,5.93592e-05
3528,0.000373283
3529,0.000225341
3530,-0.000160805
3531,5.67757e-05
3532,0.000576763
3533,0.000337332
3534,-0.000476944
3535,-0.000582516
3536,0.000179874
3537,0.000533835
3538,-3.60724e-05
3539,-0.000494703
3540,-0.000158133
3541,0.000247265
3542,0.000108411
3543,-1.34605e-05
3544,0.000317055
3545,0.000452682
3546,-1.66978e-05
3547,-0.000271378
3548,0.000301435
3549,0.000832336
3550,0.000374584
3551,-0.000412024
3552,-0.00034617
3553,0.000310459
3554,0.000422521
3555,-7.69061e-05
3556,-0.000299139
3557,-7.35755e-05
3558,-3.16326e-05
3559,-0.000212206
3560,-2.99847e-05
3561,0.000394223
3562,0.000284257
3563,-0.000287473
3564,-0.000322354
3565,0.000392244
3566,0.000812826
3567,0.000339635
3568,-0.000237665
3569,-0.000109249
3570,0.000330833
3571,0.000365681
3572,0.000122672
3573,4.79502e-05
3574,5.06061e-06
3575,-0.000246027
3576,-0.000333972
3577,6.90487e-05
3578,0.000427082
3579,0.000104157
3580,-0.000478738
3581,-0.000414865
3582,0.000244969
3583,0.000596898
3584,0.000301516
3585,-5.29983e-05
3586,-1.89804e-05
3587,0.000169933
3588,0.000256832
3589,0.000345666
3590,0.000411782
3591,0.000173419
3592,-0.000263402
3593,-0.000319185
3594,0.000144752
3595,0.000456702
3596,0.000114003
3597,-0.000424996
3598,-0.000443753
3599,-7.0925e-06
3600,0.000276274
3601,0.000195367
3602,4.26549e-05
3603,-3.98698e-06
3604,-1.31153e-05
3605,6.71572e-05
3606,0.000336968
3607,0.000549211
3608,0.000342636
3609,-0.00010268
3610,-0.000192393
3611,0.000192003
3612,0.00046764
3613,0.000218491
3614,-0.00021276
3615,-0.000303488
3616,-8.88354e-05
3617,5.89046e-05
3618,4.39084e-05
3619,1.48087e-05
3620,-2.39275e-05
3621,-0.000125428
3622,-0.000112528
3623,0.000169266
3624,0.000444635
3625,0.000330117
3626,-1.41656e-05
3627,-5.9257e-05
3628,0.000270074
3629,0.000474494
3630,0.000270317
3631,-2.18509e-05
3632,-6.0366e-05
3633,3.44434e-05
3634,3.56801e-05
3635,5.18917e-06
3636,2.90006e-05
3637,-3.90412e-05
3638,-0.000229721
3639,-0.00023624
3640,7.80524e-05
3641,0.0003157
3642,0.000131374
3643,-0.000155725
3644,-4.7341e-05
3645,0.000322724
3646,0.000436696
3647,0.00023621
3648,0.00010417
3649,0.000147388
3650,0.00013361
3651,6.35995e-05
3652,0.000150704
3653,0.000257546
3654,3.64399e-05
3655,-0.000339375
3656,-0.000305983
3657,0.000125869
3658,0.000289137
3659,-5.63985e-05
3660,-0.00032725
3661,-0.000108653
3662,0.000212968
3663,0.000219
3664,0.000134224
3665,0.000234859
3666,0.000269697
3667,5.33068e-05
3668,-1.21603e-05
3669,0.000330801
3670,0.000551457
3671,0.000169557
3672,-0.000319625
3673,-0.000203773
3674,0.000243604
3675,0.000250797
3676,-0.000143865
3677,-0.000272389
3678,-5.60278e-05
3679,8.64936e-07
3680,-0.00012346
3681,1.92112e-05
3682,0.000324776
3683,0.000222252
3684,-0.00017249
3685,-0.000106163
3686,0.000452503
3687,0.000638913
3688,0.000161287
3689,-0.000191657
3690,7.09432e-05
3691,0.000363884
3692,0.00017256
3693,-8.11323e-05
3694,1.95011e-05
3695,7.81091e-05
3696,-0.000219983
3697,-0.000347291
3698,7.15536e-05
3699,0.000386009
3700,4.56252e-06
3701,-0.000453473
3702,-0.000163589
3703,0.000456238
3704,0.00047538
3705,3.8506e-05
3706,-2.52565e-05
3707,0.000278957
3708,0.000288663
3709,4.95442e-05
3710,0.000158783
3711,0.000446941
3712,0.000197761
3713,-0.000387563
3714,-0.000359802
3715,0.00027285
3716,0.000440308
3717,-0.000157669
3718,-0.000539802
3719,-0.000159149
3720,0.00025519
3721,0.000122736
3722,-4.5956e-05
3723,0.000180614
3724,0.000293949
3725,-3.2501e-05
3726,-0.000134142
3727,0.000399508
3728,0.000759275
3729,0.000250626
3730,-0.000390787
3731,-0.000188593
3732,0.000424248
3733,0.000412712
3734,-0.000109683
3735,-0.000274351
3736,-4.98578e-05
3737,-6.42839e-05
3738,-0.000240638
3739,-1.02475e-05
3740,0.000375293
3741,0.000162444
3742,-0.000401113
3743,-0.000308754
3744,0.000440036
3745,0.000739791
3746,0.000219678
3747,-0.000207642
3748,3.55026e-05
3749,0.000358779
3750,0.00025215
3751,0.000108882
3752,0.000223406
3753,0.000143521
3754,-0.000301064
3755,-0.000422012
3756,0.000108069
3757,0.000477878
3758,4.00751e-05
3759,-0.000534897
3760,-0.000358829
3761,0.000235778
3762,0.000382833
3763,0.000118628
3764,5.61573e-05
3765,0.000186674
3766,0.000108013
3767,6.05512e-06
3768,0.000294324
3769,0.000612406
3770,0.000310925
3771,-0.000298715
3772,-0.000319346
3773,0.000231028
3774,0.00043773
3775,8.76886e-06
3776,-0.000352936
3777,-0.000223126
3778,-1.69769e-05
3779,-3.86944e-05
3780,4.73657e-06
3781,0.000211715
3782,0.000170315
3783,-0.000163551
3784,-0.000178268
3785,0.000329862
3786,0.000658164
3787,0.00031547
3788,-0.000148688
3789,-6.52584e-05
3790,0.000304976
3791,0.000342877
3792,9.45485e-05
3793,-1.74932e-05
3794,-1.61099e-05
3795,-0.000146753
3796,-0.000230663
3797,5.60789e-08
3798,0.000239117
3799,3.99859e-05
3800,-0.00033256
3801,-0.000255361
3802,0.00021393
3803,0.000425226
3804,0.000190243
3805,-1.1795e-05
3806,9.81301e-05
3807,0.000249268
3808,0.000239326
3809,0.000231841
3810,0.000277432
3811,0.000154533
3812,-0.00011318
3813,-0.000153637
3814,0.000105766
3815,0.000225279
3816,-3.86196e-05
3817,-0.000313563
3818,-0.00022074
3819,4.75793e-05
3820,0.000120944
3821,3.21862e-05
3822,2.10093e-05
3823,8.01619e-05
3824,8.85192e-05
3825,0.000129362
3826,0.000290773
3827,0.000377639
3828,0.000207145
3829,-5.85819e-06
3830,4.93306e-05
3831,0.000255016
3832,0.000246962
3833,3.87831e-06
3834,-0.000155372
3835,-0.000101998
3836,-2.42983e-05
3837,-3.72369e-05
3838,-4.45653e-05
3839,-1.66428e-05
3840,-5.03603e-05
3841,-0.000100289
3842,1.03086e-05
3843,0.000235442
3844,0.000296053
3845,0.000129768
3846,2.68135e-05
3847,0.000169688
3848,0.000343203
3849,0.000295786
3850,0.000118412
3851,3.60954e-05
3852,4.96901e-05
3853,3.26591e-05
3854,-2.20488e-06
3855,1.05171e-05
3856,-9.62013e-06
3857,-0.000136289
3858,-0.000215208
3859,-7.62443e-05
3860,0.000134249
3861,0.000135426
3862,-3.37054e-05
3863,-6.14871e-05
3864,0.000141873
3865,0.000319649
3866,0.000288262
3867,0.000175088
3868,0.000141363
3869,0.000149789
3870,0.000136399
3871,0.000153353
3872,0.00018854
3873,9.18983e-05
3874,-0.000138052
3875,-0.000235394
3876,-5.53378e-05
3877,0.000140624
3878,5.36657e-05
3879,-0.000185343
3880,-0.000221307
3881,-8.65507e-06
3882,0.000184602
3883,0.00021595
3884,0.000181475
3885,0.000143847
3886,8.1801e-05
3887,8.65311e-05
3888,0.000263223
3889,0.000432255
3890,0.000293333
3891,-6.62565e-05
3892,-0.000207872
3893,1.48705e-05
3894,0.000230815
3895,0.000124601
3896,-0.000134205
3897,-0.000239844
3898,-0.0001809
3899,-8.06261e-05
3900,6.48105e-05
3901,0.000214485
3902,0.000164825
3903,-8.52349e-05
3904,-0.000154785
3905,0.000176431
3906,0.000529817
3907,0.00044171
3908,6.73932e-05
3909,-8.43818e-05
3910,7.99653e-05
3911,0.000226594
3912,0.000200578
3913,0.000129031
3914,2.02699e-05
3915,-0.000204399
3916,-0.000337239
3917,-0.000103242
3918,0.000257592
3919,0.000214546
3920,-0.000198329
3921,-0.000360642
3922,-1.99036e-05
3923,0.000350972
3924,0.000347244
3925,0.000173465
3926,0.000123486
3927,0.000111942
3928,5.76304e-05
3929,0.000163889
3930,0.000423687
3931,0.000395589
3932,-6.91841e-05
3933,-0.000401811
3934,-0.000145114
3935,0.000279153
3936,0.000229337
3937,-0.000162328
3938,-0.000314397
3939,-0.000149703
3940,-1.78458e-05
3941,4.08354e-05
3942,0.00021196
3943,0.000315513
3944,7.10135e-05
3945,-0.000205707
3946,2.50583e-05
3947,0.000544676
3948,0.00059976
3949,0.000106591
3950,-0.000218441
3951,-2.46305e-05
3952,0.000226785
3953,0.000166132
3954,3.13103e-05
3955,1.18991e-05
3956,-0.000114916
3957,-0.000350271
3958,-0.000257764
3959,0.000203448
3960,0.000384641
3961,-2.25074e-05
3962,-0.000382196
3963,-0.000111139
3964,0.000392184
3965,0.000461446
3966,0.00020042
3967,9.92474e-05
3968,0.000145969
3969,7.63729e-05
3970,5.01254e-05
3971,0.000285532
3972,0.000414659
3973,3.15704e-05
3974,-0.000445151
3975,-0.000325253
3976,0.000191986
3977,0.000309782
3978,-8.07706e-05
3979,-0.000328389
3980,-0.000158758
3981,4.0058e-05
3982,7.96168e-05
3983,0.000202816
3984,0.000367289
3985,0.000203646
3986,-0.000150788
3987,-7.46963e-05
3988,0.000446856
3989,0.000643342
3990,0.000187719
3991,-0.000262237
3992,-0.00015522
3993,0.000149667
3994,0.000152398
3995,5.53051e-06
3996,-1.14145e-05
3997,-8.40268e-05
3998,-0.000322965
3999,-0.000309901
4000,0.000153282
4001,0.000469311
4002,0.000142828
4003,-0.000316867
4004,-0.000173653
4005,0.000353539
4006,0.000523237
4007,0.000271095
4008,0.000103638
4009,0.000121073
4010,4.28997e-05
4011,-3.56152e-05
4012,0.000176067
4013,0.000395721
4014,0.000105289
4015,-0.000435876
4016,-0.000453111
4017,7.36908e-05
4018,0.000346168
4019,4.12693e-05
4020,-0.000266151
4021,-0.000157828
4022,5.90708e-05
4023,0.000108549
4024,0.000202828
4025,0.000397895
4026,0.0003184
4027,-6.19875e-05
4028,-0.000149888
4029,0.000283878
4030,0.000592871
4031,0.000268952
4032,-0.000224922
4033,-0.000244567
4034,3.97439e-05
4035,0.000103513
4036,-2.70057e-05
4037,-3.83409e-05
4038,-2.72774e-05
4039,-0.00020176
4040,-0.000282829
4041,4.42075e-05
4042,0.00041392
4043,0.000283463
4044,-0.000118
4045,-0.000127814
4046,0.000262355
4047,0.000457331
4048,0.00027502
4049,0.000110802
4050,0.000128719
4051,7.66664e-05
4052,-6.12943e-05
4053,6.73018e-06
4054,0.000210852
4055,0.000118311
4056,-0.00025832
4057,-0.000372264
4058,-5.27485e-05
4059,0.000197535
4060,6.07264e-05
4061,-0.000119342
4062,-2.21725e-05
4063,0.000133567
4064,0.000117834
4065,0.000130068
4066,0.000309767
4067,0.000364087
4068,0.000122367
4069,-5.20938e-05
4070,0.000128521
4071,0.000333629
4072,0.000178614
4073,-0.000110202
4074,-0.000128625
4075,6.93033e-06
4076,-3.73267e-05
4077,-0.000160249
4078,-7.55827e-05
4079,7.7757e-05
4080,-6.5623e-06
4081,-0.00016949
4082,-4.12478e-05
4083,0.000254276
4084,0.000289037
4085,9.19198e-05
4086,7.13376e-05
4087,0.000258579
4088,0.000288842
4089,0.000115838
4090,7.98249e-05
4091,0.00022033
4092,0.00018189
4093,-8.76671e-05
4094,-0.000191164
4095,-6.67659e-07
4096,0.000101305
4097,-8.09303e-05
4098,-0.000217131
4099,-8.02363e-05
4100,5.90659e-05
4101,-1.17694e-05
4102,-4.18587e-05
4103,0.000159091
4104,0.000301578
4105,0.000146826
4106,-7.49767e-06
4107,0.000157174
4108,0.000390363
4109,0.000305378
4110,4.77122e-05
4111,-2.561e-06
4112,0.000102446
4113,6.18593e-05
4114,-7.10385e-05
4115,-4.02352e-05
4116,5.26611e-05
4117,-7.35854e-05
4118,-0.000279507
4119,-0.000183008
4120,0.000137519
4121,0.000222438
4122,2.95151e-06
4123,-0.000102112
4124,8.79962e-05
4125,0.000272513
4126,0.000255357
4127,0.000217489
4128,0.000254702
4129,0.00018193
4130,-8.19745e-06
4131,-1.27392e-05
4132,0.000216486
4133,0.000275668
4134,-3.40219e-05
4135,-0.000322618
4136,-0.000222458
4137,4.54544e-05
4138,9.18033e-05
4139,-3.78983e-05
4140,-8.33182e-05
4141,-5.10139e-05
4142,-5.28547e-05
4143,3.14579e-05
4144,0.000285448
4145,0.000422846
4146,0.000196733
4147,-9.18706e-05
4148,3.72055e-06
4149,0.000349518
4150,0.000430992
4151,0.0001521
4152,-9.96024e-05
4153,-0.000115357
4154,-6.05877e-05
4155,-3.21191e-05
4156,5.08341e-05
4157,9.51877e-05
4158,-9.76483e-05
4159,-0.000352941
4160,-0.000245652
4161,0.000188853
4162,0.000401636
4163,0.000155226
4164,-0.000121678
4165,-3.15572e-05
4166,0.000239884
4167,0.000350182
4168,0.000311788
4169,0.000253763
4170,0.000106649
4171,-0.000114045
4172,-0.000116027
4173,0.000179172
4174,0.000332346
4175,1.59416e-05
4176,-0.000396674
4177,-0.000361252
4178,1.27117e-05
4179,0.000197273
4180,6.99987e-05
4181,-5.48928e-05
4182,-4.49643e-05
4183,-2.59407e-05
4184,4.3671e-05
4185,0.000292004
4186,0.0004927
4187,0.000298032
4188,-9.70741e-05
4189,-0.000128611
4190,0.000248206
4191,0.000454697
4192,0.000192375
4193,-0.000153362
4194,-0.000203622
4195,-9.73615e-05
4196,-5.85803e-05
4197,-5.74437e-06
4198,9.66554e-05
4199,1.67413e-05
4200,-0.000256457
4201,-0.000292395
4202,0.000106325
4203,0.000463373
4204,0.000320934
4205,-3.86364e-05
4206,-6.95155e-05
4207,0.000197972
4208,0.000341956
4209,0.000275463
4210,0.000211798
4211,0.000139678
4212,-7.13104e-05
4213,-0.00021775
4214,-2.51072e-05
4215,0.000256377
4216,0.000139763
4217,-0.000276868
4218,-0.000407514
4219,-9.76734e-05
4220,0.000185664
4221,0.000148878
4222,3.24423e-05
4223,4.8451e-05
4224,6.4459e-05
4225,3.61464e-05
4226,0.000173015
4227,0.000435012
4228,0.000422672
4229,5.47642e-05
4230,-0.00017809
4231,3.16593e-05
4232,0.000305855
4233,0.000211001
4234,-8.09947e-05
4235,-0.000186343
4236,-0.000133535
4237,-0.000132116
4238,-0.000102348
4239,7.0927e-05
4240,0.000153148
4241,-5.37854e-05
4242,-0.000236036
4243,-1.8501e-05
4244,0.000363005
4245,0.000404242
4246,0.000139584
4247,2.11466e-05
4248,0.00014813
4249,0.000219845
4250,0.000157452
4251,0.000161236
4252,0.00019346
4253,1.67877e-05
4254,-0.00024684
4255,-0.000207804
4256,8.84171e-05
4257,0.00015955
4258,-0.000112033
4259,-0.00028365
4260,-0.000110782
4261,9.94496e-05
4262,0.000101072
4263,8.89705e-05
4264,0.000203614
4265,0.000221866
4266,5.76565e-05
4267,3.35976e-05
4268,0.000290726
4269,0.000435976
4270,0.000185964
4271,-0.000114628
4272,-6.83003e-05
4273,0.000124567
4274,8.3059e-05
4275,-8.96655e-05
4276,-9.40816e-05
4277,-3.05245e-05
4278,-0.000136524
4279,-0.000232595
4280,-3.29875e-05
4281,0.000238507
4282,0.000170227
4283,-9.15172e-05
4284,-6.31182e-05
4285,0.000243804
4286,0.000369828
4287,0.000213966
4288,0.000124966
4289,0.000199527
4290,0.000160694
4291,-1.2177e-05
4292,-6.51664e-07
4293,0.00019177
4294,0.000154078
4295,-0.000180476
4296,-0.000338413
4297,-9.98302e-05
4298,0.000127984
4299,2.56026e-05
4300,-0.00013621
4301,-5.75403e-05
4302,7.90066e-05
4303,5.58128e-05
4304,6.69271e-05
4305,0.000273603
4306,0.000383461
4307,0.000161154
4308,-6.18545e-05
4309,8.74002e-05
4310,0.000357624
4311,0.000288879
4312,-1.91543e-05
4313,-0.000134853
4314,-3.5743e-05
4315,-2.5539e-05
4316,-0.000108374
4317,-5.38393e-05
4318,5.33913e-05
4319,-5.77098e-05
4320,-0.000251768
4321,-0.00013798
4322,0.000215803
4323,0.000331488
4324,0.000109858
4325,-2.9563e-05
4326,0.000122416
4327,0.00028119
4328,0.000244868
4329,0.000190327
4330,0.000216158
4331,0.000129537
4332,-9.12974e-05
4333,-0.000135482
4334,8.14126e-05
4335,0.00018182
4336,-5.65983e-05
4337,-0.000302987
4338,-0.000220076
4339,1.18128e-05
4340,7.36735e-05
4341,2.48273e-05
4342,6.0211e-05
4343,0.000101648
4344,3.46741e-05
4345,3.8915e-05
4346,0.000260368
4347,0.0004335
4348,0.000269819
4349,-1.8484e-05
4350,-3.54882e-05
4351,0.000163708
4352,0.000217199
4353,6.54326e-05
4354,-5.39715e-05
4355,-8.65494e-05
4356,-0.000160237
4357,-0.000204074
4358,-5.00828e-05
4359,0.000146309
4360,7.36081e-05
4361,-0.000172533
4362,-0.000179125
4363,0.00011739
4364,0.000335716
4365,0.000271985
4366,0.000144124
4367,0.000130136
4368,0.000128583
4369,9.7803e-05
4370,0.000175064
4371,0.000304711
4372,0.00019858
4373,-0.000141921
4374,-0.000302835
4375,-8.64584e-05
4376,0.000154583
4377,7.71105e-05
4378,-0.000152175
4379,-0.000212511
4380,-0.000118097
4381,-2.755e-05
4382,9.33262e-05
4383,0.000267061
4384,0.000279885
4385,4.31893e-05
4386,-0.000105811
4387,0.000124847
4388,0.000457944
4389,0.00042923
4390,8.97583e-05
4391,-0.000124378
4392,-6.50426e-05
4393,4.34318e-05
4394,7.31483e-05
4395,8.21884e-05
4396,1.65518e-05
4397,-0.000208815
4398,-0.000374404
4399,-0.000176158
4400,0.00021898
4401,0.000312931
4402,1.8745e-05
4403,-0.000204376
4404,-5.06359e-05
4405,0.000249402
4406,0.000378666
4407,0.000336412
4408,0.00022537
4409,4.61316e-05
4410,-9.95682e-05
4411,8.71172e-06
4412,0.000297384
4413,0.000339488
4414,-3.2302e-05
4415,-0.000398758
4416,-0.00033217
4417,9.55216e-06
4418,0.000182755
4419,7.81968e-05
4420,-9.00835e-05
4421,-0.000177752
4422,-0.000151919
4423,5.19097e-05
4424,0.000367044
4425,0.000472184
4426,0.000189995
4427,-0.000143832
4428,-8.01642e-05
4429,0.000294008
4430,0.000482181
4431,0.000273271
4432,-6.36451e-05
4433,-0.000232708
4434,-0.000196445
4435,-2.9258e-05
4436,0.000160519
4437,0.000163933
4438,-0.00012469
4439,-0.000420275
4440,-0.000312125
4441,0.000141374
4442,0.000429335
4443,0.000271808
4444,-4.81528e-05
4445,-0.000134851
4446,5.50456e-05
4447,0.000316498
4448,0.000466652
4449,0.000382685
4450,5.65362e-05
4451,-0.000249836
4452,-0.000187434
4453,0.000186838
4454,0.000379654
4455,0.000101224
4456,-0.000333294
4457,-0.00044496
4458,-0.0001854
4459,0.000128871
4460,0.000250383
4461,0.000142604
4462,-0.000102052
4463,-0.000254891
4464,-6.39142e-05
4465,0.000384476
4466,0.00061497
4467,0.000337289
4468,-0.000114973
4469,-0.000206003
4470,0.000104426
4471,0.000389838
4472,0.000350546
4473,6.55716e-05
4474,-0.00024234
4475,-0.000380841
4476,-0.000217422
4477,0.00014781
4478,0.000316364
4479,2.84278e-05
4480,-0.000395032
4481,-0.000396263
4482,6.47757e-05
4483,0.000463149
4484,0.000423596
4485,0.000118859
4486,-9.05898e-05
4487,-6.08995e-05
4488,0.000163099
4489,0.000437764
4490,0.000492451
4491,0.000150548
4492,-0.000312074
4493,-0.000372834
4494,3.43167e-05
4495,0.000365266
4496,0.000193022
4497,-0.000244641
4498,-0.000443127
4499,-0.00026901
4500,4.73806e-05
4501,0.000279697
4502,0.000301608
4503,6.91868e-05
4504,-0.000215691
4505,-0.000162863
4506,0.000290465
4507,0.000647309
4508,0.000457521
4509,-4.50668e-05
4510,-0.000264978
4511,-3.96677e-05
4512,0.000261121
4513,0.000309411
4514,0.000113955
4515,-0.000177509
4516,-0.000397633
4517,-0.000335077
4518,3.76307e-05
4519,0.000343616
4520,0.000186048
4521,-0.000252753
4522,-0.000383217
4523,-1.04773e-05
4524,0.000425462
4525,0.000486955
4526,0.000238403
4527,-5.69488e-06
4528,-7.63789e-05
4529,4.85585e-05
4530,0.000306353
4531,0.000452696
4532,0.000220812
4533,-0.000247263
4534,-0.000438153
4535,-0.000135952
4536,0.000245084
4537,0.000226635
4538,-0.000113725
4539,-0.000348132
4540,-0.000276429
4541,-2.07462e-05
4542,0.000243356
4543,0.000365933
4544,0.000222026
4545,-8.00045e-05
4546,-0.000161065
4547,0.000162378
4548,0.000532221
4549,0.000480543
4550,7.16089e-05
4551,-0.000216365
4552,-0.000146579
4553,7.65749e-05
4554,0.000192351
4555,0.000132038
4556,-7.6689e-05
4557,-0.000326067
4558,-0.000370567
4559,-7.65943e-05
4560,0.000276628
4561,0.000272378
4562,-5.52182e-05
4563,-0.000241112
4564,-3.65001e-05
4565,0.000299606
4566,0.000428268
4567,0.000323398
4568,0.000135395
4569,-2.6528e-05
4570,-5.34197e-05
4571,0.00012579
4572,0.000329763
4573,0.000235688
4574,-0.000145066
4575,-0.000388207
4576,-0.000226855
4577,7.96837e-05
4578,0.000149493
4579,-1.60488e-05
4580,-0.000160785
4581,-0.000165548
4582,-6.03342e-05
4583,0.000138734
4584,0.000342663
4585,0.000336588
4586,8.55578e-05
4587,-8.85081e-05
4588,7.83526e-05
4589,0.000368325
4590,0.000380373
4591,0.000107152
4592,-0.000115709
4593,-0.000124215
4594,-4.78019e-05
4595,5.9881e-06
4596,4.28271e-05
4597,2.24099e-06
4598,-0.000170808
4599,-0.000295448
4600,-0.000137778
4601,0.000174539
4602,0.000266968
4603,7.48493e-05
4604,-6.63389e-05
4605,5.17372e-05
4606,0.00024485
4607,0.00029798
4608,0.000252345
4609,0.000196441
4610,9.13246e-05
4611,-3.46323e-05
4612,-1.78512e-05
4613,0.000133459
4614,0.000150551
4615,-7.88246e-05
4616,-0.000280087
4617,-0.000202736
4618,-1.39529e-06
4619,4.65361e-05
4620,-3.29765e-05
4621,-4.58193e-05
4622,1.4691e-05
4623,4.44919e-05
4624,8.93481e-05
4625,0.000223814
4626,0.000312975
4627,0.000205677
4628,4.66879e-05
4629,7.85135e-05
4630,0.000228355
4631,0.0002218
4632,3.97009e-05
4633,-7.81387e-05
4634,-5.14565e-05
4635,-3.93436e-05
4636,-9.98093e-05
4637,-0.000106415
4638,-4.07621e-05
4639,-4.422e-05
4640,-0.00011674
4641,-7.66799e-05
4642,9.70348e-05
4643,0.000188323
4644,0.000113626
4645,6.88416e-05
4646,0.000175705
4647,0.000270999
4648,0.000211043
4649,0.000116408
4650,0.000124441
4651,0.00014295
4652,5.73092e-05
4653,-3.72797e-05
4654,-2.87498e-05
4655,-1.34233e-05
4656,-0.000100497
4657,-0.000175162
4658,-9.95394e-05
4659,1.45289e-05
4660,-7.92882e-06
4661,-8.64915e-05
4662,-2.57749e-05
4663,0.000136909
4664,0.000203819
4665,0.000156384
4666,0.000144666
4667,0.000192741
4668,0.000189515
4669,0.000139391
4670,0.000149089
4671,0.000179721
4672,8.64062e-05
4673,-8.7934e-05
4674,-0.000133693
4675,-2.30819e-05
4676,3.1648e-05
4677,-7.16868e-05
4678,-0.000174535
4679,-0.0001398
4680,-4.2841e-05
4681,1.8436e-05
4682,7.65554e-05
4683,0.000146305
4684,0.000141707
4685,6.71244e-05
4686,8.3435e-05
4687,0.000240724
4688,0.000340652
4689,0.00022686
4690,3.56596e-05
4691,-1.82159e-05
4692,4.95442e-05
4693,8.02396e-05
4694,3.14317e-05
4695,-3.73593e-05
4696,-0.0001174
4697,-0.00020023
4698,-0.000183348
4699,-2.23818e-05
4700,0.000117121
4701,6.40983e-05
4702,-7.8362e-05
4703,-6.72273e-05
4704,0.000122382
4705,0.000283574
4706,0.000287378
4707,0.000201273
4708,0.000117956
4709,6.54285e-05
4710,7.99744e-05
4711,0.00017173
4712,0.000214648
4713,6.86087e-05
4714,-0.000171881
4715,-0.00024931
4716,-9.89829e-05
4717,5.90301e-05
4718,3.65365e-05
4719,-9.63283e-05
4720,-0.000167613
4721,-0.00011679
4722,2.24698e-05
4723,0.00019243
4724,0.000285168
4725,0.00020275
4726,3.1814e-05
4727,6.00066e-06
4728,0.000193184
4729,0.000364961
4730,0.000293792
4731,4.99683e-05
4732,-0.000122896
4733,-0.000115284
4734,-8.26795e-06
4735,7.5724e-05
4736,5.22408e-05
4737,-0.000101284
4738,-0.000273598
4739,-0.000261555
4740,-1.86563e-05
4741,0.000220588
4742,0.00020879
4743,9.95998e-06
4744,-9.32078e-05
4745,3.56152e-05
4746,0.000262007
4747,0.000384323
4748,0.000320438
4749,0.000121205
4750,-6.5603e-05
4751,-7.1864e-05
4752,0.000111633
4753,0.000254418
4754,0.000128398
4755,-0.000180978
4756,-0.000353129
4757,-0.000226384
4758,2.94532e-05
4759,0.000152319
4760,6.56131e-05
4761,-0.000108281
4762,-0.000186978
4763,-5.4149e-05
4764,0.000231818
4765,0.000428182
4766,0.000331588
4767,4.62067e-05
4768,-9.78623e-05
4769,5.88562e-05
4770,0.000312262
4771,0.000357792
4772,0.000135312
4773,-0.000155193
4774,-0.000284126
4775,-0.000173813
4776,5.76089e-05
4777,0.000170972
4778,1.68713e-05
4779,-0.000263797
4780,-0.000344232
4781,-8.98593e-05
4782,0.000258892
4783,0.000365623
4784,0.000179482
4785,-5.04494e-05
4786,-7.37679e-05
4787,0.000134762
4788,0.000387477
4789,0.000442184
4790,0.000207854
4791,-0.000129229
4792,-0.000247543
4793,-4.29952e-05
4794,0.00022173
4795,0.000213004
4796,-8.27004e-05
4797,-0.000362029
4798,-0.000357118
4799,-8.90427e-05
4800,0.000197036
4801,0.000260639
4802,6.32363e-05
4803,-0.000176751
4804,-0.000162672
4805,0.000156821
4806,0.000481073
4807,0.000473501
4808,0.000153405
4809,-0.000133248
4810,-0.000114988
4811,0.00013723
4812,0.000332824
4813,0.000254244
4814,-6.55885e-05
4815,-0.000365733
4816,-0.000368308
4817,-6.30962e-05
4818,0.000230635
4819,0.000190259
4820,-0.000128347
4821,-0.000345007
4822,-0.000197139
4823,0.000182057
4824,0.000444785
4825,0.000386365
4826,0.00010072
4827,-0.000126265
4828,-5.92542e-05
4829,0.000256
4830,0.000487296
4831,0.000342086
4832,-7.92253e-05
4833,-0.000363372
4834,-0.000251443
4835,8.0056e-05
4836,0.000250405
4837,8.79474e-05
4838,-0.000239171
4839,-0.000416095
4840,-0.000255889
4841,0.000132306
4842,0.000403813
4843,0.000298537
4844,-5.0317e-05
4845,-0.000224546
4846,3.15148e-06
4847,0.000399654
4848,0.000550171
4849,0.000316637
4850,-6.22385e-05
4851,-0.00024986
4852,-0.000111532
4853,0.000190766
4854,0.000327184
4855,9.87556e-05
4856,-0.000316074
4857,-0.000494994
4858,-0.000238527
4859,0.000178445
4860,0.000321833
4861,9.10215e-05
4862,-0.000213495
4863,-0.000253957
4864,2.52161e-05
4865,0.000391699
4866,0.000531629
4867,0.000310022
4868,-6.86397e-05
4869,-0.00021086
4870,4.21393e-05
4871,0.000392228
4872,0.000410993
4873,4.55032e-05
4874,-0.00033872
4875,-0.000393541
4876,-0.000129574
4877,0.000165352
4878,0.000216457
4879,-2.40897e-05
4880,-0.00032677
4881,-0.00035348
4882,-4.92775e-06
4883,0.000406069
4884,0.000466196
4885,0.000149585
4886,-0.000151427
4887,-0.00010162
4888,0.000218623
4889,0.000466035
4890,0.000405877
4891,8.41792e-05
4892,-0.000241585
4893,-0.000295415
4894,-3.24417e-05
4895,0.000254762
4896,0.000208298
4897,-0.000161822
4898,-0.000451472
4899,-0.000339242
4900,4.43543e-05
4901,0.000311619
4902,0.000257918
4903,8.25648e-06
4904,-0.000166635
4905,-7.79546e-05
4906,0.000238959
4907,0.000509264
4908,0.000441888
4909,7.19228e-05
4910,-0.000217254
4911,-0.000128086
4912,0.000188396
4913,0.000331571
4914,0.000131381
4915,-0.000208805
4916,-0.000386405
4917,-0.0002783
4918,6.03737e-06
4919,0.00021655
4920,0.000148699
4921,-0.000132801
4922,-0.00029542
4923,-9.6431e-05
4924,0.000296622
4925,0.000484109
4926,0.000309423
4927,1.02889e-05
4928,-9.79154e-05
4929,5.30518e-05
4930,0.000284879
4931,0.000365026
4932,0.000181884
4933,-0.00014956
4934,-0.000340296
4935,-0.000205391
4936,9.22111e-05
4937,0.000197415
4938,-1.34195e-05
4939,-0.000288478
4940,-0.000316927
4941,-7.03553e-05
4942,0.000221191
4943,0.000327581
4944,0.000199301
4945,-1.50831e-05
4946,-7.99521e-05
4947,0.000111305
4948,0.000383933
4949,0.000433698
4950,0.000179419
4951,-0.000126242
4952,-0.000193666
4953,-1.7443e-05
4954,0.00016202
4955,0.000140408
4956,-7.32115e-05
4957,-0.000295362
4958,-0.000323329
4959,-0.000111225
4960,0.000154908
4961,0.000218696
4962,4.10761e-05
4963,-0.000138184
4964,-8.02683e-05
4965,0.000177522
4966,0.000387079
4967,0.000369784
4968,0.000168649
4969,-2.71822e-05
4970,-5.05493e-05
4971,0.000103077
4972,0.000250565
4973,0.000187062
4974,-7.50498e-05
4975,-0.000291038
4976,-0.000259439
4977,-5.09699e-05
4978,9.69797e-05
4979,5.41005e-05
4980,-9.96877e-05
4981,-0.000190452
4982,-0.000104543
4983,0.00012341
4984,0.0003166
4985,0.000303025
4986,0.000115087
4987,-1.69715e-05
4988,6.59811e-05
4989,0.00025487
4990,0.000317747
4991,0.000178241
4992,-3.46802e-05
4993,-0.000158664
4994,-0.000132896
4995,-1.17067e-05
4996,7.05138e-05
4997,-3.40043e-06
4998,-0.000186467
4999,-0.000270975
