0,0
1,0
2,0
3,0
4,0
5,0
6,0
7,0
8,0
9,0
10,0
11,0
12,0
13,0
14,0
15,0
16,0
17,0
18,0
19,0
20,0
21,0
22,0
23,0
24,0
25,0
26,0
27,0
28,0
29,0
30,0
31,0
32,0
33,0
34,0
35,0
36,0
37,0
38,0
39,0
40,0
41,0
42,0
43,0
44,0
45,0
46,0
47,0
48,0
49,0
50,0
51,0
52,0
53,0
54,0
55,0
56,0
57,0
58,0
59,0
60,0
61,0
62,0
63,0
64,0
65,0
66,0
67,0
68,0
69,0
70,0
71,0
72,0
73,0
74,0
75,0
76,0
77,0
78,0
79,0
80,0
81,0
82,0
83,0
84,0
85,0
86,0
87,0
88,0
89,0
90,0
91,0
92,0
93,0
94,0
95,0
96,0
97,0
98,0
99,0
100,0
101,0
102,0
103,0
104,0
105,0
106,0
107,0
108,0
109,0
110,0
111,0
112,0
113,0
114,0
115,0
116,0
117,0
118,0
119,0
120,0
121,0
122,0
123,0
124,0
125,0
126,0
127,0
128,0
129,0
130,0
131,0
132,0
133,0
134,0
135,0
136,0
137,0
138,0
139,0
140,0
141,0
142,0
143,0
144,0
145,0
146,0
147,0
148,0
149,0
150,0
151,0
152,0
153,0
154,0
155,0
156,0
157,0
158,0
159,0
160,0
161,0
162,0
163,0
164,0
165,0
166,0
167,0
168,0
169,0
170,0
171,0
172,0
173,0
174,0
175,0
176,0
177,0
178,0
179,0
180,0
181,0
182,0
183,0
184,0
185,0
186,0
187,0
188,0
189,0
190,0
191,0
192,0
193,0
194,0
195,0
196,0
197,0
198,0
199,0
200,0
201,0
202,0
203,0
204,0
205,0
206,0
207,0
208,0
209,0
210,0
211,0
212,0
213,0
214,0
215,0
216,0
217,0
218,0
219,0
220,0
221,0
222,0
223,0
224,0
225,0
226,0
227,0
228,0
229,0
230,0
231,0
232,0
233,0
234,0
235,0
236,0
237,0
238,0
239,0
240,0
241,0
242,0
243,0
244,0
245,0
246,0
247,0
248,0
249,0
250,0
251,0
252,0
253,0
254,0
255,0
256,0
257,0
258,0
259,0
260,0
261,0
262,0
263,0
264,0
265,0
266,0
267,0
268,0
269,0
270,0
271,0
272,0
273,0
274,0
275,0
276,0
277,0
278,0
279,0
280,0
281,0
282,0
283,0
284,0
285,0
286,0
287,0
288,0
289,0
290,0
291,0
292,0
293,0
294,0
295,0
296,0
297,0
298,0
299,0
300,0
301,0
302,0
303,0
304,0
305,0
306,0
307,0
308,0
309,0
310,0
311,0
312,0
313,0
314,0
315,0
316,0
317,0
318,0
319,0
320,0
321,0
322,0
323,0
324,0
325,0
326,0
327,0
328,0
329,0
330,0
331,0
332,0
333,0
334,0
335,0
336,0
337,0
338,0
339,0
340,0
341,0
342,0
343,0
344,0
345,0
346,0
347,0
348,0
349,0
350,0
351,0
352,0
353,0
354,0
355,0
356,0
357,0
358,0
359,0
360,0
361,0
362,0
363,0
364,0
365,0
366,0
367,0
368,0
369,0
370,0
371,0
372,0
373,0
374,0
375,0
376,0
377,0
378,0
379,0
380,0
381,0
382,0
383,0
384,0
385,0
386,0
387,0
388,1.94377e-233
389,7.57882e-231
390,1.6585e-228
391,2.62965e-226
392,3.30292e-224
393,3.43726e-222
394,3.0502e-220
395,2.35698e-218
396,1.61195e-216
397,9.88463e-215
398,5.49261e-213
399,2.79009e-211
400,1.30521e-209
401,5.65833e-208
402,2.28554e-206
403,8.64207e-205
404,3.07159e-203
405,1.02992e-201
406,3.26848e-200
407,9.84569e-199
408,2.82254e-197
409,7.71888e-196
410,2.018e-194
411,5.05353e-193
412,1.21438e-191
413,2.80494e-190
414,6.2368e-189
415,1.33686e-187
416,2.76609e-186
417,5.53139e-185
418,1.07025e-183
419,2.00578e-182
420,3.6447e-181
421,6.42731e-180
422,1.10095e-178
423,1.83334e-177
424,2.97024e-176
425,4.68532e-175
426,7.20094e-174
427,1.07903e-172
428,1.57741e-171
429,2.25105e-170
430,3.13766e-169
431,4.27407e-168
432,5.69272e-167
433,7.4175e-166
434,9.45933e-165
435,1.18121e-163
436,1.44493e-162
437,1.73222e-161
438,2.03595e-160
439,2.34699e-159
440,2.65456e-158
441,2.94693e-157
442,3.21211e-156
443,3.43873e-155
444,3.61687e-154
445,3.73876e-153
446,3.79939e-152
447,3.79677e-151
448,3.73208e-150
449,3.60944e-149
450,3.43555e-148
451,3.21904e-147
452,2.96988e-146
453,2.69859e-145
454,2.41556e-144
455,2.1305e-143
456,1.85191e-142
457,1.5868e-141
458,1.34055e-140
459,1.11682e-139
460,9.1771e-139
461,7.43937e-138
462,5.95047e-137
463,4.69709e-136
464,3.65969e-135
465,2.81494e-134
466,2.13784e-133
467,1.60337e-132
468,1.18771e-131
469,8.69101e-131
470,6.28318e-130
471,4.48849e-129
472,3.16879e-128
473,2.21115e-127
474,1.52523e-126
475,1.04016e-125
476,7.01399e-125
477,4.67724e-124
478,3.08479e-123
479,2.01244e-122
480,1.29878e-121
481,8.29297e-121
482,5.23959e-120
483,3.27599e-119
484,2.02719e-118
485,1.24165e-117
486,7.5283e-117
487,4.51893e-116
488,2.68569e-115
489,1.58053e-114
490,9.2111e-114
491,5.31652e-113
492,3.0394e-112
493,1.7212e-111
494,9.65595e-111
495,5.36683e-110
496,2.95553e-109
497,1.61281e-108
498,8.72157e-108
499,4.6742e-107
500,2.48286e-106
501,1.30727e-105
502,6.82298e-105
503,3.53033e-104
504,1.811e-103
505,9.21113e-103
506,4.64548e-102
507,2.32328e-101
508,1.15227e-100
509,5.66779e-100
510,2.76511e-99
511,1.33807e-98
512,6.42296e-98
513,3.05852e-97
514,1.44489e-96
515,6.77215e-96
516,3.14932e-95
517,1.45321e-94
518,6.65401e-94
519,3.0235e-93
520,1.36342e-92
521,6.10191e-92
522,2.71045e-91
523,1.19503e-90
524,5.23e-90
525,2.27211e-89
526,9.79907e-89
527,4.19555e-88
528,1.78345e-87
529,7.52705e-87
530,3.15426e-86
531,1.3125e-85
532,5.42313e-85
533,2.2252e-84
534,9.06726e-84
535,3.66934e-83
536,1.47477e-82
537,5.88711e-82
538,2.33421e-81
539,9.19295e-81
540,3.59637e-80
541,1.39761e-79
542,5.39554e-79
543,2.06932e-78
544,7.88466e-78
545,2.98479e-77
546,1.12263e-76
547,4.19537e-76
548,1.55785e-75
549,5.74802e-75
550,2.10749e-74
551,7.67855e-74
552,2.7802e-73
553,1.00039e-72
554,3.57743e-72
555,1.27145e-71
556,4.49121e-71
557,1.57681e-70
558,5.50249e-70
559,1.90861e-69
560,6.58057e-69
561,2.25535e-68
562,7.68383e-68
563,2.60238e-67
564,8.76197e-67
565,2.93281e-66
566,9.75956e-66
567,3.22887e-65
568,1.06208e-64
569,3.47345e-64
570,1.12947e-63
571,3.65178e-63
572,1.17399e-62
573,3.75291e-62
574,1.19295e-61
575,3.77081e-61
576,1.18528e-60
577,3.705e-60
578,1.15172e-59
579,3.56046e-59
580,1.09465e-58
581,3.34708e-58
582,1.01786e-57
583,3.07853e-57
584,9.26082e-57
585,2.77084e-56
586,8.2459e-56
587,2.44084e-55
588,7.18657e-55
589,2.10472e-54
590,6.13151e-54
591,1.77683e-53
592,5.12201e-53
593,1.46878e-52
594,4.18991e-52
595,1.18902e-51
596,3.35676e-51
597,9.42767e-51
598,2.6342e-50
599,7.32251e-50
600,2.0251e-49
601,5.57202e-49
602,1.52534e-48
603,4.15449e-48
604,1.12582e-47
605,3.03548e-47
606,8.14331e-47
607,2.17367e-46
608,5.77317e-46
609,1.52569e-45
610,4.01197e-45
611,1.04977e-44
612,2.73324e-44
613,7.08138e-44
614,1.82566e-43
615,4.68368e-43
616,1.19571e-42
617,3.03769e-42
618,7.67965e-42
619,1.93209e-41
620,4.83731e-41
621,1.20525e-40
622,2.98849e-40
623,7.37448e-40
624,1.81101e-39
625,4.42615e-39
626,1.07659e-38
627,2.60613e-38
628,6.27868e-38
629,1.50547e-37
630,3.59262e-37
631,8.53273e-37
632,2.01701e-36
633,4.74539e-36
634,1.11118e-35
635,2.58971e-35
636,6.00721e-35
637,1.38693e-34
638,3.1871e-34
639,7.28957e-34
640,1.65949e-33
641,3.76028e-33
642,8.4808e-33
643,1.90383e-32
644,4.25402e-32
645,9.46126e-32
646,2.0945e-31
647,4.61527e-31
648,1.01228e-30
649,2.20999e-30
650,4.80253e-30
651,1.03882e-29
652,2.2367e-29
653,4.79365e-29
654,1.02264e-28
655,2.17157e-28
656,4.59011e-28
657,9.65765e-28
658,2.02265e-27
659,4.21666e-27
660,8.75022e-27
661,1.80747e-26
662,3.71642e-26
663,7.60643e-26
664,1.54967e-25
665,3.14268e-25
666,6.34399e-25
667,1.27476e-24
668,2.54972e-24
669,5.07644e-24
670,1.00607e-23
671,1.98469e-23
672,3.89725e-23
673,7.61763e-23
674,1.4821e-22
675,2.87032e-22
676,5.53319e-22
677,1.06173e-21
678,2.02786e-21
679,3.85524e-21
680,7.29542e-21
681,1.37414e-20
682,2.57627e-20
683,4.80761e-20
684,8.9298e-20
685,1.65092e-19
686,3.03792e-19
687,5.56406e-19
688,1.0143e-18
689,1.84035e-18
690,3.32341e-18
691,5.97334e-18
692,1.06854e-17
693,1.90242e-17
694,3.37097e-17
695,5.9447e-17
696,1.04334e-16
697,1.82239e-16
698,3.16785e-16
699,5.48016e-16
700,9.43447e-16
701,1.61634e-15
702,2.75568e-15
703,4.6752e-15
704,7.89292e-15
705,1.32597e-14
706,2.21656e-14
707,3.68692e-14
708,6.1021e-14
709,1.00488e-13
710,1.6465e-13
711,2.68414e-13
712,4.35348e-13
713,7.02494e-13
714,1.12775e-12
715,1.80107e-12
716,2.86145e-12
717,4.52233e-12
718,7.10961e-12
719,1.11178e-11
720,1.72929e-11
721,2.67531e-11
722,4.11642e-11
723,6.2992e-11
724,9.58632e-11
725,1.45077e-10
726,2.18325e-10
727,3.26695e-10
728,4.86063e-10
729,7.18999e-10
730,1.05736e-09
731,1.54578e-09
732,2.24632e-09
733,3.24463e-09
734,4.65794e-09
735,6.64541e-09
736,9.42132e-09
737,1.32716e-08
738,1.85744e-08
739,2.58248e-08
740,3.56653e-08
741,4.89199e-08
742,6.66349e-08
743,9.01224e-08
744,1.21008e-07
745,1.61277e-07
746,2.13322e-07
747,2.79973e-07
748,3.64521e-07
749,4.70713e-07
750,6.02705e-07
751,7.64971e-07
752,9.62144e-07
753,1.19877e-06
754,1.47897e-06
755,1.80599e-06
756,2.18159e-06
757,2.6054e-06
758,3.07406e-06
759,3.58035e-06
760,4.11223e-06
761,4.65199e-06
762,5.17546e-06
763,5.65154e-06
764,6.04219e-06
765,6.30293e-06
766,6.38425e-06
767,6.23391e-06
768,5.80039e-06
769,5.03749e-06
770,3.91008e-06
771,2.40082e-06
772,5.17512e-07
773,-1.69957e-06
774,-4.17101e-06
775,-6.77336e-06
776,-9.33706e-06
777,-1.16485e-05
778,-1.34573e-05
779,-1.44898e-05
780,-1.44691e-05
781,-1.31421e-05
782,-1.03117e-05
783,-5.87286e-06
784,1.51242e-07
785,7.57626e-06
786,1.60331e-05
787,2.49588e-05
788,3.36067e-05
789,4.10821e-05
790,4.64041e-05
791,4.8595e-05
792,4.67932e-05
793,4.03801e-05
794,2.91117e-05
795,1.32349e-05
796,-6.42749e-06
797,-2.84453e-05
798,-5.08185e-05
799,-7.10986e-05
800,-8.65956e-05
801,-9.46659e-05
802,-9.30578e-05
803,-8.02815e-05
804,-5.59566e-05
805,-2.10822e-05
806,2.18261e-05
807,6.87822e-05
808,0.000114591
809,0.000153334
810,0.000179049
811,0.00018655
812,0.000172284
813,0.000135104
814,7.68292e-05
815,2.4542e-06
816,-8.00777e-05
817,-0.000160588
818,-0.00022783
819,-0.00027101
820,-0.000281459
821,-0.000254232
822,-0.000189341
823,-9.23724e-05
824,2.57034e-05
825,0.000149627
826,0.000261776
827,0.000344726
828,0.00038406
829,0.000371005
830,0.000304376
831,0.000191436
832,4.73557e-05
833,-0.000106743
834,-0.000246978
835,-0.00035066
836,-0.000400325
837,-0.000387121
838,-0.000312809
839,-0.000189906
840,-3.97645e-05
841,0.000111163
842,0.000236254
843,0.000313926
844,0.000332026
845,0.000290448
846,0.000201286
847,8.63369e-05
848,-2.7627e-05
849,-0.000114886
850,-0.000156779
851,-0.000146263
852,-8.98541e-05
853,-6.30511e-06
854,7.78635e-05
855,0.000135076
856,0.000144103
857,9.63051e-05
858,-1.01179e-06
859,-0.000125239
860,-0.000243282
861,-0.000319646
862,-0.000325906
863,-0.000249177
864,-9.71854e-05
865,0.000101709
866,0.000304021
867,0.000461181
868,0.000531795
869,0.000492996
870,0.000347721
871,0.000125624
872,-0.00012311
873,-0.00033987
874,-0.000472706
875,-0.000490394
876,-0.000391491
877,-0.000205514
878,1.45506e-05
879,0.000206728
880,0.000317714
881,0.000318672
882,0.000214399
883,4.27106e-05
884,-0.000136281
885,-0.000258314
886,-0.000275359
887,-0.000172018
888,2.74761e-05
889,0.000264468
890,0.000462479
891,0.000550676
892,0.000487166
893,0.000274653
894,-3.71138e-05
895,-0.000363788
896,-0.000610753
897,-0.00070225
898,-0.000606187
899,-0.000346303
900,2.9882e-06
901,0.000338381
902,0.000559801
903,0.000602783
904,0.000460354
905,0.000186565
906,-0.000120376
907,-0.000350605
908,-0.000420316
909,-0.000301918
910,-3.57669e-05
911,0.00028155
912,0.000529432
913,0.000605645
914,0.000464328
915,0.000135801
916,-0.000279885
917,-0.00064479
918,-0.000830225
919,-0.000763024
920,-0.000454187
921,1.35807e-06
922,0.000455199
923,0.00075643
924,0.000805498
925,0.000591265
926,0.000196942
927,-0.000228592
928,-0.00052476
929,-0.000579321
930,-0.000372057
931,1.51126e-05
932,0.000426787
933,0.000692111
934,0.000691027
935,0.000403469
936,-7.83308e-05
937,-0.000580813
938,-0.00091312
939,-0.000940571
940,-0.000639159
941,-0.000108926
942,0.000460732
943,0.00086195
944,0.000948788
945,0.000695508
946,0.000208757
947,-0.000312771
948,-0.000656655
949,-0.000682592
950,-0.00038108
951,0.00011991
952,0.000604735
953,0.00085769
954,0.000753435
955,0.000312755
956,-0.000300792
957,-0.000844035
958,-0.00109282
959,-0.000935958
960,-0.00042487
961,0.000243456
962,0.000805105
963,0.00103808
964,0.000856033
965,0.000346488
966,-0.000264281
967,-0.000706672
968,-0.000783887
969,-0.000459015
970,0.000125633
971,0.000707279
972,0.00101598
973,0.000894232
974,0.000370292
975,-0.000348528
976,-0.000961996
977,-0.00120664
978,-0.000972528
979,-0.000354935
980,0.000384031
981,0.000928794
982,0.00104975
983,0.000706606
984,6.81492e-05
985,-0.000562356
986,-0.00088431
987,-0.000738185
988,-0.000181785
989,0.000532186
990,0.0010692
991,0.00116652
992,0.000757081
993,5.45579e-06
994,-0.000763022
995,-0.00120931
996,-0.00113702
997,-0.00058509
998,0.00018796
999,0.000822933
1000,0.00102789
1001,0.000716514
1002,5.06683e-05
1003,-0.00063495
1004,-0.000992192
1005,-0.000827997
1006,-0.00020113
1007,0.000601046
1008,0.00119701
1009,0.00129391
1010,0.000831073
1011,1.35862e-05
1012,-0.000782493
1013,-0.0011896
1014,-0.00102663
1015,-0.000388171
1016,0.000400218
1017,0.000940969
1018,0.000960994
1019,0.00044892
1020,-0.000336136
1021,-0.000990873
1022,-0.00116846
1023,-0.00075437
1024,7.12321e-05
1025,0.000918064
1026,0.00137733
1027,0.00122578
1028,0.000539499
1029,-0.000341518
1030,-0.000982359
1031,-0.00107202
1032,-0.000581439
1033,0.000220604
1034,0.000903912
1035,0.00109765
1036,0.000683175
1037,-0.00014084
1038,-0.000956621
1039,-0.00134039
1040,-0.00108173
1041,-0.000295477
1042,0.000633519
1043,0.00124624
1044,0.0012459
1045,0.000651892
1046,-0.000209994
1047,-0.000877788
1048,-0.000996173
1049,-0.000504706
1050,0.000328585
1051,0.00104771
1052,0.00125065
1053,0.000805125
1054,-7.70815e-05
1055,-0.00094854
1056,-0.00136157
1057,-0.00110603
1058,-0.000322163
1059,0.000573221
1060,0.00110926
1061,0.00101361
1062,0.000358971
1063,-0.00047664
1064,-0.00101574
1065,-0.000942763
1066,-0.000278806
1067,0.000626478
1068,0.00128324
1069,0.00132849
1070,0.00072606
1071,-0.000211039
1072,-0.000989656
1073,-0.00120545
1074,-0.00076414
1075,6.76016e-05
1076,0.000810768
1077,0.00104099
1078,0.000625923
1079,-0.000199545
1080,-0.000963496
1081,-0.00122113
1082,-0.000805712
1083,7.48237e-05
1084,0.000951111
1085,0.00135333
1086,0.00107386
1087,0.000283446
1088,-0.00056565
1089,-0.000995701
1090,-0.000774368
1091,-4.63118e-05
1092,0.000750095
1093,0.0011345
1094,0.000861582
1095,6.45482e-05
1096,-0.000818084
1097,-0.00129185
1098,-0.00108944
1099,-0.000324698
1100,0.000572043
1101,0.00110098
1102,0.000980286
1103,0.000307558
1104,-0.00049884
1105,-0.000945286
1106,-0.000752771
1107,-2.19514e-05
1108,0.00082389
1109,0.00128571
1110,0.00108158
1111,0.000313661
1112,-0.000589481
1113,-0.00112254
1114,-0.000998846
1115,-0.000317308
1116,0.000498
1117,0.000950717
1118,0.000767968
1119,6.33377e-05
1120,-0.000730611
1121,-0.00112097
1122,-0.000850566
1123,-5.44744e-05
1124,0.000817617
1125,0.00126785
1126,0.00104657
1127,0.000300827
1128,-0.000514885
1129,-0.000912606
1130,-0.000665051
1131,5.78224e-05
1132,0.000792995
1133,0.00106698
1134,0.000685841
1135,-0.000143815
1136,-0.000937431
1137,-0.00122521
1138,-0.000837293
1139,-7.32992e-06
1140,0.000769472
1141,0.00103794
1142,0.000659959
1143,-0.000102902
1144,-0.000752494
1145,-0.000863058
1146,-0.000346057
1147,0.000492878
1148,0.00114093
1149,0.00119433
1150,0.000608635
1151,-0.000272335
1152,-0.000927578
1153,-0.000979833
1154,-0.000427331
1155,0.000357855
1156,0.000864177
1157,0.00076181
1158,0.000110024
1159,-0.00067935
1160,-0.00110009
1161,-0.000870007
1162,-0.000109743
1163,0.000730773
1164,0.00115275
1165,0.000919757
1166,0.000203956
1167,-0.000525137
1168,-0.000799099
1169,-0.000447631
1170,0.000294071
1171,0.000935919
1172,0.0010461
1173,0.00052776
1174,-0.000317139
1175,-0.000977927
1176,-0.00105853
1177,-0.000527878
1178,0.000262476
1179,0.000804902
1180,0.000761238
1181,0.000178636
1182,-0.000542917
1183,-0.000910488
1184,-0.000658134
1185,7.94613e-05
1186,0.000851934
1187,0.00118221
1188,0.000872921
1189,0.000132127
1190,-0.000563018
1191,-0.00077617
1192,-0.00039401
1193,0.000302643
1194,0.000825
1195,0.00079825
1196,0.000209069
1197,-0.000583233
1198,-0.00107949
1199,-0.000965379
1200,-0.000315511
1201,0.000456595
1202,0.000869811
1203,0.000689599
1204,7.85626e-05
1205,-0.000515532
1206,-0.00066004
1207,-0.00022739
1208,0.000517335
1209,0.00108956
1210,0.00110489
1211,0.000533675
1212,-0.000278234
1213,-0.000836465
1214,-0.000822217
1215,-0.000298352
1216,0.000339154
1217,0.000631291
1218,0.000366693
1219,-0.000275248
1220,-0.000844903
1221,-0.000926028
1222,-0.000418834
1223,0.000387876
1224,0.00100475
1225,0.00106469
1226,0.000564225
1227,-0.000138407
1228,-0.000566789
1229,-0.00044722
1230,0.000109428
1231,0.000687336
1232,0.000852441
1233,0.000451512
1234,-0.000279763
1235,-0.000873615
1236,-0.000946018
1237,-0.000457098
1238,0.000261168
1239,0.000729411
1240,0.000645326
1241,8.75647e-05
1242,-0.000539751
1243,-0.000784092
1244,-0.000454183
1245,0.000249095
1246,0.000869809
1247,0.00100799
1248,0.000591322
1249,-7.86434e-05
1250,-0.000537223
1251,-0.000478786
1252,3.18407e-05
1253,0.000604988
1254,0.000797864
1255,0.000425085
1256,-0.000306761
1257,-0.000934558
1258,-0.00105197
1259,-0.000585374
1260,0.000157406
1261,0.000698953
1262,0.00071803
1263,0.000264283
1264,-0.000285784
1265,-0.000499387
1266,-0.000194985
1267,0.000428294
1268,0.000929877
1269,0.000938332
1270,0.000415802
1271,-0.000309635
1272,-0.000767725
1273,-0.000670733
1274,-0.000112621
1275,0.000496778
1276,0.000717212
1277,0.000384207
1278,-0.000277514
1279,-0.000812013
1280,-0.000850273
1281,-0.000365391
1282,0.000313363
1283,0.000735801
1284,0.000648098
1285,0.000167574
1286,-0.000308079
1287,-0.000391694
1288,9.9954e-06
1289,0.000623148
1290,0.00099751
1291,0.000827006
1292,0.000172987
1293,-0.000569383
1294,-0.000939901
1295,-0.000729011
1296,-0.000118599
1297,0.000450504
1298,0.000589652
1299,0.000231754
1300,-0.00033063
1301,-0.000662694
1302,-0.000502712
1303,5.09657e-05
1304,0.000614255
1305,0.000797804
1306,0.000490244
1307,-6.08825e-05
1308,-0.000429629
1309,-0.000323778
1310,0.000197046
1311,0.000756402
1312,0.000926671
1313,0.000536417
1314,-0.000200739
1315,-0.000829105
1316,-0.00096501
1317,-0.000559074
1318,7.86848e-05
1319,0.000506008
1320,0.000462683
1321,4.62689e-05
1322,-0.000374195
1323,-0.000439437
1324,-6.85182e-05
1325,0.000481833
1326,0.000809411
1327,0.000667875
1328,0.000154462
1329,-0.000355829
1330,-0.000483685
1331,-0.000127416
1332,0.000454058
1333,0.000821089
1334,0.000668683
1335,5.01814e-05
1336,-0.000653107
1337,-0.000995744
1338,-0.000776611
1339,-0.000171694
1340,0.000401157
1341,0.000583878
1342,0.000326161
1343,-9.77891e-05
1344,-0.000309753
1345,-0.00011749
1346,0.000342158
1347,0.000711837
1348,0.000690327
1349,0.000268055
1350,-0.00025715
1351,-0.000498769
1352,-0.000273445
1353,0.000252338
1354,0.00067397
1355,0.000641407
1356,0.000120017
1357,-0.0005728
1358,-0.000985115
1359,-0.000846467
1360,-0.000254671
1361,0.000399781
1362,0.000713692
1363,0.000550281
1364,0.000116698
1365,-0.000209604
1366,-0.000170289
1367,0.000186044
1368,0.000554786
1369,0.000620954
1370,0.000309164
1371,-0.000154394
1372,-0.000416348
1373,-0.000273867
1374,0.000158426
1375,0.000524403
1376,0.0004931
1377,1.7221e-05
1378,-0.00061283
1379,-0.000965265
1380,-0.000773841
1381,-0.000132677
1382,0.000563616
1383,0.000893019
1384,0.000696506
1385,0.000177171
1386,-0.000260995
1387,-0.000312374
1388,1.64976e-05
1389,0.000434652
1390,0.000605443
1391,0.000405485
1392,4.86803e-06
1393,-0.000283464
1394,-0.000257438
1395,1.68213e-05
1396,0.000261269
1397,0.000209782
1398,-0.000169302
1399,-0.000622414
1400,-0.000783143
1401,-0.000453778
1402,0.000216272
1403,0.000810295
1404,0.000942339
1405,0.000547085
1406,-7.2259e-05
1407,-0.000475416
1408,-0.000404125
1409,5.69748e-05
1410,0.000571088
1411,0.000790354
1412,0.000574119
1413,6.61453e-05
1414,-0.000402059
1415,-0.000537769
1416,-0.000309996
1417,1.60262e-05
1418,0.000108873
1419,-0.000111139
1420,-0.000383294
1421,-0.00036695
1422,6.10478e-06
1423,0.00046289
1424,0.000664198
1425,0.000503383
1426,0.000132524
1427,-0.000216256
1428,-0.000354414
1429,-0.000155119
1430,0.000365433
1431,0.000907118
1432,0.000980663
1433,0.000357514
1434,-0.000565224
1435,-0.00103958
1436,-0.000720706
1437,-3.58072e-05
1438,0.000328965
1439,0.00020638
1440,3.17052e-06
1441,2.42518e-05
1442,7.38768e-05
1443,-9.67602e-05
1444,-0.000242752
1445,6.01838e-05
1446,0.000627604
1447,0.00070952
1448,5.71799e-05
1449,-0.000493898
1450,-3.31172e-05
1451,0.00102209
1452,0.00123452
1453,5.35369e-05
1454,-0.0012552
1455,-0.00116985
1456,3.15991e-05
1457,0.000663784
1458,4.82123e-05
1459,-0.000537652
1460,0.000100678
1461,0.00102982
1462,0.000444132
1463,-0.00134499
1464,-0.00180762
1465,0.000268411
1466,0.00255168
1467,0.00200024
1468,-0.000767308
1469,-0.00198295
1470,3.82293e-05
1471,0.00228579
1472,0.00124253
1473,-0.001824
1474,-0.0024
1475,0.000624001
1476,0.00290517
1477,0.000811879
1478,-0.0028758
1479,-0.00259091
1480,0.00167702
1481,0.00371981
1482,1.85595e-05
1483,-0.00445181
1484,-0.00281637
1485,0.00342863
1486,0.00572758
1487,0.000534883
1488,-0.00505162
1489,-0.00307228
1490,0.00360127
1491,0.00504291
1492,-0.00116716
1493,-0.00586597
1494,-0.00156782
1495,0.0058973
1496,0.00520544
1497,-0.00361457
1498,-0.00821272
1499,-0.00149339
1500,0.00741835
1501,0.0057144
1502,-0.00436083
1503,-0.0081567
1504,0.000227132
1505,0.00887082
1506,0.00502605
1507,-0.00604345
1508,-0.00825959
1509,0.00184296
1510,0.00968146
1511,0.00372498
1512,-0.00744486
1513,-0.00745067
1514,0.00380766
1515,0.00971203
1516,0.00118938
1517,-0.00973932
1518,-0.0072266
1519,0.00534512
1520,0.0101891
1521,0.00076272
1522,-0.00911734
1523,-0.00558021
1524,0.00556008
1525,0.00803267
1526,-0.0010693
1527,-0.00781811
1528,-0.00241253
1529,0.00686795
1530,0.00649689
1531,-0.00263108
1532,-0.00735561
1533,-0.00168133
1534,0.00549074
1535,0.00425873
1536,-0.00250972
1537,-0.00486582
1538,-0.000480403
1539,0.00348793
1540,0.00193771
1541,-0.00171955
1542,-0.00224446
1543,-0.000113877
1544,0.00104496
1545,0.000712983
1546,0.000845089
1547,0.00119389
1548,-5.39922e-05
1549,-0.00177009
1550,-0.000797595
1551,0.00214615
1552,0.00230658
1553,-0.0014517
1554,-0.00351337
1555,0.000205347
1556,0.00470521
1557,0.00241461
1558,-0.00461303
1559,-0.0062232
1560,0.000926443
1561,0.0072345
1562,0.00352042
1563,-0.00510542
1564,-0.00616258
1565,0.00190121
1566,0.00726021
1567,0.00214705
1568,-0.00571163
1569,-0.00470265
1570,0.00351888
1571,0.00683316
1572,0.000675552
1573,-0.00578573
1574,-0.0036879
1575,0.00300144
1576,0.00443445
1577,-0.000572791
1578,-0.00410331
1579,-0.00161265
1580,0.00238171
1581,0.00237207
1582,-0.000419588
1583,-0.00163726
1584,-0.000725705
1585,-1.12654e-05
1586,0.000326848
1587,0.00161151
1588,0.00246795
1589,0.00033702
1590,-0.00295568
1591,-0.00239645
1592,0.0021177
1593,0.0040934
1594,-5.73474e-05
1595,-0.00452265
1596,-0.0022067
1597,0.00388981
1598,0.00433013
1599,-0.00232874
1600,-0.00647272
1601,-0.00151192
1602,0.00583152
1603,0.00510803
1604,-0.00245509
1605,-0.00589168
1606,-0.00068439
1607,0.00515887
1608,0.00351609
1609,-0.00234754
1610,-0.00377089
1611,0.000395341
1612,0.00343914
1613,0.00158829
1614,-0.00150322
1615,-0.00176552
1616,-0.000375893
1617,3.84554e-06
1618,-1.32279e-05
1619,0.000946622
1620,0.00124397
1621,-0.000787162
1622,-0.00249914
1623,-0.000452923
1624,0.00301624
1625,0.00229336
1626,-0.00225982
1627,-0.00356533
1628,0.00136543
1629,0.00565448
1630,0.00229754
1631,-0.00462874
1632,-0.00521936
1633,0.00156154
1634,0.00606092
1635,0.00209292
1636,-0.00426098
1637,-0.00414128
1638,0.00127445
1639,0.00365649
1640,0.000330065
1641,-0.00286596
1642,-0.0014421
1643,0.00163449
1644,0.00189833
1645,0.000126805
1646,-0.000483815
1647,-1.35042e-05
1648,-0.000351062
1649,-0.000638111
1650,0.00101121
1651,0.00269837
1652,0.000882191
1653,-0.00287373
1654,-0.00286752
1655,0.0016725
1656,0.00408269
1657,9.46543e-05
1658,-0.00477187
1659,-0.00293963
1660,0.00339817
1661,0.00501446
1662,-0.000555037
1663,-0.00523482
1664,-0.00247009
1665,0.00339672
1666,0.00423884
1667,-2.14468e-05
1668,-0.00264062
1669,-0.000760523
1670,0.00156472
1671,0.000993676
1672,-0.000472092
1673,-0.000265836
1674,0.000364162
1675,-0.00029886
1676,-0.000705209
1677,0.00066542
1678,0.0014282
1679,-0.000861191
1680,-0.00326114
1681,-0.00115269
1682,0.00355432
1683,0.00393074
1684,-0.00133205
1685,-0.00487034
1686,-0.00130187
1687,0.00435659
1688,0.00398963
1689,-0.00151502
1690,-0.00394018
1691,-0.000241428
1692,0.00352286
1693,0.00201027
1694,-0.00186584
1695,-0.00252632
1696,-0.000115437
1697,0.00124576
1698,0.000523485
1699,3.50355e-05
1700,0.000235284
1701,-0.00059814
1702,-0.00180193
1703,-0.00057435
1704,0.00240364
1705,0.00261938
1706,-0.000974008
1707,-0.00309426
1708,-4.89077e-06
1709,0.00389045
1710,0.00231385
1711,-0.0028134
1712,-0.00379561
1713,0.00103474
1714,0.00457609
1715,0.00169158
1716,-0.00330352
1717,-0.00358268
1718,0.000310389
1719,0.00251926
1720,0.00104193
1721,-0.000722263
1722,-0.000580736
1723,-0.00018266
1724,-0.000541647
1725,-3.65554e-07
1726,0.00166714
1727,0.00163896
1728,-0.000897755
1729,-0.00209698
1730,0.000612207
1731,0.00336746
1732,0.00131424
1733,-0.00315097
1734,-0.0032903
1735,0.00148035
1736,0.00419315
1737,0.000826462
1738,-0.00361663
1739,-0.00288392
1740,0.00132995
1741,0.00277744
1742,0.000268468
1743,-0.0016715
1744,-0.00060503
1745,0.000924648
1746,0.000756996
1747,0.000294119
1748,0.000704824
1749,0.000412132
1750,-0.00115864
1751,-0.00125654
1752,0.00145515
1753,0.00319477
1754,0.000391149
1755,-0.00372391
1756,-0.00306529
1757,0.00181852
1758,0.00397242
1759,0.000419505
1760,-0.00340838
1761,-0.00212275
1762,0.0017363
1763,0.00237497
1764,-0.000310287
1765,-0.00160767
1766,7.00311e-05
1767,0.0015326
1768,0.000843385
1769,-8.36884e-05
1770,0.000145085
1771,3.15191e-05
1772,-0.00101526
1773,-0.000703494
1774,0.00166413
1775,0.0025101
1776,-0.000578164
1777,-0.00379042
1778,-0.00211344
1779,0.00252164
1780,0.00349932
1781,-0.000497355
1782,-0.00344495
1783,-0.0012222
1784,0.00245525
1785,0.00231592
1786,-0.000605231
1787,-0.00160384
1788,0.000117919
1789,0.00132433
1790,0.000720606
1791,0.00019545
1792,0.000389439
1793,-0.000290998
1794,-0.00159559
1795,-0.000885541
1796,0.00178971
1797,0.00238102
1798,-0.000830809
1799,-0.00348534
1800,-0.00138597
1801,0.00261577
1802,0.0026662
1803,-0.00104771
1804,-0.00269673
1805,3.65303e-05
1806,0.00272291
1807,0.00152064
1808,-0.00120553
1809,-0.00139933
1810,0.00045686
1811,0.00125512
1812,0.000615918
1813,0.00031443
1814,0.000204892
1815,-0.00102782
1816,-0.00206495
1817,-0.000400233
1818,0.00251793
1819,0.00225496
1820,-0.00152515
1821,-0.00354898
1822,-0.000685202
1823,0.00299993
1824,0.00233818
1825,-0.0011617
1826,-0.00207709
1827,0.000475235
1828,0.00219098
1829,0.000824146
1830,-0.000925984
1831,-0.000602731
1832,0.000414727
1833,0.000317589
1834,4.73195e-05
1835,0.000614941
1836,0.000494145
1837,-0.00129166
1838,-0.00220909
1839,1.52427e-05
1840,0.00272099
1841,0.00168159
1842,-0.0019586
1843,-0.00283585
1844,0.000438888
1845,0.00306223
1846,0.00146903
1847,-0.00147434
1848,-0.00142675
1849,0.000884355
1850,0.00171023
1851,0.000400283
1852,-0.000574002
1853,-0.000340593
1854,-0.000289076
1855,-0.000525803
1856,0.000312529
1857,0.00151119
1858,0.000551932
1859,-0.00211661
1860,-0.00254261
1861,0.000633046
1862,0.00322737
1863,0.00149876
1864,-0.00199418
1865,-0.00222612
1866,0.000743841
1867,0.00237853
1868,0.000862721
1869,-0.000834602
1870,-0.000392105
1871,0.000641881
1872,0.000406909
1873,-0.000178046
1874,8.59845e-05
1875,0.000163901
1876,-0.00077634
1877,-0.0010372
1878,0.000617507
1879,0.00185807
1880,0.000122834
1881,-0.00252988
1882,-0.00190838
1883,0.00161382
1884,0.00317806
1885,0.000711617
1886,-0.00205929
1887,-0.0014546
1888,0.00100238
1889,0.00176335
1890,0.000626257
1891,-0.000176628
1892,-0.00015125
1893,-0.000400196
1894,-0.000620975
1895,0.00027622
1896,0.00122365
1897,0.000189451
1898,-0.00180525
1899,-0.00150763
1900,0.00117037
1901,0.0023079
1902,-1.44798e-05
1903,-0.00239577
1904,-0.00123767
1905,0.0017529
1906,0.0023992
1907,0.000342456
1908,-0.00114784
1909,-0.000561074
1910,0.000392426
1911,0.000486012
1912,0.000541675
1913,0.000799334
1914,8.32693e-05
1915,-0.00135061
1916,-0.00126255
1917,0.000726555
1918,0.00167352
1919,-0.000178498
1920,-0.0021024
1921,-0.000928532
1922,0.0017535
1923,0.00193004
1924,-0.00055484
1925,-0.00190089
1926,-0.000321856
1927,0.00165952
1928,0.00158936
1929,0.000347514
1930,-0.00031789
1931,-0.000535965
1932,-0.000777348
1933,-0.000178616
1934,0.00136973
1935,0.00169148
1936,-0.000476964
1937,-0.00255629
1938,-0.00144843
1939,0.00146235
1940,0.00206562
1941,-0.000255434
1942,-0.00184046
1943,-0.00054551
1944,0.00131758
1945,0.00113264
1946,-0.000157597
1947,-0.00037705
1948,0.000281361
1949,0.000426915
1950,0.000276784
1951,0.000659012
1952,0.00072228
1953,-0.000545034
1954,-0.00163049
1955,-0.000424771
1956,0.00178034
1957,0.00158739
1958,-0.00111946
1959,-0.00254701
1960,-0.000671611
1961,0.00174474
1962,0.00153264
1963,-0.000345322
1964,-0.000994785
1965,-9.72932e-05
1966,0.000557775
1967,0.000508282
1968,0.000647391
1969,0.000747272
1970,-8.82961e-05
1971,-0.000958738
1972,-0.000146154
1973,0.00148191
1974,0.00115792
1975,-0.00118763
1976,-0.00219433
1977,-0.000185197
1978,0.00198981
1979,0.00123754
1980,-0.00116276
1981,-0.00182557
1982,-0.000306095
1983,0.00102795
1984,0.00102279
1985,0.000630179
1986,0.000319885
1987,-0.000406378
1988,-0.000942737
1989,4.84859e-05
1990,0.00176289
1991,0.00161844
1992,-0.000619019
1993,-0.00187756
1994,-0.000373429
1995,0.00148858
1996,0.000873648
1997,-0.00109595
1998,-0.00138039
1999,0.000162923
2000,0.00102543
2001,0.000274875
2002,-0.000506648
2003,-0.000338772
2004,-2.11803e-05
2005,7.88291e-05
2006,0.000688092
2007,0.00145217
2008,0.000774769
2009,-0.00111789
2010,-0.00155814
2011,0.000532014
2012,0.00237203
2013,0.00122576
2014,-0.00138633
2015,-0.00197794
2016,-0.000218222
2017,0.00112595
2018,0.000644717
2019,-0.000290151
2020,-0.000479758
2021,-0.000419197
2022,-0.000407699
2023,0.00022569
2024,0.00117589
2025,0.000887735
2026,-0.000633638
2027,-0.00107409
2028,0.000603602
2029,0.00202546
2030,0.000891755
2031,-0.00127168
2032,-0.00137741
2033,0.000505313
2034,0.00152053
2035,0.000494274
2036,-0.000822068
2037,-0.000965586
2038,-0.000508258
2039,-0.00014182
2040,0.000456261
2041,0.00103732
2042,0.000429088
2043,-0.00109602
2044,-0.00132102
2045,0.000555528
2046,0.00210593
2047,0.00111951
2048,-0.000907807
2049,-0.00105646
2050,0.000569177
2051,0.00134329
2052,0.000355571
2053,-0.000641379
2054,-0.000451779
2055,5.24502e-05
2056,6.67419e-05
2057,8.43071e-05
2058,0.000260832
2059,-0.000210811
2060,-0.0011197
2061,-0.000803095
2062,0.000994895
2063,0.00190637
2064,0.000350155
2065,-0.00164096
2066,-0.00120869
2067,0.00105346
2068,0.00210027
2069,0.000921508
2070,-0.000558324
2071,-0.000801559
2072,-0.000331633
2073,0.000105925
2074,0.000634439
2075,0.000931407
2076,8.51256e-05
2077,-0.00137133
2078,-0.00141097
2079,0.000358521
2080,0.00154468
2081,0.000443488
2082,-0.00121368
2083,-0.000915012
2084,0.000778329
2085,0.00135872
2086,0.000329266
2087,-0.000481516
2088,-0.000119315
2089,0.000451466
2090,0.000520537
2091,0.00053512
2092,0.000518463
2093,-0.000205808
2094,-0.00115516
2095,-0.000744322
2096,0.000926347
2097,0.00149137
2098,-0.000178887
2099,-0.00188529
2100,-0.00123382
2101,0.000799624
2102,0.00151025
2103,0.000444131
2104,-0.000539677
2105,-0.000430499
2106,4.702e-05
2107,0.000384486
2108,0.000843861
2109,0.00104421
2110,0.000200133
2111,-0.000955393
2112,-0.00066814
2113,0.000882961
2114,0.00133892
2115,-0.000223506
2116,-0.00160754
2117,-0.000821024
2118,0.000866568
2119,0.00103784
2120,-0.000232363
2121,-0.000971444
2122,-0.00049471
2123,0.000202366
2124,0.000586461
2125,0.00092932
2126,0.000866581
2127,-0.000171395
2128,-0.0011656
2129,-0.000415256
2130,0.00149781
2131,0.00193968
2132,8.66062e-05
2133,-0.00165063
2134,-0.00114641
2135,0.000507357
2136,0.00104078
2137,0.000261765
2138,-0.000462052
2139,-0.000621776
2140,-0.00058377
2141,-0.000201151
2142,0.000666493
2143,0.00101698
2144,5.31773e-05
2145,-0.000950886
2146,-0.000243983
2147,0.00136225
2148,0.001409
2149,-0.000287818
2150,-0.0011821
2151,2.43859e-06
2152,0.00133341
2153,0.000855615
2154,-0.000525229
2155,-0.000919704
2156,-0.000367953
2157,-2.91284e-05
2158,7.29917e-05
2159,0.000469981
2160,0.00053877
2161,-0.000454839
2162,-0.00136499
2163,-0.000502201
2164,0.00139475
2165,0.00182681
2166,0.000235251
2167,-0.00117168
2168,-0.000712767
2169,0.000667487
2170,0.00127764
2171,0.000853502
2172,2.37121e-05
2173,-0.000779463
2174,-0.000994081
2175,-6.42204e-05
2176,0.00117498
2177,0.000875032
2178,-0.000968477
2179,-0.00180717
2180,-0.000190249
2181,0.00166639
2182,0.00105623
2183,-0.000983858
2184,-0.00129316
2185,0.000477182
2186,0.00158756
2187,0.000717257
2188,-0.000344815
2189,-0.000115612
2190,0.000374659
2191,2.79238e-05
2192,-0.000215386
2193,0.000535829
2194,0.00101098
2195,-0.000122214
2196,-0.00157014
2197,-0.00115071
2198,0.000705207
2199,0.001496
2200,0.000310476
2201,-0.00114538
2202,-0.00118101
2203,-1.48198e-05
2204,0.00112522
2205,0.00135125
2206,0.000464233
2207,-0.000788843
2208,-0.000913529
2209,0.000557516
2210,0.00180253
2211,0.000884724
2212,-0.00112213
2213,-0.00134751
2214,0.000489698
2215,0.00149585
2216,0.000122724
2217,-0.00144142
2218,-0.000912382
2219,0.000549397
2220,0.000647947
2221,-0.000224356
2222,-0.000198966
2223,0.000474843
2224,0.000136632
2225,-0.000763985
2226,-0.000160259
2227,0.00164738
2228,0.00183282
2229,-0.000357407
2230,-0.00193752
2231,-0.000616843
2232,0.00168997
2233,0.00181233
2234,-0.000153608
2235,-0.00154619
2236,-0.00109703
2237,7.04539e-05
2238,0.000703611
2239,0.000633405
2240,4.12232e-05
2241,-0.000744623
2242,-0.000881051
2243,8.35207e-05
2244,0.00112611
2245,0.00093818
2246,-8.09734e-05
2247,-0.000440277
2248,0.00013846
2249,0.000596157
2250,0.000487712
2251,0.000351278
2252,0.00023113
2253,-0.000324837
2254,-0.000759521
2255,-3.73197e-05
2256,0.00108006
2257,0.000588619
2258,-0.00129827
2259,-0.00176902
2260,0.000265265
2261,0.00200405
2262,0.000885089
2263,-0.00135648
2264,-0.0013936
2265,0.000594128
2266,0.00161996
2267,0.000733724
2268,-0.000135715
2269,4.55382e-05
2270,0.000107416
2271,-0.00040249
2272,-0.000147983
2273,0.00106977
2274,0.00120397
2275,-0.000599779
2276,-0.00196781
2277,-0.000783687
2278,0.00131521
2279,0.00135727
2280,-0.000488008
2281,-0.00146758
2282,-0.000478377
2283,0.000827953
2284,0.000968886
2285,0.000357328
2286,-9.98925e-05
2287,-0.000215008
2288,2.71973e-05
2289,0.000651599
2290,0.00101595
2291,0.000368551
2292,-0.000694293
2293,-0.000750906
2294,0.000255125
2295,0.000837055
2296,0.000258685
2297,-0.000542708
2298,-0.000704918
2299,-0.000502953
2300,-0.000185344
2301,0.000524872
2302,0.00112339
2303,0.000410504
2304,-0.00116925
2305,-0.00128754
2306,0.000770507
2307,0.00236607
2308,0.00118973
2309,-0.00109932
2310,-0.00135303
2311,0.000337724
2312,0.00124787
2313,0.000493231
2314,-0.0002266
2315,-0.000121685
2316,-0.000314733
2317,-0.000956268
2318,-0.000524903
2319,0.000990911
2320,0.00124297
2321,-0.000581714
2322,-0.00180452
2323,-0.000317633
2324,0.00181556
2325,0.00148625
2326,-0.000587764
2327,-0.0011876
2328,0.000321818
2329,0.00144791
2330,0.000781832
2331,-0.000297654
2332,-0.000436717
2333,-0.000131448
2334,-4.48091e-05
2335,0.000185707
2336,0.000559805
2337,0.000161602
2338,-0.00097214
2339,-0.00124497
2340,5.91095e-05
2341,0.00132245
2342,0.000891834
2343,-0.000505844
2344,-0.00101373
2345,-0.000228434
2346,0.000797784
2347,0.00123778
2348,0.000932482
2349,-1.62395e-05
2350,-0.000925914
2351,-0.000662998
2352,0.000730341
2353,0.00147116
2354,0.000392807
2355,-0.0011291
2356,-0.00113266
2357,2.73768e-05
2358,0.000554855
2359,0.000146836
2360,-7.21525e-05
2361,4.279e-05
2362,-0.000305369
2363,-0.000679257
2364,0.000152097
2365,0.00148898
2366,0.00116437
2367,-0.000705516
2368,-0.00129168
2369,0.000498021
2370,0.00197446
2371,0.000849484
2372,-0.00112909
2373,-0.00111587
2374,0.000386398
2375,0.000862604
2376,1.87316e-05
2377,-0.000416951
2378,-0.000154094
2379,-0.000388803
2380,-0.000839702
2381,-1.74158e-05
2382,0.00146295
2383,0.00115226
2384,-0.000977993
2385,-0.00178295
2386,0.000239383
2387,0.00233818
2388,0.00162987
2389,-0.000654617
2390,-0.00139641
2391,-0.000182077
2392,0.000902794
2393,0.000811252
2394,0.000286515
2395,-0.000196195
2396,-0.000805009
2397,-0.00100898
2398,-9.70039e-05
2399,0.00105219
2400,0.000787947
2401,-0.000643847
2402,-0.00121174
2403,-0.000133711
2404,0.00106523
2405,0.000989358
2406,0.000155853
2407,-0.000284588
2408,-0.000123335
2409,0.000288903
2410,0.000721944
2411,0.000763451
2412,3.37692e-05
2413,-0.00081248
2414,-0.000578357
2415,0.000521793
2416,0.000845056
2417,-0.000164088
2418,-0.00102731
2419,-0.000605533
2420,0.000231825
2421,0.000368989
2422,0.00021345
2423,0.000375682
2424,0.000230121
2425,-0.000554478
2426,-0.000634081
2427,0.000823954
2428,0.00198522
2429,0.000830284
2430,-0.00128611
2431,-0.00136145
2432,0.000585067
2433,0.00160436
2434,0.000490974
2435,-0.000772942
2436,-0.000703105
2437,-0.000311947
2438,-0.000431746
2439,-7.68006e-05
2440,0.000997094
2441,0.000954667
2442,-0.000850068
2443,-0.00184769
2444,-5.90138e-05
2445,0.00224806
2446,0.00174339
2447,-0.000737905
2448,-0.00154355
2449,0.000137294
2450,0.0015071
2451,0.000887776
2452,-0.000232009
2453,-0.0003881
2454,-0.000227715
2455,-0.000398436
2456,-0.000139935
2457,0.000680903
2458,0.000595253
2459,-0.000821834
2460,-0.00153085
2461,-0.000114859
2462,0.00160288
2463,0.00117703
2464,-0.0006799
2465,-0.001271
2466,5.52431e-05
2467,0.00137037
2468,0.00124688
2469,0.000268752
2470,-0.000476399
2471,-0.000621506
2472,-0.000145529
2473,0.000708021
2474,0.00103729
2475,0.000151342
2476,-0.00111099
2477,-0.00120714
2478,-6.11154e-05
2479,0.000856216
2480,0.000640607
2481,-0.000126568
2482,-0.000612263
2483,-0.000591242
2484,-1.8294e-05
2485,0.000928494
2486,0.00132173
2487,0.000419237
2488,-0.000806531
2489,-0.000644668
2490,0.000708084
2491,0.00125929
2492,0.000303445
2493,-0.000597756
2494,-0.000352791
2495,6.54888e-05
2496,-0.000207331
2497,-0.000306793
2498,0.000353062
2499,0.000518277
2500,-0.000580349
2501,-0.00124695
2502,2.53897e-05
2503,0.00156875
2504,0.000950107
2505,-0.000886108
2506,-0.00100048
2507,0.000734633
2508,0.0015628
2509,0.00047517
2510,-0.000496879
2511,-0.000115927
2512,0.000272724
2513,-0.000184001
2514,-0.000189071
2515,0.000752327
2516,0.000758069
2517,-0.000985759
2518,-0.00197818
2519,-0.000231527
2520,0.00198838
2521,0.00137946
2522,-0.00114811
2523,-0.00188839
2524,-2.59057e-05
2525,0.00162126
2526,0.00127364
2527,0.000209539
2528,-0.000204379
2529,-0.000349332
2530,-0.000452096
2531,0.000276165
2532,0.00147275
2533,0.00120469
2534,-0.000839554
2535,-0.00207252
2536,-0.000677236
2537,0.00144058
2538,0.00140615
2539,-0.000477139
2540,-0.00155239
2541,-0.000742802
2542,0.000556742
2543,0.000992288
2544,0.000640537
2545,4.65411e-05
2546,-0.00043318
2547,-0.000324965
2548,0.000526588
2549,0.00122543
2550,0.000756395
2551,-0.000408682
2552,-0.000817791
2553,-9.51814e-05
2554,0.000665696
2555,0.000562878
2556,-0.000143404
2557,-0.000743966
2558,-0.00079494
2559,-0.000170273
2560,0.000689378
2561,0.00078603
2562,-0.000194534
2563,-0.001001
2564,-0.000363606
2565,0.000973538
2566,0.00122944
2567,0.000282876
2568,-0.000337621
2569,-3.51399e-05
2570,0.000242087
2571,0.000107369
2572,0.000319823
2573,0.000795981
2574,0.000291288
2575,-0.00108185
2576,-0.0013131
2577,0.000258687
2578,0.00139926
2579,0.000379289
2580,-0.00117743
2581,-0.000965058
2582,0.000355659
2583,0.00069724
2584,0.0001745
2585,0.000310096
2586,0.000772897
2587,0.000111915
2588,-0.000919819
2589,-0.000212699
2590,0.00162976
2591,0.00163368
2592,-0.000602576
2593,-0.00186093
2594,-0.000385272
2595,0.00136443
2596,0.000847407
2597,-0.000708942
2598,-0.000927324
2599,-0.0001574
2600,-1.90929e-05
2601,-0.000171752
2602,0.000483353
2603,0.00100129
2604,-2.93255e-05
2605,-0.00127458
2606,-0.000377778
2607,0.00175705
2608,0.00189828
2609,-0.000328376
2610,-0.00167729
2611,-0.000350405
2612,0.00143641
2613,0.00120998
2614,-0.000272983
2615,-0.000970807
2616,-0.000666382
2617,-0.000257376
2618,0.000196155
2619,0.000775611
2620,0.000575553
2621,-0.000747645
2622,-0.00153414
2623,-0.000280616
2624,0.00168147
2625,0.00178077
2626,-6.33014e-05
2627,-0.00137696
2628,-0.000655395
2629,0.000934572
2630,0.00155574
2631,0.000829279
2632,-0.00038541
2633,-0.00110307
2634,-0.000762152
2635,0.000367395
2636,0.00110207
2637,0.000503022
2638,-0.000805045
2639,-0.00128834
2640,-0.000465598
2641,0.000635144
2642,0.000947504
2643,0.000427554
2644,-0.000320345
2645,-0.000633859
2646,-9.31285e-05
2647,0.000938564
2648,0.00128168
2649,0.000359544
2650,-0.000694584
2651,-0.000476166
2652,0.000544971
2653,0.000752923
2654,-4.30737e-05
2655,-0.000506417
2656,-0.00018087
2657,-4.03103e-05
2658,-0.000379389
2659,-0.000240836
2660,0.000466702
2661,0.000429667
2662,-0.000570987
2663,-0.000801757
2664,0.000486497
2665,0.00141837
2666,0.000506271
2667,-0.000729932
2668,-0.000301588
2669,0.000894304
2670,0.000807825
2671,-0.000155717
2672,-0.000159987
2673,0.000506609
2674,9.3239e-05
2675,-0.000991805
2676,-0.000637261
2677,0.000926096
2678,0.00105423
2679,-0.000754474
2680,-0.00169933
2681,-0.000258977
2682,0.00133414
2683,0.000913409
2684,-0.000297847
2685,-0.000321467
2686,0.000256694
2687,0.000103702
2688,-2.28433e-05
2689,0.000909882
2690,0.00147793
2691,4.5922e-05
2692,-0.00171612
2693,-0.00100203
2694,0.00134129
2695,0.0017993
2696,-0.000297816
2697,-0.00185659
2698,-0.000989176
2699,0.000536995
2700,0.000752236
2701,0.000242958
2702,8.9408e-05
2703,-0.000153516
2704,-0.000726615
2705,-0.000388353
2706,0.00118911
2707,0.00190877
2708,0.000337092
2709,-0.00151632
2710,-0.000969122
2711,0.00116269
2712,0.00181251
2713,0.000249028
2714,-0.00125013
2715,-0.0010445
2716,1.8654e-05
2717,0.000584806
2718,0.000489843
2719,3.38473e-05
2720,-0.000654638
2721,-0.000994314
2722,-0.000229766
2723,0.00109962
2724,0.00135422
2725,9.3321e-05
2726,-0.0010598
2727,-0.000593806
2728,0.000875103
2729,0.00157048
2730,0.00079798
2731,-0.000519787
2732,-0.00107481
2733,-0.000409192
2734,0.000743583
2735,0.00109365
2736,0.00013695
2737,-0.00110457
2738,-0.00120603
2739,-0.000129118
2740,0.000819006
2741,0.000745266
2742,3.29455e-05
2743,-0.000538468
2744,-0.00058273
2745,1.59189e-05
2746,0.000981616
2747,0.00134733
2748,0.000427854
2749,-0.000818296
2750,-0.000726638
2751,0.00058726
2752,0.00121754
2753,0.000335793
2754,-0.000654108
2755,-0.000536387
2756,-4.50185e-05
2757,-0.000125878
2758,-0.000221629
2759,0.00026314
2760,0.00043834
2761,-0.000377801
2762,-0.000926981
2763,7.6844e-06
2764,0.00119295
2765,0.000803044
2766,-0.000411434
2767,-0.000380878
2768,0.000682405
2769,0.000797217
2770,-0.000125697
2771,-0.000232126
2772,0.000653896
2773,0.00060136
2774,-0.000696068
2775,-0.0010407
2776,0.000324854
2777,0.00109258
2778,-0.000153728
2779,-0.0013587
2780,-0.000524562
2781,0.00087899
2782,0.000632619
2783,-0.000418207
2784,-0.000227094
2785,0.000658826
2786,0.000416612
2787,-0.000369729
2788,0.000171797
2789,0.00134086
2790,0.000802276
2791,-0.000999518
2792,-0.00115498
2793,0.000731767
2794,0.00163422
2795,7.53518e-05
2796,-0.0015297
2797,-0.000983698
2798,0.000413244
2799,0.000605189
2800,4.28414e-05
2801,2.60915e-06
2802,1.57393e-05
2803,-0.000599813
2804,-0.000661957
2805,0.000784292
2806,0.00196254
2807,0.000807878
2808,-0.00131133
2809,-0.00132953
2810,0.000763881
2811,0.00195278
2812,0.000809678
2813,-0.000828535
2814,-0.00110958
2815,-0.000435538
2816,0.000168052
2817,0.000592734
2818,0.000687245
2819,-0.000143083
2820,-0.0013589
2821,-0.00120797
2822,0.000602769
2823,0.00186964
2824,0.000892383
2825,-0.000956249
2826,-0.00121037
2827,0.000266823
2828,0.00148248
2829,0.00120992
2830,0.000109968
2831,-0.000675086
2832,-0.000679798
2833,-1.35695e-05
2834,0.000779584
2835,0.000829239
2836,-0.00016383
2837,-0.00120819
2838,-0.00103523
2839,0.000210772
2840,0.00107087
2841,0.000603887
2842,-0.000536455
2843,-0.000992503
2844,-0.000227221
2845,0.000974385
2846,0.00134
2847,0.000472166
2848,-0.0006176
2849,-0.000632009
2850,0.000380347
2851,0.00109123
2852,0.000677014
2853,-0.000237292
2854,-0.000684392
2855,-0.000530575
2856,-0.000110981
2857,0.000382055
2858,0.000572155
2859,-4.7864e-05
2860,-0.00101664
2861,-0.000940954
2862,0.000439611
2863,0.00138753
2864,0.000594241
2865,-0.00069447
2866,-0.000567385
2867,0.000586116
2868,0.000950503
2869,0.000327151
2870,5.29864e-05
2871,0.00032986
2872,8.36599e-05
2873,-0.000578895
2874,-0.000324456
2875,0.000693275
2876,0.000666067
2877,-0.000661554
2878,-0.00122304
2879,-9.79651e-05
2880,0.000842081
2881,0.000191055
2882,-0.000609672
2883,-2.77049e-05
2884,0.000774633
2885,0.000244065
2886,-0.000533383
2887,0.000161535
2888,0.00130737
2889,0.000811355
2890,-0.000652261
2891,-0.000704753
2892,0.000574386
2893,0.000885321
2894,-0.000178941
2895,-0.000647488
2896,4.53554e-05
2897,0.000194499
2898,-0.000653469
2899,-0.000685291
2900,0.000592186
2901,0.00102371
2902,-0.000366842
2903,-0.00130002
2904,-3.73134e-05
2905,0.0015263
2906,0.00103537
2907,-0.000446304
2908,-0.000525996
2909,0.000487064
2910,0.000659382
2911,5.38939e-05
2912,0.000122154
2913,0.000540867
2914,-0.000103403
2915,-0.00112809
2916,-0.000574923
2917,0.00101397
2918,0.00101534
2919,-0.000818485
2920,-0.00166568
2921,-0.000195568
2922,0.00134526
2923,0.00090894
2924,-0.000342571
2925,-0.000492387
2926,0.00013007
2927,0.000344335
2928,0.000422712
2929,0.000896957
2930,0.000837758
2931,-0.000421528
2932,-0.00131704
2933,-0.000231854
2934,0.00147881
2935,0.00121056
2936,-0.000816795
2937,-0.00182743
2938,-0.000653242
2939,0.000875796
2940,0.000978251
2941,0.000103805
2942,-0.000531261
2943,-0.000643828
2944,-0.000326288
2945,0.00054242
2946,0.00142389
2947,0.00110934
2948,-0.000406339
2949,-0.00129203
2950,-0.00026482
2951,0.00140376
2952,0.00152918
2953,-2.93305e-05
2954,-0.0013531
2955,-0.00108094
2956,0.000153595
2957,0.000905019
2958,0.000571022
2959,-0.000350546
2960,-0.000981327
2961,-0.000752955
2962,0.000193761
2963,0.0010344
2964,0.000944812
2965,-3.36601e-06
2966,-0.000769838
2967,-0.000413037
2968,0.000767596
2969,0.0014226
2970,0.000701523
2971,-0.000606707
2972,-0.000955461
2973,-2.33784e-05
2974,0.000867932
2975,0.000575195
2976,-0.000394657
2977,-0.000820467
2978,-0.000468512
2979,-7.26884e-07
2980,0.000252065
2981,0.000383879
2982,0.000205633
2983,-0.000378562
2984,-0.000598998
2985,0.000245298
2986,0.00127322
2987,0.000969988
2988,-0.000353924
2989,-0.000780283
2990,0.000252096
2991,0.00106738
2992,0.000495952
2993,-0.000397476
2994,-0.000374649
2995,-3.81915e-06
2996,-0.000186647
2997,-0.000356295
2998,0.000168543
2999,0.000489401
3000,-0.00028148
3001,-0.00100004
3002,-0.000228041
3003,0.00105183
3004,0.000869098
3005,-0.000357261
3006,-0.000515798
3007,0.000549618
3008,0.000916863
3009,0.000100696
3010,-0.000236424
3011,0.000466855
3012,0.000634064
3013,-0.000345015
3014,-0.000800235
3015,0.000129014
3016,0.000759813
3017,-0.000118557
3018,-0.000983635
3019,-0.000332447
3020,0.000589039
3021,0.000145324
3022,-0.000633847
3023,-3.48575e-05
3024,0.00100957
3025,0.000559327
3026,-0.000651095
3027,-0.000387853
3028,0.0010342
3029,0.00122126
3030,-9.87549e-05
3031,-0.000709059
3032,0.000115966
3033,0.000579947
3034,-0.000113182
3035,-0.000439994
3036,0.000255088
3037,0.000373524
3038,-0.0007368
3039,-0.00115376
3040,0.000219301
3041,0.00134167
3042,0.000362086
3043,-0.00111667
3044,-0.000690178
3045,0.00087945
3046,0.00119085
3047,0.000218662
3048,-0.000179075
3049,0.000254639
3050,0.00021608
3051,-0.000239353
3052,0.000143427
3053,0.000954552
3054,0.000443932
3055,-0.00110582
3056,-0.0013254
3057,0.000301679
3058,0.00132575
3059,0.000231543
3060,-0.00119689
3061,-0.000899336
3062,0.00037543
3063,0.000800087
3064,0.000385202
3065,0.00019892
3066,0.000185508
3067,-0.000185433
3068,-0.000273549
3069,0.000622217
3070,0.00139796
3071,0.000564039
3072,-0.00103756
3073,-0.00116558
3074,0.000352209
3075,0.00128772
3076,0.000388917
3077,-0.00096121
3078,-0.00108334
3079,-0.00022873
3080,0.000419314
3081,0.000525155
3082,0.0003564
3083,-8.79412e-05
3084,-0.000615615
3085,-0.000424354
3086,0.00070865
3087,0.0015271
3088,0.000807648
3089,-0.000684674
3090,-0.00103603
3091,0.000164093
3092,0.00127323
3093,0.000898299
3094,-0.000374633
3095,-0.00105337
3096,-0.000664715
3097,8.95206e-05
3098,0.000504299
3099,0.000413398
3100,-9.85957e-05
3101,-0.000717025
3102,-0.000764135
3103,0.000131928
3104,0.0011813
3105,0.00109453
3106,-0.000126487
3107,-0.000915836
3108,-0.000203709
3109,0.00104534
3110,0.00119003
3111,0.00018424
3112,-0.000598338
3113,-0.000451389
3114,1.74471e-06
3115,0.000170671
3116,0.000212726
3117,0.000170418
3118,-0.000297626
3119,-0.000875381
3120,-0.00057696
3121,0.00055455
3122,0.00102785
3123,0.000107462
3124,-0.000821587
3125,-0.000316268
3126,0.000845869
3127,0.000985855
3128,0.000187367
3129,-0.000154634
3130,0.000192126
3131,0.000244507
3132,-9.89309e-05
3133,3.11091e-05
3134,0.000490874
3135,0.000157628
3136,-0.000799196
3137,-0.00082584
3138,0.000293065
3139,0.000787776
3140,-0.00014936
3141,-0.000914893
3142,-0.000226116
3143,0.000736487
3144,0.000512114
3145,-0.000156076
3146,7.54854e-05
3147,0.000646082
3148,0.000342152
3149,-0.000244115
3150,0.000149817
3151,0.000871389
3152,0.000403323
3153,-0.000711768
3154,-0.00063633
3155,0.00045961
3156,0.000609926
3157,-0.00046152
3158,-0.000879102
3159,-5.02414e-06
3160,0.000514231
3161,-0.000141269
3162,-0.000526292
3163,0.000245806
3164,0.000803792
3165,0.000138237
3166,-0.000438457
3167,0.000258789
3168,0.00101326
3169,0.000433246
3170,-0.000441909
3171,-6.16366e-05
3172,0.000739282
3173,0.000300953
3174,-0.000718906
3175,-0.000508707
3176,0.000527678
3177,0.000453468
3178,-0.000671532
3179,-0.00088692
3180,0.000148863
3181,0.000648695
3182,-1.79246e-05
3183,-0.00036267
3184,0.000281121
3185,0.000588321
3186,-4.42298e-05
3187,-0.000227882
3188,0.000699895
3189,0.00114634
3190,6.72478e-05
3191,-0.000933099
3192,-0.000242023
3193,0.000950163
3194,0.000675244
3195,-0.000544506
3196,-0.000824376
3197,-0.000124609
3198,0.000130939
3199,-0.000187778
3200,-3.80449e-05
3201,0.000417393
3202,6.20577e-05
3203,-0.000722598
3204,-0.000361494
3205,0.000998475
3206,0.00134177
3207,7.77874e-05
3208,-0.000870438
3209,-0.000158594
3210,0.000946888
3211,0.000835358
3212,-1.97569e-05
3213,-0.000340216
3214,-0.000191604
3215,-0.000266116
3216,-0.000280009
3217,0.00023461
3218,0.000530738
3219,-0.000212269
3220,-0.00108544
3221,-0.000607412
3222,0.000764092
3223,0.0011407
3224,0.000107935
3225,-0.000710333
3226,-0.00022447
3227,0.000684716
3228,0.000844562
3229,0.000421232
3230,0.000107692
3231,-7.98208e-05
3232,-0.000292819
3233,-0.000153839
3234,0.000438594
3235,0.000630433
3236,-0.000179543
3237,-0.00108012
3238,-0.000779136
3239,0.00039379
3240,0.000867679
3241,0.00011471
3242,-0.000688459
3243,-0.000488303
3244,0.00029457
3245,0.00070715
3246,0.000595097
3247,0.000344933
3248,6.53538e-05
3249,-0.000208168
3250,-8.61825e-05
3251,0.000541551
3252,0.000885238
3253,0.000217547
3254,-0.000812042
3255,-0.000872099
3256,9.42857e-05
3257,0.000716192
3258,0.000201556
3259,-0.000605788
3260,-0.000645763
3261,-0.000101302
3262,0.000263639
3263,0.00034847
3264,0.000422437
3265,0.000308127
3266,-0.000135348
3267,-0.000285254
3268,0.000371128
3269,0.00106533
3270,0.000685162
3271,-0.000379706
3272,-0.000679133
3273,6.38205e-05
3274,0.000592423
3275,0.000183365
3276,-0.000382223
3277,-0.000367934
3278,-0.000187791
3279,-0.000275298
3280,-0.000176942
3281,0.000336517
3282,0.000481819
3283,-0.000152386
3284,-0.000559514
3285,0.000114854
3286,0.000971149
3287,0.000736731
3288,-0.000117527
3289,-0.000230119
3290,0.000353883
3291,0.000474762
3292,9.28631e-06
3293,-0.000103278
3294,0.000202631
3295,3.40121e-05
3296,-0.000561151
3297,-0.000500509
3298,0.000254381
3299,0.00041652
3300,-0.000336636
3301,-0.000673098
3302,6.26257e-05
3303,0.000675211
3304,0.000263437
3305,-0.00022455
3306,0.000176374
3307,0.000690249
3308,0.000348245
3309,-0.00015834
3310,0.000162107
3311,0.0006491
3312,0.000221171
3313,-0.000502803
3314,-0.000279997
3315,0.000410951
3316,0.000199311
3317,-0.000623309
3318,-0.000592839
3319,0.000237006
3320,0.000388571
3321,-0.000319219
3322,-0.000468342
3323,0.000306013
3324,0.000663666
3325,8.27825e-05
3326,-0.000203365
3327,0.000417367
3328,0.000770849
3329,0.000149466
3330,-0.000305269
3331,0.000243362
3332,0.0006912
3333,3.31732e-05
3334,-0.000693652
3335,-0.000259978
3336,0.000483584
3337,0.000141336
3338,-0.000689126
3339,-0.000533516
3340,0.000290328
3341,0.000349304
3342,-0.000256304
3343,-0.000210964
3344,0.000465932
3345,0.00050758
3346,-0.000105346
3347,-6.43115e-05
3348,0.000720184
3349,0.00080546
3350,-0.000125561
3351,-0.000553724
3352,0.000204275
3353,0.000761362
3354,0.000109492
3355,-0.000673351
3356,-0.000424474
3357,0.00015793
3358,1.86386e-05
3359,-0.000345001
3360,-7.09946e-05
3361,0.000293232
3362,-7.78481e-05
3363,-0.000491515
3364,9.30487e-05
3365,0.000973818
3366,0.000725875
3367,-0.000291113
3368,-0.000447601
3369,0.000439439
3370,0.000904384
3371,0.000336694
3372,-0.00024378
3373,-0.000164786
3374,-3.45847e-05
3375,-0.000233443
3376,-0.000173838
3377,0.000280377
3378,0.000236809
3379,-0.000553285
3380,-0.000897402
3381,-5.12773e-05
3382,0.000879603
3383,0.000615671
3384,-0.00029087
3385,-0.000443826
3386,0.000227642
3387,0.000674668
3388,0.000532678
3389,0.000327513
3390,0.000222798
3391,-7.95741e-05
3392,-0.000341091
3393,-4.25759e-06
3394,0.000577318
3395,0.000399498
3396,-0.000518668
3397,-0.000946036
3398,-0.00029341
3399,0.00048228
3400,0.000384003
3401,-0.000217422
3402,-0.000395748
3403,-6.73948e-05
3404,0.000239517
3405,0.000383858
3406,0.000519196
3407,0.000465862
3408,5.11214e-05
3409,-0.000246287
3410,0.000116581
3411,0.000708227
3412,0.00058966
3413,-0.000220692
3414,-0.000682664
3415,-0.00027887
3416,0.000278279
3417,0.000218187
3418,-0.000221844
3419,-0.000399176
3420,-0.000255079
3421,-9.43652e-05
3422,8.43085e-05
3423,0.000364151
3424,0.00043514
3425,6.94712e-05
3426,-0.000238789
3427,0.000107228
3428,0.000744999
3429,0.000755565
3430,7.7472e-05
3431,-0.000369419
3432,-9.48914e-05
3433,0.000310439
3434,0.000230177
3435,-0.000103816
3436,-0.000239266
3437,-0.000256999
3438,-0.000337113
3439,-0.00023449
3440,0.000163379
3441,0.00034088
3442,-5.00877e-05
3443,-0.000413471
3444,-5.57324e-05
3445,0.000618606
3446,0.000686308
3447,0.000172002
3448,-7.56243e-05
3449,0.000189402
3450,0.000369589
3451,0.000201542
3452,9.72646e-05
3453,0.000171162
3454,-5.49113e-06
3455,-0.000412765
3456,-0.000401822
3457,0.000106177
3458,0.000285215
3459,-0.000214659
3460,-0.000577113
3461,-0.000173334
3462,0.000375626
3463,0.000306795
3464,-1.61761e-05
3465,0.000100193
3466,0.000406274
3467,0.000307236
3468,6.84873e-05
3469,0.000262891
3470,0.000553012
3471,0.00025715
3472,-0.000286257
3473,-0.000218237
3474,0.000269118
3475,0.000223532
3476,-0.000354484
3477,-0.000507823
3478,-4.86094e-05
3479,0.000156635
3480,-0.000181302
3481,-0.000295634
3482,0.000124533
3483,0.000349757
3484,4.83631e-05
3485,-5.35071e-05
3486,0.000401328
3487,0.000634331
3488,0.000182202
3489,-0.000155173
3490,0.000240373
3491,0.000613059
3492,0.000184869
3493,-0.000401171
3494,-0.00023679
3495,0.000222949
3496,5.79692e-05
3497,-0.000416096
3498,-0.000318077
3499,0.00010335
3500,9.08601e-07
3501,-0.000368574
3502,-0.000107126
3503,0.000520357
3504,0.000451473
3505,-0.000181559
3506,-0.000183684
3507,0.000552255
3508,0.00080695
3509,0.000190698
3510,-0.000222999
3511,0.000126148
3512,0.000383494
3513,1.15306e-06
3514,-0.000273921
3515,4.15783e-05
3516,0.00017024
3517,-0.00037162
3518,-0.000676326
3519,-6.46143e-05
3520,0.000531201
3521,0.000131449
3522,-0.0005272
3523,-0.000266372
3524,0.000499718
3525,0.000593741
3526,0.00013251
3527,9.00647e-05
3528,0.000415469
3529,0.000301468
3530,-8.91476e-05
3531,8.66445e-05
3532,0.000576933
3533,0.000323299
3534,-0.000524694
3535,-0.000671029
3536,8.99367e-05
3537,0.000468179
3538,-0.000112746
3539,-0.000614809
3540,-0.000281531
3541,0.000182305
3542,9.83221e-05
3543,-1.51859e-05
3544,0.000314814
3545,0.000475773
3546,3.13866e-05
3547,-0.000219935
3548,0.000362689
3549,0.000918566
3550,0.000452395
3551,-0.000395975
3552,-0.000382681
3553,0.000281339
3554,0.000414739
3555,-0.000114611
3556,-0.000396143
3557,-0.000195186
3558,-0.000139974
3559,-0.000308025
3560,-0.0001132
3561,0.000345139
3562,0.000266107
3563,-0.000312223
3564,-0.000356544
3565,0.000404215
3566,0.000900268
3567,0.000447199
3568,-0.000177692
3569,-8.91303e-05
3570,0.000360572
3571,0.000411594
3572,0.000150444
3573,4.06135e-05
3574,-3.36599e-05
3575,-0.000323343
3576,-0.000449452
3577,-4.42769e-05
3578,0.000355305
3579,5.11967e-05
3580,-0.000564269
3581,-0.000525602
3582,0.000174103
3583,0.000599843
3584,0.000345449
3585,-8.94336e-06
3586,2.10868e-05
3587,0.000214692
3588,0.000305546
3589,0.000403965
3590,0.000486957
3591,0.000238579
3592,-0.000258223
3593,-0.000380144
3594,7.175e-05
3595,0.000412122
3596,7.11475e-05
3597,-0.000511765
3598,-0.000569858
3599,-0.000128818
3600,0.00018735
3601,0.000141313
3602,2.07682e-05
3603,-2.3617e-06
3604,-9.12228e-06
3605,6.75412e-05
3606,0.000364338
3607,0.000631101
3608,0.000451441
3609,-2.76185e-05
3610,-0.000173126
3611,0.000189305
3612,0.000476376
3613,0.000228627
3614,-0.000233511
3615,-0.000370591
3616,-0.000193213
3617,-6.02693e-05
3618,-6.25976e-05
3619,-6.11888e-05
3620,-7.88642e-05
3621,-0.000185463
3622,-0.000181797
3623,0.00012394
3624,0.000457572
3625,0.000394534
3626,6.09377e-05
3627,-4.26376e-06
3628,0.000308836
3629,0.000518612
3630,0.000328749
3631,3.53092e-05
3632,-3.35386e-05
3633,1.0309e-05
3634,-3.41015e-05
3635,-8.129e-05
3636,-4.71371e-05
3637,-0.000105848
3638,-0.000311555
3639,-0.000345865
3640,-3.60473e-05
3641,0.00023794
3642,0.000107425
3643,-0.000144902
3644,-2.96566e-05
3645,0.000340512
3646,0.000467559
3647,0.000291857
3648,0.000182427
3649,0.000231597
3650,0.000196885
3651,8.36909e-05
3652,0.000131757
3653,0.00022822
3654,1.33681e-05
3655,-0.000376955
3656,-0.000388154
3657,5.41252e-06
3658,0.000169704
3659,-0.000147637
3660,-0.000394364
3661,-0.000162364
3662,0.000173497
3663,0.000196123
3664,0.00012847
3665,0.000257719
3666,0.000334251
3667,0.000143084
3668,6.13197e-05
3669,0.000369921
3670,0.000580164
3671,0.000208741
3672,-0.000289127
3673,-0.000212767
3674,0.000193656
3675,0.000177031
3676,-0.000234544
3677,-0.000374936
3678,-0.000151122
3679,-7.51917e-05
3680,-0.000196915
3681,-6.36546e-05
3682,0.000260249
3683,0.000211872
3684,-0.000137635
3685,-6.39671e-05
3686,0.000491712
3687,0.000693409
3688,0.000231192
3689,-0.000129098
3690,0.000119139
3691,0.000406395
3692,0.000195534
3693,-0.00010658
3694,-4.76693e-05
3695,9.01046e-06
3696,-0.000279936
3697,-0.000428861
3698,-4.26725e-05
3699,0.000275156
3700,-7.31459e-05
3701,-0.000509606
3702,-0.000209679
3703,0.000439748
3704,0.000499329
3705,7.63597e-05
3706,7.50144e-06
3707,0.000329502
3708,0.000373827
3709,0.000134667
3710,0.000202338
3711,0.000458424
3712,0.000206715
3713,-0.000390555
3714,-0.000402524
3715,0.000198919
3716,0.000362952
3717,-0.000242757
3718,-0.00065037
3719,-0.000272815
3720,0.000180082
3721,8.30886e-05
3722,-8.54658e-05
3723,0.000143216
3724,0.000297088
3725,1.71311e-05
3726,-7.43486e-05
3727,0.000453507
3728,0.000826088
3729,0.000326927
3730,-0.000341509
3731,-0.000175961
3732,0.000431393
3733,0.000421009
3734,-0.000140131
3735,-0.000361223
3736,-0.000152599
3737,-0.000147591
3738,-0.00032228
3739,-0.000110534
3740,0.00028212
3741,0.000105506
3742,-0.000435739
3743,-0.000337809
3744,0.000441477
3745,0.000793618
3746,0.000292722
3747,-0.000158055
3748,7.56395e-05
3749,0.000425616
3750,0.000329872
3751,0.000148648
3752,0.000217147
3753,0.000120616
3754,-0.000336199
3755,-0.000489711
3756,1.62113e-05
3757,0.000392838
3758,-4.0478e-05
3759,-0.00063762
3760,-0.000469632
3761,0.000168043
3762,0.000370543
3763,0.000120748
3764,5.08957e-05
3765,0.000202464
3766,0.000164968
3767,8.01512e-05
3768,0.000361583
3769,0.000678697
3770,0.000373677
3771,-0.000269534
3772,-0.000333114
3773,0.000207378
3774,0.000421796
3775,-3.37833e-05
3776,-0.000451027
3777,-0.000346014
3778,-0.000117138
3779,-0.000114565
3780,-6.97944e-05
3781,0.000144105
3782,0.000130742
3783,-0.000179034
3784,-0.000181248
3785,0.000356225
3786,0.000730935
3787,0.000405082
3788,-8.86578e-05
3789,-3.29743e-05
3790,0.000347217
3791,0.00039861
3792,0.000123945
3793,-3.78426e-05
3794,-6.99249e-05
3795,-0.000217144
3796,-0.00031846
3797,-9.67698e-05
3798,0.000153801
3799,-3.53251e-05
3800,-0.000419455
3801,-0.000347256
3802,0.000159905
3803,0.000431516
3804,0.000228202
3805,2.26707e-05
3806,0.000131642
3807,0.000301348
3808,0.000309291
3809,0.000304355
3810,0.000341882
3811,0.000197957
3812,-0.000110356
3813,-0.000192487
3814,5.3037e-05
3815,0.000178688
3816,-9.64033e-05
3817,-0.000407721
3818,-0.000340834
3819,-6.20795e-05
3820,4.28386e-05
3821,-1.77571e-05
3822,-7.63409e-06
3823,6.98381e-05
3824,9.1498e-05
3825,0.000146688
3826,0.000336887
3827,0.000458825
3828,0.000298467
3829,5.93216e-05
3830,8.05095e-05
3831,0.000272678
3832,0.000262789
3833,4.47635e-06
3834,-0.000187109
3835,-0.000168286
3836,-0.000117189
3837,-0.000144316
3838,-0.000146922
3839,-9.80805e-05
3840,-0.000113897
3841,-0.000161258
3842,-4.7436e-05
3843,0.000204916
3844,0.000312102
3845,0.000183346
3846,9.21585e-05
3847,0.000230266
3848,0.00039853
3849,0.000350457
3850,0.000172662
3851,8.2456e-05
3852,7.27753e-05
3853,1.69016e-05
3854,-5.79854e-05
3855,-6.78071e-05
3856,-9.01e-05
3857,-0.0002143
3858,-0.0003006
3859,-0.000174293
3860,3.64215e-05
3861,6.18114e-05
3862,-6.74308e-05
3863,-5.94381e-05
3864,0.000163321
3865,0.000349235
3866,0.0003281
3867,0.000232612
3868,0.000216021
3869,0.000228147
3870,0.000198065
3871,0.000182548
3872,0.000184281
3873,6.71695e-05
3874,-0.000171794
3875,-0.000282955
3876,-0.000130843
3877,3.63068e-05
3878,-5.9058e-05
3879,-0.000282349
3880,-0.000293381
3881,-5.97566e-05
3882,0.000149443
3883,0.000196177
3884,0.000181634
3885,0.000172985
3886,0.000144185
3887,0.000168263
3888,0.00033748
3889,0.000484392
3890,0.000331713
3891,-3.11275e-05
3892,-0.000184331
3893,8.95556e-06
3894,0.00018889
3895,5.30898e-05
3896,-0.000225446
3897,-0.000337947
3898,-0.00027098
3899,-0.000159019
3900,-1.23779e-05
3901,0.000137112
3902,0.000110257
3903,-9.39516e-05
3904,-0.000124816
3905,0.000219618
3906,0.000576098
3907,0.000498259
3908,0.000134332
3909,-1.82892e-05
3910,0.000138014
3911,0.000271333
3912,0.00021582
3913,0.000101316
3914,-3.67077e-05
3915,-0.000264178
3916,-0.000398848
3917,-0.000188449
3918,0.000146861
3919,0.000107575
3920,-0.000277839
3921,-0.000415248
3922,-5.52663e-05
3923,0.000341294
3924,0.000363179
3925,0.000202073
3926,0.000163778
3927,0.000178906
3928,0.000146985
3929,0.000240491
3930,0.000463345
3931,0.000412673
3932,-5.55314e-05
3933,-0.000403047
3934,-0.000181492
3935,0.000212107
3936,0.000147193
3937,-0.0002582
3938,-0.000421557
3939,-0.000245006
3940,-8.29919e-05
3941,-8.02834e-06
3942,0.000162064
3943,0.000282584
3944,8.4755e-05
3945,-0.000151955
3946,8.64702e-05
3947,0.000602822
3948,0.000665259
3949,0.000174196
3950,-0.000168746
3951,5.49414e-06
3952,0.000247903
3953,0.00016565
3954,-1.56434e-05
3955,-7.26227e-05
3956,-0.000199725
3957,-0.00042418
3958,-0.000343945
3959,9.94575e-05
3960,0.00029312
3961,-8.02032e-05
3962,-0.000416337
3963,-0.000128297
3964,0.000406883
3965,0.000509362
3966,0.000255291
3967,0.000148425
3968,0.000208821
3969,0.000158958
3970,0.000118277
3971,0.000310273
3972,0.000410675
3973,2.11823e-05
3974,-0.000473808
3975,-0.000390963
3976,0.000103317
3977,0.00022206
3978,-0.000171087
3979,-0.000429964
3980,-0.000249475
3981,-1.25246e-05
3982,5.57596e-05
3983,0.000184696
3984,0.000365035
3985,0.000242253
3986,-8.1464e-05
3987,-8.06793e-06
3988,0.00050498
3989,0.000709638
3990,0.000253544
3991,-0.000227535
3992,-0.000156106
3993,0.000135208
3994,0.000125543
3995,-5.59515e-05
3996,-0.000105544
3997,-0.00017935
3998,-0.000407224
3999,-0.000399811
4000,5.95489e-05
4001,0.000404055
4002,0.000119338
4003,-0.000322416
4004,-0.00017395
4005,0.000380725
4006,0.000589529
4007,0.000348668
4008,0.000166619
4009,0.00017845
4010,0.000103646
4011,6.11623e-06
4012,0.000179017
4013,0.000375133
4014,7.76368e-05
4015,-0.00048788
4016,-0.000546212
4017,-3.54146e-05
4018,0.000256398
4019,-3.30729e-05
4020,-0.000346685
4021,-0.000233493
4022,1.88235e-05
4023,0.000105472
4024,0.000216444
4025,0.000428026
4026,0.000378705
4027,1.56313e-05
4028,-8.51294e-05
4029,0.000333758
4030,0.000648366
4031,0.000323444
4032,-0.000206398
4033,-0.000273187
4034,-1.04829e-05
4035,4.81135e-05
4036,-9.98928e-05
4037,-0.000133904
4038,-0.00012557
4039,-0.000288664
4040,-0.000364611
4041,-2.8655e-05
4042,0.000374903
4043,0.000287417
4044,-9.48296e-05
4045,-0.00010325
4046,0.000303196
4047,0.000529036
4048,0.000359096
4049,0.000179261
4050,0.000177296
4051,0.000111335
4052,-4.9024e-05
4053,-1.24887e-05
4054,0.000170367
4055,6.72148e-05
4056,-0.000330716
4057,-0.000475181
4058,-0.000164654
4059,0.000108109
4060,-3.26165e-06
4061,-0.00017461
4062,-6.81913e-05
4063,0.000114931
4064,0.000132501
4065,0.000168052
4066,0.000366319
4067,0.000438548
4068,0.000199453
4069,6.55417e-06
4070,0.000168899
4071,0.000370446
4072,0.000207258
4073,-0.000115152
4074,-0.000177414
4075,-6.72835e-05
4076,-0.000117864
4077,-0.000246193
4078,-0.000168164
4079,-1.16925e-05
4080,-8.45524e-05
4081,-0.000235871
4082,-8.89168e-05
4083,0.000242612
4084,0.000317203
4085,0.000139561
4086,0.000119439
4087,0.000311439
4088,0.000357478
4089,0.000192323
4090,0.000142859
4091,0.000257025
4092,0.000190713
4093,-0.000106903
4094,-0.000236094
4095,-6.15689e-05
4096,3.16739e-05
4097,-0.000164328
4098,-0.000318884
4099,-0.000186086
4100,-2.54247e-05
4101,-6.30065e-05
4102,-6.74602e-05
4103,0.000149536
4104,0.000308753
4105,0.000175923
4106,4.50249e-05
4107,0.000229612
4108,0.000472471
4109,0.000378951
4110,9.622e-05
4111,1.97562e-05
4112,0.000109817
4113,5.86971e-05
4114,-9.60448e-05
4115,-9.98378e-05
4116,-3.81788e-05
4117,-0.000177251
4118,-0.000377182
4119,-0.000265613
4120,6.96673e-05
4121,0.000165498
4122,-4.26814e-05
4123,-0.000126563
4124,9.87159e-05
4125,0.000321375
4126,0.000326258
4127,0.000287295
4128,0.000313271
4129,0.00023576
4130,4.75058e-05
4131,3.66332e-05
4132,0.000240849
4133,0.000261909
4134,-8.41274e-05
4135,-0.000395789
4136,-0.000303348
4137,-3.48328e-05
4138,9.52339e-06
4139,-0.000128403
4140,-0.000176689
4141,-0.000125455
4142,-8.72108e-05
4143,3.67775e-05
4144,0.000311475
4145,0.000455518
4146,0.000239219
4147,-3.1466e-05
4148,7.94276e-05
4149,0.000427339
4150,0.000495138
4151,0.000188457
4152,-9.79783e-05
4153,-0.000140953
4154,-9.77846e-05
4155,-7.75099e-05
4156,-1.69436e-05
4157,-3.45995e-06
4158,-0.000209917
4159,-0.000450242
4160,-0.000315818
4161,0.000139734
4162,0.000368515
4163,0.000141055
4164,-0.000114354
4165,-1.7235e-06
4166,0.000296235
4167,0.000430836
4168,0.000396323
4169,0.000317009
4170,0.00014496
4171,-8.5403e-05
4172,-9.28147e-05
4173,0.000179908
4174,0.000295912
4175,-5.2452e-05
4176,-0.000483339
4177,-0.000456994
4178,-8.23456e-05
4179,0.000114947
4180,2.2117e-06
4181,-0.000116462
4182,-9.69595e-05
4183,-4.66228e-05
4184,6.77279e-05
4185,0.000345892
4186,0.000552304
4187,0.000356823
4188,-3.34285e-05
4189,-6.24167e-05
4190,0.000306867
4191,0.000498706
4192,0.000213924
4193,-0.000167131
4194,-0.000255475
4195,-0.000168859
4196,-0.000130237
4197,-8.08186e-05
4198,4.96411e-06
4199,-8.53567e-05
4200,-0.000344956
4201,-0.000351757
4202,7.56678e-05
4203,0.000458939
4204,0.000341218
4205,-1.92398e-06
4206,-2.4092e-05
4207,0.000257696
4208,0.000422098
4209,0.000359566
4210,0.000270452
4211,0.000163324
4212,-6.83656e-05
4213,-0.000226437
4214,-5.424e-05
4215,0.000199266
4216,6.04134e-05
4217,-0.000370649
4218,-0.000510089
4219,-0.000194477
4220,0.000113614
4221,0.000103163
4222,-1.4497e-06
4223,2.4748e-05
4224,6.9836e-05
4225,8.06615e-05
4226,0.00024062
4227,0.000505369
4228,0.000491293
4229,0.00012078
4230,-0.000124932
4231,6.47214e-05
4232,0.000322783
4233,0.000209831
4234,-0.000115707
4235,-0.000259155
4236,-0.000223156
4237,-0.000216977
4238,-0.000185177
4239,-1.89251e-05
4240,6.73498e-05
4241,-0.00011571
4242,-0.000270101
4243,-2.99506e-05
4244,0.000378132
4245,0.000449588
4246,0.000201366
4247,8.24384e-05
4248,0.00021105
4249,0.000291895
4250,0.000224927
4251,0.000199919
4252,0.000199145
4253,1.94988e-06
4254,-0.000280437
4255,-0.000268427
4256,6.0759e-06
4257,7.20083e-05
4258,-0.000200617
4259,-0.000377854
4260,-0.000198733
4261,4.11496e-05
4262,7.63607e-05
4263,8.19238e-05
4264,0.000210443
4265,0.000256405
4266,0.000121072
4267,0.000105807
4268,0.000358523
4269,0.00050342
4270,0.000249115
4271,-7.6156e-05
4272,-6.34703e-05
4273,0.000109327
4274,5.51137e-05
4275,-0.000143826
4276,-0.000180463
4277,-0.000128841
4278,-0.00022643
4279,-0.000316375
4280,-0.000114619
4281,0.000174697
4282,0.000139475
4283,-9.64922e-05
4284,-5.32644e-05
4285,0.000276388
4286,0.000433125
4287,0.000291531
4288,0.000194098
4289,0.000259582
4290,0.00021937
4291,3.31484e-05
4292,1.17182e-05
4293,0.000173178
4294,0.000119114
4295,-0.000233415
4296,-0.000419627
4297,-0.000199228
4298,3.44938e-05
4299,-5.52045e-05
4300,-0.000212928
4301,-0.000124372
4302,4.19187e-05
4303,5.26298e-05
4304,8.36825e-05
4305,0.000306311
4306,0.000441368
4307,0.000238991
4308,1.24672e-05
4309,0.000146559
4310,0.000410049
4311,0.000334834
4312,1.47753e-06
4313,-0.00015089
4314,-7.79535e-05
4315,-8.35677e-05
4316,-0.000185581
4317,-0.000148174
4318,-4.04156e-05
4319,-0.000139451
4320,-0.000327295
4321,-0.000207084
4322,0.000173148
4323,0.000329656
4324,0.000136768
4325,8.27034e-06
4326,0.000171897
4327,0.00034849
4328,0.000320583
4329,0.000259418
4330,0.000274594
4331,0.000173878
4332,-7.59403e-05
4333,-0.000157709
4334,3.60628e-05
4335,0.000130113
4336,-0.000121052
4337,-0.000393621
4338,-0.000326583
4339,-8.4092e-05
4340,6.52145e-07
4341,-2.88087e-05
4342,2.74342e-05
4343,9.56804e-05
4344,5.04467e-05
4345,6.80394e-05
4346,0.000309575
4347,0.00051185
4348,0.000360723
4349,5.24552e-05
4350,5.00611e-06
4351,0.000190042
4352,0.000237936
4353,6.63066e-05
4354,-8.64313e-05
4355,-0.000148654
4356,-0.000243595
4357,-0.000302758
4358,-0.000149424
4359,6.59493e-05
4360,1.34009e-05
4361,-0.000228983
4362,-0.0002325
4363,9.32431e-05
4364,0.0003596
4365,0.000329322
4366,0.000208474
4367,0.000192951
4368,0.000193184
4369,0.000160835
4370,0.000230499
4371,0.000351723
4372,0.000228927
4373,-0.000149783
4374,-0.000357829
4375,-0.000165016
4376,8.22323e-05
4377,1.01473e-05
4378,-0.000235006
4379,-0.000313274
4380,-0.000211963
4381,-9.13192e-05
4382,6.47014e-05
4383,0.000269768
4384,0.000307062
4385,8.19242e-05
4386,-6.42468e-05
4387,0.000178811
4388,0.000537725
4389,0.000521887
4390,0.000159299
4391,-9.87502e-05
4392,-7.0822e-05
4393,2.68255e-05
4394,4.77853e-05
4395,3.73232e-05
4396,-5.42629e-05
4397,-0.00030417
4398,-0.000484671
4399,-0.000278813
4400,0.00014916
4401,0.000278547
4402,-2.91741e-06
4403,-0.00022793
4404,-5.87152e-05
4405,0.000283511
4406,0.000454352
4407,0.000425729
4408,0.000302453
4409,0.000103261
4410,-5.87729e-05
4411,3.97309e-05
4412,0.000322644
4413,0.000350253
4414,-5.82957e-05
4415,-0.000473616
4416,-0.00043561
4417,-8.59298e-05
4418,0.00010967
4419,1.14255e-05
4420,-0.000166342
4421,-0.000254224
4422,-0.000204096
4423,4.12165e-05
4424,0.000398638
4425,0.000531929
4426,0.000254661
4427,-9.03626e-05
4428,-3.05787e-05
4429,0.000359582
4430,0.000562692
4431,0.000336044
4432,-5.06243e-05
4433,-0.000267285
4434,-0.000251024
4435,-8.44619e-05
4436,0.000102133
4437,9.08477e-05
4438,-0.000218163
4439,-0.00052717
4440,-0.000409722
4441,8.22018e-05
4442,0.000418444
4443,0.000286901
4444,-3.54161e-05
4445,-0.000122473
4446,9.49334e-05
4447,0.000397136
4448,0.000565967
4449,0.000465862
4450,0.000105755
4451,-0.000231329
4452,-0.000186994
4453,0.000180807
4454,0.000366427
4455,6.16947e-05
4456,-0.000418248
4457,-0.000563533
4458,-0.000296198
4459,5.51061e-05
4460,0.00020284
4461,9.47249e-05
4462,-0.000152827
4463,-0.000285463
4464,-5.40618e-05
4465,0.000435887
4466,0.000694055
4467,0.000420921
4468,-4.98319e-05
4469,-0.000162651
4470,0.000147011
4471,0.000445747
4472,0.000396926
4473,6.3083e-05
4474,-0.000301466
4475,-0.000464832
4476,-0.00029524
4477,7.78827e-05
4478,0.000241025
4479,-5.72948e-05
4480,-0.000484462
4481,-0.000474017
4482,2.20314e-05
4483,0.00047111
4484,0.000467857
4485,0.000164973
4486,-5.57954e-05
4487,-1.48792e-05
4488,0.000241232
4489,0.000532158
4490,0.000566583
4491,0.00018467
4492,-0.000313342
4493,-0.000397283
4494,-2.55482e-06
4495,0.000322162
4496,0.000136192
4497,-0.000332141
4498,-0.000559196
4499,-0.000379024
4500,-2.19863e-05
4501,0.000248183
4502,0.000280825
4503,4.9738e-05
4504,-0.000216732
4505,-0.000129883
4506,0.000355213
4507,0.000731897
4508,0.000545316
4509,2.41152e-05
4510,-0.000226234
4511,-1.80264e-05
4512,0.000284498
4513,0.000324713
4514,8.97297e-05
4515,-0.000251294
4516,-0.00049508
4517,-0.000427188
4518,-4.35554e-05
4519,0.000267517
4520,0.000115394
4521,-0.000314343
4522,-0.000431173
4523,-3.05195e-05
4524,0.000449894
4525,0.00054899
4526,0.000307242
4527,5.08757e-05
4528,-2.05127e-05
4529,0.000118173
4530,0.000378289
4531,0.000502528
4532,0.00023727
4533,-0.000262858
4534,-0.000483248
4535,-0.000202281
4536,0.000173383
4537,0.000154681
4538,-0.000198671
4539,-0.000449806
4540,-0.000369596
4541,-7.64075e-05
4542,0.000224909
4543,0.00036598
4544,0.000235305
4545,-4.53085e-05
4546,-0.000105329
4547,0.000230287
4548,0.000609349
4549,0.000562374
4550,0.000137516
4551,-0.000186572
4552,-0.000146266
4553,6.76059e-05
4554,0.00017258
4555,8.11451e-05
4556,-0.000161644
4557,-0.000423115
4558,-0.000462349
4559,-0.000162344
4560,0.000200819
4561,0.000219409
4562,-8.29351e-05
4563,-0.00025316
4564,-3.0452e-05
4565,0.000339571
4566,0.000500899
4567,0.00040245
4568,0.000202189
4569,3.4533e-05
4570,7.74306e-06
4571,0.000172047
4572,0.000345474
4573,0.000224175
4574,-0.000177168
4575,-0.000446169
4576,-0.000310825
4577,-1.18222e-05
4578,6.6041e-05
4579,-9.67645e-05
4580,-0.000243444
4581,-0.000232045
4582,-9.0212e-05
4583,0.000140504
4584,0.000359973
4585,0.000370635
4586,0.000145622
4587,-1.14077e-05
4588,0.000152551
4589,0.000434095
4590,0.000441235
4591,0.000152776
4592,-0.000102109
4593,-0.000140724
4594,-8.02844e-05
4595,-4.33985e-05
4596,-3.49111e-05
4597,-9.6289e-05
4598,-0.0002648
4599,-0.000373598
4600,-0.000208537
4601,0.00011121
4602,0.000228334
4603,7.0489e-05
4604,-4.52152e-05
4605,9.1281e-05
4606,0.000305765
4607,0.000374551
4608,0.000325715
4609,0.000257799
4610,0.000148515
4611,1.69107e-05
4612,6.39052e-06
4613,0.000116299
4614,0.000104698
4615,-0.000135729
4616,-0.000348533
4617,-0.000288174
4618,-9.4917e-05
4619,-4.13784e-05
4620,-0.000111055
4621,-0.00010901
4622,-1.84077e-05
4623,4.8702e-05
4624,0.000115781
4625,0.000256524
4626,0.000358807
4627,0.00027777
4628,0.000134963
4629,0.000156704
4630,0.000283025
4631,0.000255616
4632,5.30213e-05
4633,-8.91702e-05
4634,-8.34819e-05
4635,-8.74619e-05
4636,-0.000170196
4637,-0.000203948
4638,-0.000147653
4639,-0.000131536
4640,-0.000176489
4641,-0.000123162
4642,5.7623e-05
4643,0.000169644
4644,0.000128206
4645,0.000113699
4646,0.000241999
4647,0.000350418
4648,0.000289183
4649,0.000177852
4650,0.000169827
4651,0.000184284
4652,9.09852e-05
4653,-3.50718e-05
4654,-7.17771e-05
4655,-8.67444e-05
4656,-0.000180942
4657,-0.000255438
4658,-0.000182338
4659,-6.8141e-05
4660,-8.44053e-05
4661,-0.000152164
4662,-6.97764e-05
4663,0.000131376
4664,0.000238826
4665,0.000210196
4666,0.000196543
4667,0.000246799
4668,0.000260075
4669,0.00022175
4670,0.000220377
4671,0.000222613
4672,9.77604e-05
4673,-0.00010595
4674,-0.000175777
4675,-7.8265e-05
4676,-3.02652e-05
4677,-0.000148403
4678,-0.000273529
4679,-0.00024546
4680,-0.000124739
4681,-2.56268e-05
4682,5.9098e-05
4683,0.000141688
4684,0.000150979
4685,9.82759e-05
4686,0.000139376
4687,0.000318379
4688,0.00042991
4689,0.000307304
4690,8.72469e-05
4691,4.13072e-06
4692,5.9406e-05
4693,8.45912e-05
4694,1.45791e-05
4695,-9.27753e-05
4696,-0.000206572
4697,-0.000301072
4698,-0.000276727
4699,-0.000100207
4700,5.53466e-05
4701,1.40077e-05
4702,-0.000120039
4703,-9.15058e-05
4704,0.000134761
4705,0.000339611
4706,0.000367136
4707,0.000275816
4708,0.000177813
4709,0.000121513
4710,0.000139883
4711,0.000225912
4712,0.000245043
4713,6.20419e-05
4714,-0.000217469
4715,-0.000322502
4716,-0.000179187
4717,-1.45119e-05
4718,-3.61491e-05
4719,-0.000181297
4720,-0.000259934
4721,-0.000189865
4722,-8.16136e-06
4723,0.000202971
4724,0.000318254
4725,0.000243241
4726,7.78526e-05
4727,6.43526e-05
4728,0.00026916
4729,0.000451998
4730,0.000369858
4731,9.04777e-05
4732,-0.000123649
4733,-0.000140142
4734,-3.90212e-05
4735,3.7279e-05
4736,-9.70561e-06
4737,-0.000193391
4738,-0.000381924
4739,-0.000361033
4740,-8.97681e-05
4741,0.000181473
4742,0.000190532
4743,-2.10264e-08
4744,-9.26445e-05
4745,6.39068e-05
4746,0.000329012
4747,0.000476477
4748,0.000408364
4749,0.000185336
4750,-2.34682e-05
4751,-4.06068e-05
4752,0.000135585
4753,0.000262223
4754,0.000105349
4755,-0.000243526
4756,-0.000446557
4757,-0.000325937
4758,-5.41872e-05
4759,8.5428e-05
4760,1.35357e-06
4761,-0.000174063
4762,-0.000237391
4763,-6.76098e-05
4764,0.00026054
4765,0.000486024
4766,0.000399968
4767,0.000112248
4768,-3.67168e-05
4769,0.00012103
4770,0.000378882
4771,0.000416814
4772,0.000162821
4773,-0.00017293
4774,-0.000336279
4775,-0.000237886
4776,-7.50306e-06
4777,9.93358e-05
4778,-6.8335e-05
4779,-0.000358352
4780,-0.000432719
4781,-0.000153141
4782,0.000233589
4783,0.000375451
4784,0.000207975
4785,-1.63569e-05
4786,-2.99891e-05
4787,0.000200461
4788,0.000474155
4789,0.000529967
4790,0.00027347
4791,-9.64318e-05
4792,-0.00024392
4793,-5.83299e-05
4794,0.000194929
4795,0.000171969
4796,-0.000149149
4797,-0.000457922
4798,-0.000465842
4799,-0.000182611
4800,0.00013388
4801,0.000221642
4802,3.63238e-05
4803,-0.000192459
4804,-0.000157349
4805,0.000193033
4806,0.00054964
4807,0.000562622
4808,0.000239675
4809,-6.99915e-05
4810,-7.46214e-05
4811,0.000170178
4812,0.000363651
4813,0.000265717
4814,-9.44989e-05
4815,-0.00043563
4816,-0.000459714
4817,-0.000154698
4818,0.000149867
4819,0.000120371
4820,-0.000194192
4821,-0.000410362
4822,-0.000249529
4823,0.000167302
4824,0.000479176
4825,0.000451618
4826,0.00016675
4827,-7.03811e-05
4828,-1.53199e-06
4829,0.0003264
4830,0.000562433
4831,0.000400697
4832,-5.69564e-05
4833,-0.000384605
4834,-0.000304962
4835,1.73767e-05
4836,0.00019217
4837,2.38341e-05
4838,-0.000327052
4839,-0.000522803
4840,-0.000350283
4841,7.83482e-05
4842,0.00039163
4843,0.000309962
4844,-3.0977e-05
4845,-0.000198704
4846,4.61986e-05
4847,0.000471455
4848,0.000646483
4849,0.000410251
4850,-2.89147e-06
4851,-0.000231322
4852,-0.000112701
4853,0.000188496
4854,0.000316309
4855,5.74086e-05
4856,-0.000396766
4857,-0.000601103
4858,-0.000344134
4859,9.56318e-05
4860,0.000268174
4861,5.40339e-05
4862,-0.000249455
4863,-0.000283802
4864,2.78571e-05
4865,0.000444079
4866,0.000617949
4867,0.00039612
4868,-2.34036e-06
4869,-0.000159234
4870,9.16957e-05
4871,0.000441974
4872,0.000448979
4873,5.15548e-05
4874,-0.000379189
4875,-0.000473015
4876,-0.000219109
4877,8.9836e-05
4878,0.000151085
4879,-9.90546e-05
4880,-0.000414448
4881,-0.000430508
4882,-4.40038e-05
4883,0.000412692
4884,0.000505636
4885,0.0002018
4886,-9.98804e-05
4887,-4.90086e-05
4888,0.000285262
4889,0.000551152
4890,0.000489482
4891,0.000134312
4892,-0.000238499
4893,-0.000324148
4894,-7.05251e-05
4895,0.000212976
4896,0.000151878
4897,-0.000243229
4898,-0.00055417
4899,-0.000443632
4900,-3.57536e-05
4901,0.000270284
4902,0.000246916
4903,7.88188e-06
4904,-0.000162244
4905,-5.36416e-05
4906,0.000298619
4907,0.000598279
4908,0.000535669
4909,0.000146849
4910,-0.000169975
4911,-0.000102436
4912,0.00020343
4913,0.00033816
4914,0.000116193
4915,-0.000262504
4916,-0.000477051
4917,-0.000381655
4918,-8.40387e-05
4919,0.000146652
4920,8.97929e-05
4921,-0.000187701
4922,-0.000340351
4923,-0.000116149
4924,0.000315594
4925,0.000541646
4926,0.000387435
4927,8.47576e-05
4928,-3.6536e-05
4929,0.000110609
4930,0.000347498
4931,0.000423102
4932,0.00021338
4933,-0.000158905
4934,-0.000386985
4935,-0.000273976
4936,1.79805e-05
4937,0.000124952
4938,-8.90116e-05
4939,-0.000374644
4940,-0.000406446
4941,-0.000139044
4942,0.00019374
4943,0.000338865
4944,0.000230855
4945,2.4016e-05
4946,-3.17678e-05
4947,0.000175132
4948,0.000463972
4949,0.000520031
4950,0.000252506
4951,-8.6146e-05
4952,-0.000190807
4953,-3.71283e-05
4954,0.000134595
4955,0.000101431
4956,-0.000138378
4957,-0.00038874
4958,-0.000427339
4959,-0.000203643
4960,8.67326e-05
4961,0.000176426
4962,1.91711e-05
4963,-0.000146769
4964,-7.42693e-05
4965,0.00021066
4966,0.000455723
4967,0.000460543
4968,0.000253939
4969,3.65607e-05
4970,-3.76733e-06
4971,0.000141361
4972,0.000277178
4973,0.000190991
4974,-0.000102383
4975,-0.000351707
4976,-0.000346097
4977,-0.000145209
4978,1.38516e-05
4979,-1.53935e-05
4980,-0.000166343
4981,-0.000255578
4982,-0.00014999
4983,0.000116546
4984,0.000347828
4985,0.000357154
4986,0.000178896
4987,5.03879e-05
4988,0.000134071
4989,0.000323283
4990,0.000385367
4991,0.000234068
4992,-1.05508e-05
4993,-0.00017616
4994,-0.000179597
4995,-6.80819e-05
4996,8.70087e-06
4997,-7.93893e-05
4998,-0.000278086
4999,-0.000365128
