0,0
1,0
2,0
3,0
4,0
5,0
6,0
7,0
8,0
9,0
10,0
11,0
12,0
13,0
14,0
15,0
16,0
17,0
18,0
19,0
20,0
21,0
22,0
23,0
24,0
25,0
26,0
27,0
28,0
29,0
30,0
31,0
32,0
33,0
34,0
35,0
36,0
37,0
38,0
39,0
40,0
41,0
42,0
43,0
44,0
45,0
46,0
47,0
48,0
49,0
50,0
51,0
52,0
53,0
54,0
55,0
56,0
57,0
58,0
59,0
60,0
61,0
62,0
63,0
64,0
65,0
66,0
67,0
68,0
69,0
70,0
71,0
72,0
73,0
74,0
75,0
76,0
77,0
78,0
79,0
80,0
81,0
82,0
83,0
84,0
85,0
86,0
87,0
88,0
89,0
90,0
91,0
92,0
93,0
94,0
95,0
96,0
97,0
98,0
99,0
100,0
101,0
102,0
103,0
104,0
105,0
106,0
107,0
108,0
109,0
110,0
111,0
112,0
113,0
114,0
115,0
116,0
117,0
118,0
119,0
120,0
121,0
122,0
123,0
124,0
125,0
126,0
127,0
128,0
129,0
130,0
131,0
132,0
133,0
134,0
135,0
136,0
137,0
138,0
139,0
140,0
141,0
142,0
143,0
144,0
145,0
146,0
147,0
148,0
149,0
150,0
151,0
152,0
153,0
154,0
155,0
156,0
157,0
158,0
159,0
160,0
161,0
162,0
163,0
164,0
165,0
166,0
167,0
168,0
169,0
170,0
171,0
172,0
173,0
174,0
175,0
176,0
177,0
178,0
179,0
180,0
181,0
182,0
183,0
184,0
185,0
186,0
187,0
188,0
189,0
190,0
191,0
192,0
193,0
194,0
195,0
196,0
197,0
198,0
199,0
200,0
201,0
202,0
203,0
204,0
205,0
206,0
207,0
208,0
209,0
210,0
211,0
212,0
213,0
214,0
215,0
216,0
217,0
218,0
219,0
220,0
221,0
222,0
223,0
224,0
225,0
226,0
227,0
228,0
229,0
230,0
231,0
232,0
233,0
234,0
235,0
236,0
237,0
238,0
239,0
240,0
241,0
242,0
243,0
244,0
245,0
246,0
247,0
248,0
249,0
250,0
251,0
252,0
253,0
254,0
255,0
256,0
257,0
258,0
259,0
260,0
261,0
262,0
263,0
264,0
265,0
266,0
267,0
268,0
269,0
270,0
271,0
272,0
273,0
274,0
275,0
276,0
277,0
278,0
279,0
280,0
281,0
282,0
283,0
284,0
285,0
286,0
287,0
288,0
289,0
290,0
291,0
292,0
293,0
294,0
295,0
296,0
297,0
298,0
299,0
300,0
301,0
302,0
303,0
304,0
305,0
306,0
307,0
308,0
309,0
310,0
311,0
312,0
313,0
314,0
315,0
316,0
317,0
318,0
319,0
320,0
321,0
322,0
323,0
324,0
325,0
326,0
327,0
328,0
329,0
330,0
331,0
332,0
333,0
334,0
335,0
336,0
337,0
338,2.46403e-203
339,8.37528e-201
340,1.59724e-198
341,2.20716e-196
342,2.4164e-194
343,2.19214e-192
344,1.69591e-190
345,1.14255e-188
346,6.81307e-187
347,3.64287e-185
348,1.76514e-183
349,7.81912e-182
350,3.18994e-180
351,1.20608e-178
352,4.24899e-177
353,1.40135e-175
354,4.34455e-174
355,1.27075e-172
356,3.51802e-171
357,9.24519e-170
358,2.31232e-168
359,5.51722e-167
360,1.25853e-165
361,2.75002e-164
362,5.7665e-163
363,1.16229e-161
364,2.25531e-160
365,4.21893e-159
366,7.61852e-158
367,1.32967e-156
368,2.24552e-155
369,3.67326e-154
370,5.82618e-153
371,8.9685e-152
372,1.34104e-150
373,1.94945e-149
374,2.75723e-148
375,3.79702e-147
376,5.09482e-146
377,6.66531e-145
378,8.50729e-144
379,1.05999e-142
380,1.29004e-141
381,1.53437e-140
382,1.78446e-139
383,2.03027e-138
384,2.26086e-137
385,2.46527e-136
386,2.63339e-135
387,2.75682e-134
388,2.82955e-133
389,2.84846e-132
390,2.8135e-131
391,2.72762e-130
392,2.59637e-129
393,2.4274e-128
394,2.2297e-127
395,2.01286e-126
396,1.78637e-125
397,1.55901e-124
398,1.33832e-123
399,1.13039e-122
400,9.39637e-122
401,7.68896e-121
402,6.1952e-120
403,4.91616e-119
404,3.84308e-118
405,2.96013e-117
406,2.24706e-116
407,1.68144e-115
408,1.24051e-114
409,9.0251e-114
410,6.47628e-113
411,4.58457e-112
412,3.20222e-111
413,2.20729e-110
414,1.50175e-109
415,1.00865e-108
416,6.6889e-108
417,4.38038e-107
418,2.8332e-106
419,1.81017e-105
420,1.14261e-104
421,7.12655e-104
422,4.39259e-103
423,2.67598e-102
424,1.61148e-101
425,9.59399e-101
426,5.64761e-100
427,3.28756e-99
428,1.89269e-98
429,1.07779e-97
430,6.07134e-97
431,3.38363e-96
432,1.86585e-95
433,1.01815e-94
434,5.49839e-94
435,2.93895e-93
436,1.55498e-92
437,8.14478e-92
438,4.22372e-91
439,2.16877e-90
440,1.10275e-89
441,5.55295e-89
442,2.76944e-88
443,1.36811e-87
444,6.69493e-87
445,3.24568e-86
446,1.55896e-85
447,7.4194e-85
448,3.49898e-84
449,1.63526e-83
450,7.57423e-83
451,3.47718e-82
452,1.58229e-81
453,7.13751e-81
454,3.19182e-80
455,1.41511e-79
456,6.22066e-79
457,2.71144e-78
458,1.17196e-77
459,5.02346e-77
460,2.13548e-76
461,9.00366e-76
462,3.7653e-75
463,1.56193e-74
464,6.42738e-74
465,2.62385e-73
466,1.06268e-72
467,4.27017e-72
468,1.70253e-71
469,6.73556e-71
470,2.64426e-70
471,1.03017e-69
472,3.983e-69
473,1.52837e-68
474,5.82086e-68
475,2.20042e-67
476,8.25669e-67
477,3.07544e-66
478,1.13718e-65
479,4.17439e-65
480,1.5213e-64
481,5.5045e-64
482,1.97751e-63
483,7.05397e-63
484,2.49852e-62
485,8.78789e-62
486,3.06941e-61
487,1.06466e-60
488,3.66751e-60
489,1.25473e-59
490,4.26349e-59
491,1.4389e-58
492,4.82355e-58
493,1.60614e-57
494,5.31251e-57
495,1.74554e-56
496,5.69753e-56
497,1.84751e-55
498,5.95172e-55
499,1.90489e-54
500,6.05734e-54
501,1.91378e-53
502,6.00778e-53
503,1.87396e-52
504,5.80823e-52
505,1.78886e-51
506,5.47487e-51
507,1.66512e-50
508,5.03271e-50
509,1.51168e-49
510,4.51258e-49
511,1.33879e-48
512,3.94762e-48
513,1.15691e-47
514,3.36992e-47
515,9.75676e-47
516,2.8078e-46
517,8.03182e-46
518,2.2838e-45
519,6.45517e-45
520,1.81373e-44
521,5.06599e-44
522,1.40666e-43
523,3.88293e-43
524,1.06557e-42
525,2.90714e-42
526,7.88536e-42
527,2.12645e-41
528,5.70133e-41
529,1.51982e-40
530,4.02822e-40
531,1.06156e-39
532,2.7816e-39
533,7.24724e-39
534,1.87751e-38
535,4.83654e-38
536,1.2389e-37
537,3.15566e-37
538,7.99295e-37
539,2.01322e-36
540,5.04256e-36
541,1.25601e-35
542,3.11114e-35
543,7.66372e-35
544,1.87741e-34
545,4.57385e-34
546,1.10819e-33
547,2.67032e-33
548,6.39928e-33
549,1.52519e-32
550,3.61533e-32
551,8.52327e-32
552,1.9985e-31
553,4.66064e-31
554,1.08102e-30
555,2.49388e-30
556,5.72232e-30
557,1.30596e-29
558,2.96448e-29
559,6.69323e-29
560,1.50311e-28
561,3.35754e-28
562,7.45981e-28
563,1.64859e-27
564,3.62391e-27
565,7.9237e-27
566,1.72331e-26
567,3.72811e-26
568,8.02238e-26
569,1.71716e-25
570,3.65604e-25
571,7.74296e-25
572,1.63117e-24
573,3.41814e-24
574,7.12489e-24
575,1.47729e-23
576,3.04686e-23
577,6.25087e-23
578,1.27564e-22
579,2.5895e-22
580,5.22882e-22
581,1.05025e-21
582,2.09835e-21
583,4.17024e-21
584,8.24409e-21
585,1.62114e-20
586,3.17096e-20
587,6.16955e-20
588,1.19401e-19
589,2.29852e-19
590,4.40125e-19
591,8.38276e-19
592,1.5881e-18
593,2.99257e-18
594,5.609e-18
595,1.04567e-17
596,1.93897e-17
597,3.57608e-17
598,6.55995e-17
599,1.19686e-16
600,2.17188e-16
601,3.91982e-16
602,7.0361e-16
603,1.2561e-15
604,2.23018e-15
605,3.93795e-15
606,6.91522e-15
607,1.20765e-14
608,2.09733e-14
609,3.62221e-14
610,6.2209e-14
611,1.06242e-13
612,1.80422e-13
613,3.04668e-13
614,5.11556e-13
615,8.54041e-13
616,1.41765e-12
617,2.33966e-12
618,3.83897e-12
619,6.26241e-12
620,1.01559e-11
621,1.63729e-11
622,2.62391e-11
623,4.17995e-11
624,6.61869e-11
625,1.04168e-10
626,1.62941e-10
627,2.53307e-10
628,3.91342e-10
629,6.00808e-10
630,9.16553e-10
631,1.3893e-09
632,2.09229e-09
633,3.13043e-09
634,4.65275e-09
635,6.8692e-09
636,1.00729e-08
637,1.46697e-08
638,2.12157e-08
639,3.04666e-08
640,4.34382e-08
641,6.14824e-08
642,8.63784e-08
643,1.20442e-07
644,1.6665e-07
645,2.2878e-07
646,3.11561e-07
647,4.20823e-07
648,5.63637e-07
649,7.4842e-07
650,9.84992e-07
651,1.28453e-06
652,1.65938e-06
653,2.12273e-06
654,2.688e-06
655,3.36791e-06
656,4.17331e-06
657,5.11145e-06
658,6.18402e-06
659,7.38465e-06
660,8.69615e-06
661,1.00876e-05
662,1.15114e-05
663,1.29008e-05
664,1.41681e-05
665,1.52045e-05
666,1.58813e-05
667,1.60544e-05
668,1.55714e-05
669,1.42827e-05
670,1.20564e-05
671,8.7965e-06
672,4.46513e-06
673,-8.94672e-07
674,-7.13593e-06
675,-1.39881e-05
676,-2.10444e-05
677,-2.77597e-05
678,-3.34637e-05
679,-3.73924e-05
680,-3.8741e-05
681,-3.67386e-05
682,-3.07425e-05
683,-2.03472e-05
684,-5.49825e-06
685,1.34023e-05
686,3.54141e-05
687,5.90208e-05
688,8.21525e-05
689,0.000102286
690,0.00011663
691,0.0001224
692,0.000117159
693,9.92137e-05
694,6.80075e-05
695,2.44651e-05
696,-2.87772e-05
697,-8.73201e-05
698,-0.000145181
699,-0.000195239
700,-0.000229943
701,-0.000242252
702,-0.000226702
703,-0.000180491
704,-0.000104407
705,-3.41361e-06
706,0.000113252
707,0.00023262
708,0.000339186
709,0.000416747
710,0.000450674
711,0.000430369
712,0.000351516
713,0.000217738
714,4.12497e-05
715,-0.00015776
716,-0.000353152
717,-0.000516142
718,-0.000619544
719,-0.000642345
720,-0.000573873
721,-0.000416748
722,-0.000187923
723,8.26568e-05
724,0.000355825
725,0.000589036
726,0.000743421
727,0.000790896
728,0.00071994
729,0.000538809
730,0.000275278
731,-2.73808e-05
732,-0.000317724
733,-0.000545576
734,-0.00067181
735,-0.000676437
736,-0.000563153
737,-0.000359096
738,-0.00010951
739,0.000131819
740,0.000314458
741,0.000402929
742,0.000385244
743,0.000276094
744,0.000113556
745,-5.02917e-05
746,-0.000162887
747,-0.000185601
748,-0.000105322
749,6.0127e-05
750,0.000264726
751,0.000445129
752,0.000537394
753,0.000495479
754,0.0003065
755,-1.86591e-06
756,-0.000364681
757,-0.000693897
758,-0.000900415
759,-0.000918583
760,-0.000726393
761,-0.000355256
762,0.000114384
763,0.000571556
764,0.000903241
765,0.0010254
766,0.000907712
767,0.000584335
768,0.00014654
769,-0.000281818
770,-0.000579746
771,-0.000665393
772,-0.000522111
773,-0.000205544
774,0.000171639
775,0.000473975
776,0.000586669
777,0.00045486
778,0.000105636
779,-0.00035564
780,-0.00077531
781,-0.000999679
782,-0.000926835
783,-0.000544978
784,5.65778e-05
785,0.000709429
786,0.00121611
787,0.00141324
788,0.00122731
789,0.000703698
790,-2.58019e-06
791,-0.000673772
792,-0.00109987
793,-0.00114977
794,-0.00081834
795,-0.000231688
796,0.000393565
797,0.000824821
798,0.000896993
799,0.000575264
800,-2.67906e-05
801,-0.000682772
802,-0.00113258
803,-0.00117832
804,-0.000762209
805,3.33446e-06
806,0.000867695
807,0.00152746
808,0.00173622
809,0.0013988
810,0.000613473
811,-0.000356515
812,-0.00117471
813,-0.00155468
814,-0.00136888
815,-0.000700773
816,0.000182593
817,0.000930004
818,0.00124173
819,0.000989443
820,0.000272182
821,-0.000616456
822,-0.00130065
823,-0.00147234
824,-0.00101986
825,-8.22236e-05
826,0.000996381
827,0.00179762
828,0.00199569
829,0.00149276
830,0.000466362
831,-0.000694446
832,-0.00154183
833,-0.00175086
834,-0.00125538
835,-0.000279678
836,0.000750937
837,0.00138673
838,0.00134522
839,0.000636541
840,-0.000433634
841,-0.0013889
842,-0.00178517
843,-0.00140646
844,-0.000367778
845,0.000923108
846,0.00193325
847,0.00223245
848,0.00168329
849,0.000508223
850,-0.000799785
851,-0.00168827
852,-0.0017876
853,-0.0010773
854,0.000100409
855,0.00119007
856,0.00167237
857,0.00130283
858,0.000230567
859,-0.00106066
860,-0.00196718
861,-0.00204151
862,-0.00120412
863,0.000209104
864,0.00159045
865,0.00233357
866,0.0021126
867,0.00103706
868,-0.000393121
869,-0.00151613
870,-0.00181693
871,-0.00117185
872,8.8502e-05
873,0.00133202
874,0.0019255
875,0.00154166
876,0.000325072
877,-0.00116662
878,-0.0022232
879,-0.00232261
880,-0.00138803
881,0.000165706
882,0.001624
883,0.00231398
884,0.00193138
885,0.000691834
886,-0.000771356
887,-0.00171737
888,-0.00166573
889,-0.000639762
890,0.000838447
891,0.00200389
892,0.0022317
893,0.00135687
894,-0.000232142
895,-0.00177795
896,-0.00252898
897,-0.00211788
898,-0.000751453
899,0.000888307
900,0.00198619
901,0.0020079
902,0.000974689
903,-0.000544886
904,-0.00172642
905,-0.00191745
906,-0.000981532
907,0.000622157
908,0.00206967
909,0.00259793
910,0.00190535
911,0.000316639
912,-0.00137858
913,-0.00233335
914,-0.00208562
915,-0.000801971
916,0.000809051
917,0.00187197
918,0.00181142
919,0.000662668
920,-0.000942774
921,-0.00211293
922,-0.0021758
923,-0.00104712
924,0.000715111
925,0.00220287
926,0.00264345
927,0.00181666
928,0.000176322
929,-0.00139341
930,-0.00205756
931,-0.00148559
932,-3.2412e-05
933,0.00145697
934,0.0021149
935,0.00153464
936,2.02148e-06
937,-0.00165603
938,-0.00252602
939,-0.00211524
940,-0.000629371
941,0.00113699
942,0.00223916
943,0.00210753
944,0.000864645
945,-0.000745624
946,-0.00177967
947,-0.00163037
948,-0.000374628
949,0.00126692
950,0.00233804
951,0.00219315
952,0.00087033
953,-0.00092371
954,-0.00221146
955,-0.00229987
956,-0.00117522
957,0.000490653
958,0.00172853
959,0.0018322
960,0.000767337
961,-0.000809362
962,-0.00193408
963,-0.00190118
964,-0.000680538
965,0.00105845
966,0.00233299
967,0.00241935
968,0.00127647
969,-0.000429322
970,-0.00171516
971,-0.00185943
972,-0.000825687
973,0.00071913
974,0.00180461
975,0.00173872
976,0.000525227
977,-0.00113367
978,-0.00225358
979,-0.00215605
980,-0.000876665
981,0.000852791
982,0.00203976
983,0.00202378
984,0.000870166
985,-0.000673819
986,-0.00163516
987,-0.00140834
988,-0.000125693
989,0.0014217
990,0.00226604
991,0.00185534
992,0.000394693
993,-0.00127406
994,-0.00218238
995,-0.00182397
996,-0.000461221
997,0.00103986
998,0.0017457
999,0.00123224
1000,-0.00015375
1001,-0.00151174
1002,-0.00194972
1003,-0.00114298
1004,0.000458505
1005,0.00190485
1006,0.00233383
1007,0.00150552
1008,-5.00628e-05
1009,-0.00136577
1010,-0.00164306
1011,-0.000750979
1012,0.000695418
1013,0.00172743
1014,0.00163916
1015,0.00043879
1016,-0.00115167
1017,-0.00214965
1018,-0.00193247
1019,-0.000631659
1020,0.000949833
1021,0.00184623
1022,0.00154029
1023,0.000288031
1024,-0.00105081
1025,-0.00156861
1026,-0.000896103
1027,0.000557278
1028,0.00186445
1029,0.00217629
1030,0.00126905
1031,-0.000309511
1032,-0.00159045
1033,-0.00180517
1034,-0.000876834
1035,0.000536399
1036,0.00147444
1037,0.00130345
1038,0.000130323
1039,-0.00126692
1040,-0.00194834
1041,-0.00142877
1042,1.21312e-06
1043,0.00146105
1044,0.00205218
1045,0.00144206
1046,7.71139e-05
1047,-0.00111552
1048,-0.00134158
1049,-0.000464203
1050,0.000906952
1051,0.00182156
1052,0.00162161
1053,0.000382379
1054,-0.00113188
1055,-0.00196941
1056,-0.00161787
1057,-0.000340664
1058,0.00100138
1059,0.00152463
1060,0.000910826
1061,-0.000383717
1062,-0.00143789
1063,-0.00148756
1064,-0.000442781
1065,0.00104695
1066,0.00202406
1067,0.0018622
1068,0.000683973
1069,-0.000723775
1070,-0.00144032
1071,-0.00102952
1072,0.00017099
1073,0.00128503
1074,0.00149798
1075,0.000614615
1076,-0.000804322
1077,-0.00182017
1078,-0.00175264
1079,-0.000641518
1080,0.000780637
1081,0.00158664
1082,0.00128388
1083,0.000145074
1084,-0.000985432
1085,-0.00127691
1086,-0.000487455
1087,0.000866187
1088,0.00186155
1089,0.00180429
1090,0.000707041
1091,-0.000716897
1092,-0.00154139
1093,-0.00126122
1094,-0.000134629
1095,0.0010017
1096,0.00131733
1097,0.00056736
1098,-0.000735534
1099,-0.00167622
1100,-0.00157355
1101,-0.00045602
1102,0.000954267
1103,0.00173912
1104,0.00141746
1105,0.000273743
1106,-0.000847131
1107,-0.00113471
1108,-0.000381793
1109,0.000870896
1110,0.00171551
1111,0.00151646
1112,0.000359825
1113,-0.00100295
1114,-0.00167788
1115,-0.00125083
1116,-7.20779e-05
1117,0.000996543
1118,0.001193
1119,0.000393257
1120,-0.000803746
1121,-0.00150397
1122,-0.00115582
1123,5.45123e-05
1124,0.00133042
1125,0.00182484
1126,0.00123585
1127,1.53751e-05
1128,-0.000956709
1129,-0.00100049
1130,-0.000118636
1131,0.00101
1132,0.00152064
1133,0.000985993
1134,-0.000273127
1135,-0.00141243
1136,-0.00166353
1137,-0.000879365
1138,0.000364816
1139,0.00118644
1140,0.00102849
1141,5.56044e-05
1142,-0.000970622
1143,-0.00124652
1144,-0.000511146
1145,0.000760867
1146,0.0016975
1147,0.00165469
1148,0.00067748
1149,-0.000535416
1150,-0.00113745
1151,-0.000743828
1152,0.000296093
1153,0.00116005
1154,0.00115682
1155,0.000233596
1156,-0.000982024
1157,-0.00163558
1158,-0.00126468
1159,-0.000133035
1160,0.000962988
1161,0.00127339
1162,0.000636453
1163,-0.000411273
1164,-0.0010359
1165,-0.000723209
1166,0.000340631
1167,0.00140337
1168,0.00169682
1169,0.000998855
1170,-0.000204822
1171,-0.00107687
1172,-0.0010397
1173,-0.000192841
1174,0.000769522
1175,0.00107816
1176,0.000461525
1177,-0.000651211
1178,-0.00144638
1179,-0.00132721
1180,-0.000355216
1181,0.000794979
1182,0.00133302
1183,0.000932636
1184,-3.58961e-05
1185,-0.000790572
1186,-0.000725284
1187,0.000137378
1188,0.00116299
1189,0.00157739
1190,0.00104309
1191,-8.75046e-05
1192,-0.00103068
1193,-0.00115107
1194,-0.000430611
1195,0.000525332
1196,0.000950551
1197,0.000499628
1198,-0.000492423
1199,-0.00126708
1200,-0.00121591
1201,-0.000335323
1202,0.000774025
1203,0.00135286
1204,0.00103937
1205,0.000129646
1206,-0.000645524
1207,-0.000668029
1208,9.50478e-05
1209,0.00105388
1210,0.00144099
1211,0.000909449
1212,-0.000188807
1213,-0.00107618
1214,-0.00115466
1215,-0.000450882
1216,0.000440572
1217,0.00083162
1218,0.000441235
1219,-0.000428343
1220,-0.00111671
1221,-0.00106181
1222,-0.000210143
1223,0.000891185
1224,0.00145145
1225,0.00105592
1226,5.44248e-05
1227,-0.000693697
1228,-0.000565381
1229,0.000276077
1230,0.00106906
1231,0.00116711
1232,0.000541739
1233,-0.000342361
1234,-0.000974206
1235,-0.00105787
1236,-0.000541725
1237,0.000315291
1238,0.000899216
1239,0.000604804
1240,-0.000471929
1241,-0.00134582
1242,-0.00102113
1243,0.00035084
1244,0.00149028
1245,0.0013726
1246,0.000362589
1247,-0.000342437
1248,-0.000217138
1249,0.000158872
1250,0.000214288
1251,0.000257804
1252,0.000719219
1253,0.00101222
1254,0.000129652
1255,-0.00154292
1256,-0.00207158
1257,-0.000401431
1258,0.0017567
1259,0.0017102
1260,-0.000611891
1261,-0.00224366
1262,-0.00103287
1263,0.00135228
1264,0.00171234
1265,-8.45163e-05
1266,-0.000913045
1267,0.000794647
1268,0.00232768
1269,0.000652031
1270,-0.00243692
1271,-0.00219204
1272,0.00193294
1273,0.00440138
1274,0.000996982
1275,-0.00443377
1276,-0.00446384
1277,0.00136362
1278,0.005103
1279,0.001349
1280,-0.00458996
1281,-0.00387458
1282,0.00277721
1283,0.00547803
1284,-0.000311233
1285,-0.00614906
1286,-0.00242867
1287,0.00658039
1288,0.00753294
1289,-0.002398
1290,-0.00969836
1291,-0.00311251
1292,0.00900983
1293,0.00920065
1294,-0.0038498
1295,-0.0119891
1296,-0.00316294
1297,0.0102526
1298,0.00843763
1299,-0.00659642
1300,-0.0127095
1301,0.000131729
1302,0.0137667
1303,0.00742666
1304,-0.0108381
1305,-0.014137
1306,0.00398941
1307,0.0182633
1308,0.00728912
1309,-0.014309
1310,-0.0155075
1311,0.00612855
1312,0.0196804
1313,0.00514946
1314,-0.0168682
1315,-0.0144556
1316,0.00894084
1317,0.018958
1318,0.000500414
1319,-0.0195945
1320,-0.0114835
1321,0.0136121
1322,0.0192311
1323,-0.00308688
1324,-0.0210813
1325,-0.00855649
1326,0.0165864
1327,0.0184874
1328,-0.0048937
1329,-0.0197022
1330,-0.00565599
1331,0.0157106
1332,0.0137713
1333,-0.00719014
1334,-0.0163201
1335,-0.00186044
1336,0.0136287
1337,0.0080955
1338,-0.0087699
1339,-0.0121825
1340,0.0013016
1341,0.0113191
1342,0.00493815
1343,-0.00662124
1344,-0.00724841
1345,0.00142128
1346,0.00618136
1347,0.00276501
1348,-0.00138524
1349,-0.00142651
1350,-0.000634419
1351,-0.00114366
1352,0.000281408
1353,0.00381193
1354,0.0031695
1355,-0.00343899
1356,-0.00690579
1357,-0.000227929
1358,0.00799839
1359,0.00439084
1360,-0.00745606
1361,-0.00961592
1362,0.00310994
1363,0.01276
1364,0.00386253
1365,-0.0117289
1366,-0.0105315
1367,0.00723554
1368,0.0162014
1369,0.00272493
1370,-0.0142648
1371,-0.0105177
1372,0.00810397
1373,0.0145961
1374,0.000387519
1375,-0.0133068
1376,-0.00764442
1377,0.00735877
1378,0.00983975
1379,-0.00176543
1380,-0.00919835
1381,-0.00291414
1382,0.00600929
1383,0.00514364
1384,-0.00178322
1385,-0.00399509
1386,-0.000509561
1387,0.00184845
1388,0.00133502
1389,0.00165121
1390,0.00224764
1391,-0.000925069
1392,-0.0051294
1393,-0.00235983
1394,0.00608947
1395,0.00760575
1396,-0.00280596
1397,-0.0115119
1398,-0.00466486
1399,0.00937859
1400,0.0101822
1401,-0.00421656
1402,-0.0128835
1403,-0.00266039
1404,0.0117137
1405,0.00930142
1406,-0.00586828
1407,-0.0112751
1408,0.000337078
1409,0.0111645
1410,0.00585204
1411,-0.00665065
1412,-0.00839122
1413,0.00119384
1414,0.00729114
1415,0.00297244
1416,-0.00336053
1417,-0.00367754
1418,-0.000847492
1419,0.000125581
1420,0.00073909
1421,0.00276354
1422,0.00205039
1423,-0.00341616
1424,-0.0060795
1425,0.000649241
1426,0.00899284
1427,0.00587669
1428,-0.00595716
1429,-0.00932751
1430,0.00175516
1431,0.0112728
1432,0.0044568
1433,-0.0092108
1434,-0.00956142
1435,0.00386589
1436,0.0111536
1437,0.00201386
1438,-0.00953585
1439,-0.00711933
1440,0.00433076
1441,0.00809924
1442,0.000772281
1443,-0.0055976
1444,-0.0034345
1445,0.00153794
1446,0.00269967
1447,0.00189733
1448,0.00207727
1449,0.000622929
1450,-0.00342954
1451,-0.00386022
1452,0.00263741
1453,0.00742927
1454,0.00146806
1455,-0.0084148
1456,-0.00726572
1457,0.00466647
1458,0.010151
1459,0.000533549
1460,-0.010187
1461,-0.00598921
1462,0.0068331
1463,0.00932865
1464,-0.00150794
1465,-0.0091729
1466,-0.00317302
1467,0.0065904
1468,0.00664631
1469,-0.000735274
1470,-0.00425114
1471,-0.00140535
1472,0.00123774
1473,0.00104902
1474,0.00129792
1475,0.00176839
1476,-0.00140319
1477,-0.00570726
1478,-0.00316713
1479,0.00538622
1480,0.00777894
1481,-0.0013559
1482,-0.00968921
1483,-0.00428703
1484,0.00778153
1485,0.00886112
1486,-0.00259358
1487,-0.0094427
1488,-0.00185556
1489,0.00838497
1490,0.00661574
1491,-0.00319636
1492,-0.00654043
1493,-0.000616875
1494,0.00415553
1495,0.00196664
1496,-0.00166338
1497,-0.00175535
1498,-0.000984268
1499,-0.00153413
1500,-1.62217e-05
1501,0.00408156
1502,0.00393144
1503,-0.00318998
1504,-0.00775875
1505,-0.00113324
1506,0.00881549
1507,0.00731736
1508,-0.00439836
1509,-0.00940481
1510,-0.000273339
1511,0.00949281
1512,0.00588457
1513,-0.00507817
1514,-0.00776425
1515,-0.000313141
1516,0.00509741
1517,0.0021772
1518,-0.00228684
1519,-0.00199251
1520,1.18836e-05
1521,-0.000151922
1522,2.66536e-05
1523,0.00234817
1524,0.00219205
1525,-0.0027171
1526,-0.00510931
1527,0.00106216
1528,0.00822198
1529,0.00477482
1530,-0.00576594
1531,-0.00805823
1532,0.00177525
1533,0.00927982
1534,0.003295
1535,-0.00727244
1536,-0.00742892
1537,0.00176462
1538,0.00671178
1539,0.00229341
1540,-0.00314552
1541,-0.00299305
1542,-0.000578836
1543,7.41694e-05
1544,0.000982185
1545,0.00316458
1546,0.00220827
1547,-0.00288517
1548,-0.00451376
1549,0.0018835
1550,0.00776186
1551,0.00307111
1552,-0.00674166
1553,-0.00729634
1554,0.00259603
1555,0.00836014
1556,0.00176559
1557,-0.00686842
1558,-0.00514116
1559,0.00307377
1560,0.00539864
1561,8.30523e-05
1562,-0.00384639
1563,-0.00208478
1564,0.000646386
1565,0.0011952
1566,0.00207959
1567,0.00340749
1568,0.000914029
1569,-0.00440014
1570,-0.00433813
1571,0.00316801
1572,0.00767627
1573,0.00119812
1574,-0.0078216
1575,-0.00597551
1576,0.00438076
1577,0.00818582
1578,0.000370249
1579,-0.00726685
1580,-0.0046876
1581,0.00255658
1582,0.00423594
1583,0.000697945
1584,-0.00113399
1585,-0.000189896
1586,-0.000216328
1587,-0.000652038
1588,0.00162735
1589,0.00381007
1590,0.000496901
1591,-0.00505597
1592,-0.0036272
1593,0.00444495
1594,0.00728999
1595,-0.000499149
1596,-0.00815068
1597,-0.00452822
1598,0.00474146
1599,0.00611472
1600,-0.00133755
1601,-0.00592889
1602,-0.00196479
1603,0.00343098
1604,0.00342139
1605,0.000636566
1606,-0.000459729
1607,-0.00103714
1608,-0.00238319
1609,-0.000994953
1610,0.00407281
1611,0.00583774
1612,-0.000421981
1613,-0.00707507
1614,-0.00399484
1615,0.00497223
1616,0.00653227
1617,-0.00177887
1618,-0.00762734
1619,-0.00282825
1620,0.00487983
1621,0.00484675
1622,-0.00094363
1623,-0.00347551
1624,-0.00113777
1625,0.000776454
1626,0.000790582
1627,0.00174902
1628,0.00270871
1629,5.6794e-05
1630,-0.00364833
1631,-0.00173861
1632,0.00435479
1633,0.00491417
1634,-0.0025784
1635,-0.00753466
1636,-0.00197882
1637,0.00638345
1638,0.0055103
1639,-0.00279625
1640,-0.0064706
1641,-0.00164771
1642,0.00346246
1643,0.00280528
1644,-1.81778e-05
1645,-0.000593034
1646,-0.000456596
1647,-0.00111985
1648,0.000233906
1649,0.00385664
1650,0.00377575
1651,-0.00240042
1652,-0.00661991
1653,-0.00154748
1654,0.00653632
1655,0.00581896
1656,-0.00294511
1657,-0.00729063
1658,-0.00191011
1659,0.00433568
1660,0.00312433
1661,-0.00169788
1662,-0.00257764
1663,-2.72491e-05
1664,0.00111246
1665,0.000873063
1666,0.00176883
1667,0.00184887
1668,-0.00149448
1669,-0.00406873
1670,-0.000275614
1671,0.00584208
1672,0.00474526
1673,-0.00322076
1674,-0.0068038
1675,-0.000856367
1676,0.00552577
1677,0.00315507
1678,-0.00356873
1679,-0.00467343
1680,0.000152731
1681,0.00323792
1682,0.00180319
1683,-0.000104248
1684,-0.00058169
1685,-0.00161556
1686,-0.00223993
1687,0.000981172
1688,0.00554162
1689,0.00410875
1690,-0.00318242
1691,-0.00638612
1692,-0.000402194
1693,0.00619203
1694,0.00375149
1695,-0.00377303
1696,-0.00543332
1697,4.15271e-05
1698,0.00392288
1699,0.00182253
1700,-0.00148479
1701,-0.0018644
1702,-0.00120304
1703,-0.000992212
1704,0.000958242
1705,0.00407027
1706,0.00314188
1707,-0.00246096
1708,-0.00501099
1709,0.000169143
1710,0.00591369
1711,0.00343333
1712,-0.00370013
1713,-0.00489205
1714,0.00104967
1715,0.00478536
1716,0.00141662
1717,-0.00320091
1718,-0.0031312
1719,-0.000500926
1720,0.000703647
1721,0.00126568
1722,0.00235325
1723,0.00124472
1724,-0.00276466
1725,-0.00402645
1726,0.00105037
1727,0.00608992
1728,0.00324092
1729,-0.00388044
1730,-0.00482121
1731,0.00163623
1732,0.0057207
1733,0.00187638
1734,-0.00368499
1735,-0.00377204
1736,-0.000227668
1737,0.00160569
1738,0.00145633
1739,0.00136779
1740,0.000115898
1741,-0.00306968
1742,-0.00384561
1743,0.00091681
1744,0.00568728
1745,0.00318885
1746,-0.00349281
1747,-0.00450229
1748,0.00161198
1749,0.00557214
1750,0.00186308
1751,-0.00342001
1752,-0.00304421
1753,0.000881088
1754,0.00233938
1755,0.00100539
1756,5.80116e-05
1757,-0.000689107
1758,-0.00259628
1759,-0.00290684
1760,0.000988253
1761,0.00468474
1762,0.00208799
1763,-0.00385317
1764,-0.00422141
1765,0.00193557
1766,0.00555852
1767,0.00156664
1768,-0.00361347
1769,-0.00265727
1770,0.00192436
1771,0.00337242
1772,0.00115031
1773,-0.000718784
1774,-0.00138608
1775,-0.00230476
1776,-0.00188043
1777,0.00168532
1778,0.00440352
1779,0.00112775
1780,-0.00481303
1781,-0.00480251
1782,0.00175008
1783,0.00566317
1784,0.00179832
1785,-0.00347039
1786,-0.00271248
1787,0.00177479
1788,0.00329921
1789,0.00122529
1790,-0.00045654
1791,-0.00084914
1792,-0.00153687
1793,-0.00123562
1794,0.00179814
1795,0.00400478
1796,0.000692785
1797,-0.00491713
1798,-0.0047383
1799,0.00158706
1800,0.00522697
1801,0.00143721
1802,-0.00353619
1803,-0.00271098
1804,0.00148357
1805,0.00271426
1806,0.000749964
1807,-0.000387984
1808,-0.000121716
1809,-0.000461716
1810,-0.000425291
1811,0.00182266
1812,0.00333488
1813,0.000114631
1814,-0.00463449
1815,-0.00370137
1816,0.00245848
1817,0.00518593
1818,0.000617598
1819,-0.00446977
1820,-0.00332123
1821,0.00121628
1822,0.0026905
1823,0.000866213
1824,-0.000332965
1825,-0.000280789
1826,-0.000685455
1827,-0.000433165
1828,0.00202189
1829,0.00350127
1830,0.000265425
1831,-0.00418238
1832,-0.00290886
1833,0.00310989
1834,0.0052706
1835,0.000281167
1836,-0.00483651
1837,-0.00361848
1838,0.00093442
1839,0.00259859
1840,0.00111371
1841,-0.000121268
1842,-0.000703521
1843,-0.00171863
1844,-0.00134041
1845,0.00184279
1846,0.00398116
1847,0.00102565
1848,-0.00342914
1849,-0.00247938
1850,0.00290737
1851,0.00467026
1852,0.00011734
1853,-0.00407987
1854,-0.0025212
1855,0.00142449
1856,0.0023088
1857,0.000591566
1858,-0.000550728
1859,-0.00117406
1860,-0.00221113
1861,-0.00154422
1862,0.00193956
1863,0.00397534
1864,0.000764167
1865,-0.00362397
1866,-0.00246308
1867,0.00282004
1868,0.00441163
1869,0.000256875
1870,-0.00316763
1871,-0.00141158
1872,0.00188121
1873,0.00207836
1874,0.000267961
1875,-0.000713318
1876,-0.00133264
1877,-0.00225359
1878,-0.00117894
1879,0.00239705
1880,0.00372641
1881,-0.000343149
1882,-0.00476924
1883,-0.00290924
1884,0.00297885
1885,0.00480859
1886,0.00082577
1887,-0.00261145
1888,-0.00143486
1889,0.00116812
1890,0.0015901
1891,0.000896149
1892,0.000623286
1893,-0.000466008
1894,-0.00226864
1895,-0.00151529
1896,0.00214186
1897,0.00338896
1898,-0.000763362
1899,-0.00490909
1900,-0.00278809
1901,0.00283856
1902,0.00429826
1903,0.000498472
1904,-0.00256473
1905,-0.00161981
1906,0.000483422
1907,0.00124717
1908,0.00169966
1909,0.00201057
1910,0.000261131
1911,-0.00250481
1912,-0.00199386
1913,0.00195775
1914,0.00348983
1915,-0.000317071
1916,-0.00406122
1917,-0.00217747
1918,0.00231781
1919,0.00285366
1920,-0.000580067
1921,-0.00258499
1922,-0.00124979
1923,0.000493694
1924,0.00112564
1925,0.00183569
1926,0.00201385
1927,-0.000277464
1928,-0.00299619
1929,-0.00158646
1930,0.00305642
1931,0.0043636
1932,2.91734e-05
1933,-0.00391269
1934,-0.00224837
1935,0.00176315
1936,0.00227613
1937,-0.000332036
1938,-0.00172233
1939,-0.00101904
1940,-0.000404783
1941,4.67162e-05
1942,0.00145103
1943,0.00196937
1944,-0.000566038
1945,-0.00319085
1946,-0.00115722
1947,0.00372153
1948,0.00455747
1949,-0.000126501
1950,-0.00386823
1951,-0.00206649
1952,0.00178989
1953,0.00258288
1954,0.0007684
1955,-0.000599298
1956,-0.00129215
1957,-0.00204368
1958,-0.00127753
1959,0.00157255
1960,0.00284868
1961,-0.000127001
1962,-0.00345213
1963,-0.00183837
1964,0.002723
1965,0.00363782
1966,-5.86783e-05
1967,-0.00261834
1968,-0.00085762
1969,0.00183173
1970,0.00200706
1971,0.000818089
1972,6.19276e-05
1973,-0.0010042
1974,-0.00225551
1975,-0.00113882
1976,0.00223785
1977,0.00315228
1978,-0.000666475
1979,-0.00426888
1980,-0.00244284
1981,0.00216191
1982,0.00321054
1983,0.000254642
1984,-0.00172086
1985,-0.000650045
1986,0.000751408
1987,0.000870698
1988,0.00105333
1989,0.00134027
1990,-1.20092e-05
1991,-0.00192085
1992,-0.000914348
1993,0.0023954
1994,0.00281492
1995,-0.00119311
1996,-0.00416722
1997,-0.00180941
1998,0.00237817
1999,0.00276198
2000,-0.000180422
2001,-0.0019973
2002,-0.00143136
2003,-0.00042499
2004,0.000597912
2005,0.00223044
2006,0.0026238
2007,-7.94759e-05
2008,-0.00296125
2009,-0.00153388
2010,0.00269924
2011,0.00363223
2012,-0.000107757
2013,-0.00305506
2014,-0.00152085
2015,0.00133765
2016,0.00145774
2017,-0.000231255
2018,-0.00100446
2019,-0.00101222
2020,-0.00116907
2021,-0.000237529
2022,0.00206629
2023,0.0025242
2024,-0.000663792
2025,-0.00343863
2026,-0.0012837
2027,0.00328772
2028,0.00404115
2029,0.000336195
2030,-0.00250126
2031,-0.00156799
2032,0.000499322
2033,0.00112173
2034,0.00102473
2035,0.000786672
2036,-0.000696775
2037,-0.00258475
2038,-0.00178077
2039,0.00153883
2040,0.00272392
2041,-0.00025518
2042,-0.00295667
2043,-0.00121061
2044,0.00232159
2045,0.00260798
2046,-1.90774e-05
2047,-0.00139128
2048,-0.000386672
2049,0.000687966
2050,0.000990799
2051,0.00145919
2052,0.00127642
2053,-0.000960261
2054,-0.00307203
2055,-0.00146792
2056,0.00240959
2057,0.00308186
2058,-0.000642721
2059,-0.00355824
2060,-0.00197044
2061,0.001246
2062,0.00197072
2063,0.000695855
2064,-6.22335e-05
2065,-0.000266681
2066,-0.000703537
2067,-0.00017451
2068,0.00181926
2069,0.0024876
2070,-5.73474e-05
2071,-0.00256063
2072,-0.00108578
2073,0.00232961
2074,0.00246129
2075,-0.000934306
2076,-0.00299052
2077,-0.00141148
2078,0.000895807
2079,0.00130445
2080,0.000668278
2081,3.83491e-05
2082,-0.00114289
2083,-0.00209602
2084,-0.000477417
2085,0.00291896
2086,0.00358954
2087,2.40651e-05
2088,-0.00309999
2089,-0.00159865
2090,0.00202039
2091,0.00278435
2092,0.000550527
2093,-0.00114441
2094,-0.00108906
2095,-0.000754623
2096,-0.000375926
2097,0.000765823
2098,0.00128924
2099,-0.000508646
2100,-0.00254532
2101,-0.00128346
2102,0.00209927
2103,0.00273791
2104,-0.000315864
2105,-0.00246067
2106,-0.000747297
2107,0.00201063
2108,0.00230012
2109,0.000799166
2110,-0.000274742
2111,-0.000868662
2112,-0.00131834
2113,-0.000353902
2114,0.00194528
2115,0.00236419
2116,-0.000715633
2117,-0.00358278
2118,-0.00216535
2119,0.00157485
2120,0.00256203
2121,0.000199557
2122,-0.00159189
2123,-0.000910303
2124,0.000305038
2125,0.000701094
2126,0.00111407
2127,0.00142895
2128,0.000279981
2129,-0.00137254
2130,-0.000690725
2131,0.00189873
2132,0.00234237
2133,-0.000602088
2134,-0.00284144
2135,-0.00122306
2136,0.00162135
2137,0.00171524
2138,-0.000387217
2139,-0.00158219
2140,-0.00124036
2141,-0.000624693
2142,0.000338025
2143,0.00190159
2144,0.002116
2145,-0.000362109
2146,-0.00265074
2147,-0.00112312
2148,0.00255762
2149,0.00337233
2150,0.000441704
2151,-0.00200493
2152,-0.00133311
2153,0.000387609
2154,0.000815165
2155,0.000511069
2156,0.000276176
2157,-0.000641775
2158,-0.00186765
2159,-0.00119644
2160,0.00130872
2161,0.00212438
2162,-0.000311601
2163,-0.0024352
2164,-0.000869723
2165,0.00219649
2166,0.00253798
2167,0.000278982
2168,-0.00116397
2169,-0.000642569
2170,0.000234856
2171,0.000809193
2172,0.00152171
2173,0.00132839
2174,-0.000906419
2175,-0.00299607
2176,-0.00167265
2177,0.00182528
2178,0.00273991
2179,-0.000135046
2180,-0.00267369
2181,-0.00178768
2182,0.000582035
2183,0.00149107
2184,0.00111814
2185,0.000720801
2186,-9.77785e-06
2187,-0.00103867
2188,-0.000583605
2189,0.00162059
2190,0.00252788
2191,0.000274003
2192,-0.00218455
2193,-0.00133179
2194,0.00131394
2195,0.00169875
2196,-0.000429065
2197,-0.00178352
2198,-0.0010479
2199,8.50305e-06
2200,0.000382748
2201,0.000782904
2202,0.000870041
2203,-0.000465383
2204,-0.00187871
2205,-0.000646662
2206,0.00240965
2207,0.00312699
2208,0.000288895
2209,-0.00222662
2210,-0.00129803
2211,0.00113215
2212,0.00178802
2213,0.000739148
2214,-0.000226993
2215,-0.000928661
2216,-0.00161608
2217,-0.00108135
2218,0.00097003
2219,0.00193112
2220,-3.77567e-05
2221,-0.00233703
2222,-0.0014686
2223,0.00139462
2224,0.00222925
2225,0.000406865
2226,-0.000938437
2227,-0.000257681
2228,0.000753571
2229,0.000878291
2230,0.000871068
2231,0.00080386
2232,-0.000338689
2233,-0.00170107
2234,-0.00091017
2235,0.00154978
2236,0.00203083
2237,-0.000658538
2238,-0.00291419
2239,-0.00169502
2240,0.00105966
2241,0.00186949
2242,0.000679764
2243,-0.000394263
2244,-0.000771807
2245,-0.000858941
2246,2.44638e-05
2247,0.0019828
2248,0.00266336
2249,0.000412377
2250,-0.00220446
2251,-0.0015993
2252,0.00126988
2253,0.00227775
2254,0.000369311
2255,-0.0014687
2256,-0.00129603
2257,-0.000393589
2258,-1.42428e-06
2259,0.000387012
2260,0.000710063
2261,-0.000149508
2262,-0.00150036
2263,-0.000913206
2264,0.00153068
2265,0.00245222
2266,0.00035332
2267,-0.00170177
2268,-0.000787738
2269,0.00149661
2270,0.00196648
2271,0.000597485
2272,-0.000534242
2273,-0.000885778
2274,-0.00102417
2275,-0.000432988
2276,0.00112429
2277,0.00163842
2278,-0.000430433
2279,-0.00274554
2280,-0.00191158
2281,0.00118025
2282,0.002473
2283,0.000772953
2284,-0.00104822
2285,-0.000905105
2286,0.000126458
2287,0.000764871
2288,0.00129936
2289,0.00154319
2290,0.000388721
2291,-0.00142357
2292,-0.00132059
2293,0.000890062
2294,0.00196544
2295,0.000138368
2296,-0.00196319
2297,-0.00148122
2298,0.000397865
2299,0.000912367
2300,4.75224e-05
2301,-0.000448809
2302,-0.000370598
2303,-0.00043399
2304,-3.8678e-05
2305,0.00133637
2306,0.00196629
2307,0.000294373
2308,-0.00169661
2309,-0.000942242
2310,0.0016951
2311,0.00245694
2312,0.000391832
2313,-0.001574
2314,-0.00140262
2315,-0.000275964
2316,0.000357795
2317,0.000695162
2318,0.000691019
2319,-0.000494565
2320,-0.00202564
2321,-0.00148584
2322,0.00112948
2323,0.00250872
2324,0.00083623
2325,-0.00133635
2326,-0.00107466
2327,0.000730476
2328,0.00150775
2329,0.000995893
2330,0.000462873
2331,-3.62431e-05
2332,-0.000835837
2333,-0.000830589
2334,0.000630953
2335,0.00153917
2336,-1.76014e-05
2337,-0.0021738
2338,-0.00170161
2339,0.000811877
2340,0.0017677
2341,0.000142177
2342,-0.00135032
2343,-0.000841749
2344,0.00042223
2345,0.000997173
2346,0.00117449
2347,0.00111736
2348,0.000114217
2349,-0.00119814
2350,-0.000774151
2351,0.00134582
2352,0.0022504
2353,0.000430212
2354,-0.00177127
2355,-0.0017456
2356,-0.0002141
2357,0.000701057
2358,0.000680908
2359,0.00036019
2360,-0.000509155
2361,-0.00168179
2362,-0.00130734
2363,0.00114317
2364,0.00277138
2365,0.00109208
2366,-0.00167551
2367,-0.00156187
2368,0.00111982
2369,0.00242883
2370,0.000906178
2371,-0.000831298
2372,-0.000751059
2373,3.67164e-05
2374,0.000152542
2375,7.46926e-05
2376,0.000232291
2377,-0.000173148
2378,-0.0011307
2379,-0.00110942
2380,0.00027943
2381,0.00118658
2382,0.000423786
2383,-0.000674015
2384,-0.000596264
2385,0.000204822
2386,0.000799631
2387,0.00126551
2388,0.00138403
2389,0.000206957
2390,-0.00154676
2391,-0.00125418
2392,0.00143032
2393,0.00283248
2394,0.000403472
2395,-0.00284884
2396,-0.00248876
2397,0.000693335
2398,0.00211552
2399,0.000382608
2400,-0.00139056
2401,-0.00103365
2402,3.77942e-05
2403,0.000288072
2404,0.000434827
2405,0.00107115
2406,0.00105342
2407,-0.00011771
2408,-0.000825413
2409,9.45114e-05
2410,0.00133953
2411,0.00122094
2412,5.59603e-05
2413,-0.000827655
2414,-0.000928239
2415,-0.000359119
2416,0.000604797
2417,0.000933793
2418,-0.000350148
2419,-0.00199177
2420,-0.00140607
2421,0.00119789
2422,0.00227913
2423,0.000178904
2424,-0.00196616
2425,-0.000923792
2426,0.00165785
2427,0.00210491
2428,0.000426067
2429,-0.000497182
2430,1.44098e-05
2431,0.000139738
2432,-0.000369364
2433,0.000116435
2434,0.00128998
2435,0.000757259
2436,-0.00154282
2437,-0.00243978
2438,-0.000414439
2439,0.00181834
2440,0.00138644
2441,-0.000716765
2442,-0.0016547
2443,-0.0007086
2444,0.00073633
2445,0.00154206
2446,0.00138311
2447,0.000290535
2448,-0.000861596
2449,-0.00065319
2450,0.000834995
2451,0.00161665
2452,0.000598002
2453,-0.00077346
2454,-0.000893359
2455,-0.000291777
2456,-8.70169e-05
2457,1.79889e-06
2458,0.000354373
2459,4.85168e-05
2460,-0.00116663
2461,-0.00137633
2462,0.000529041
2463,0.00216439
2464,0.000936479
2465,-0.00144986
2466,-0.00128914
2467,0.00124287
2468,0.0023856
2469,0.000775959
2470,-0.000857352
2471,-0.00054027
2472,0.000270704
2473,9.62767e-05
2474,-5.73982e-05
2475,0.000585438
2476,0.00051351
2477,-0.00112112
2478,-0.00214774
2479,-0.000608019
2480,0.00169391
2481,0.00165666
2482,-0.000498012
2483,-0.00177605
2484,-0.000749461
2485,0.00109112
2486,0.00188815
2487,0.0012791
2488,-3.75524e-05
2489,-0.000966884
2490,-0.000551488
2491,0.000855368
2492,0.0014938
2493,0.000437741
2494,-0.00094574
2495,-0.001038
2496,-0.000302927
2497,-2.92868e-05
2498,-6.30401e-05
2499,0.000257994
2500,0.000229981
2501,-0.000787455
2502,-0.00127989
2503,0.000266742
2504,0.00209051
2505,0.00132655
2506,-0.00108211
2507,-0.00137285
2508,0.00101594
2509,0.00239692
2510,0.00076124
2511,-0.00119587
2512,-0.00078389
2513,0.000566414
2514,0.000429791
2515,-0.000448778
2516,-0.000197534
2517,0.000389358
2518,-0.00045637
2519,-0.00166976
2520,-0.000844891
2521,0.00135436
2522,0.00180951
2523,-0.000158603
2524,-0.00170827
2525,-0.000755368
2526,0.00132802
2527,0.00210217
2528,0.00109958
2529,-0.0003845
2530,-0.00104373
2531,-0.000427529
2532,0.000833396
2533,0.00133076
2534,0.00034578
2535,-0.00103947
2536,-0.00128966
2537,-0.0004886
2538,0.000159948
2539,0.000302371
2540,0.00033989
2541,3.61199e-05
2542,-0.000827372
2543,-0.00102534
2544,0.000514546
2545,0.00214273
2546,0.0013341
2547,-0.00100641
2548,-0.00134332
2549,0.000922521
2550,0.00225931
2551,0.000624679
2552,-0.00133664
2553,-0.000837295
2554,0.000645753
2555,0.000421082
2556,-0.000746954
2557,-0.000535168
2558,0.000442859
2559,-5.9014e-05
2560,-0.00139435
2561,-0.000879378
2562,0.00126317
2563,0.00183172
2564,-0.000101653
2565,-0.00156877
2566,-0.000404653
2567,0.00161187
2568,0.00185311
2569,0.000521802
2570,-0.000509749
2571,-0.000583925
2572,-0.000232475
2573,0.000282494
2574,0.000781175
2575,0.000569302
2576,-0.000567493
2577,-0.001526
2578,-0.00116082
2579,0.000170854
2580,0.00111424
2581,0.000837532
2582,-0.000365227
2583,-0.00133215
2584,-0.000801762
2585,0.00111428
2586,0.00234199
2587,0.00115091
2588,-0.00107008
2589,-0.00130364
2590,0.000685007
2591,0.00188195
2592,0.00064757
2593,-0.000944165
2594,-0.000772174
2595,8.54752e-05
2596,-0.000132486
2597,-0.000623533
2598,6.07043e-06
2599,0.000629945
2600,-0.000361262
2601,-0.00153439
2602,-0.000476819
2603,0.00168046
2604,0.00164569
2605,-0.000534508
2606,-0.00135697
2607,0.000422801
2608,0.00191537
2609,0.00102817
2610,-0.000425054
2611,-0.000311571
2612,0.000379524
2613,-1.32193e-05
2614,-0.000624765
2615,2.12793e-06
2616,0.000823194
2617,1.24662e-05
2618,-0.0015696
2619,-0.00149106
2620,0.000344378
2621,0.0015254
2622,0.00073095
2623,-0.000704646
2624,-0.0010144
2625,-5.99162e-05
2626,0.00112719
2627,0.00158012
2628,0.000946325
2629,-0.000249694
2630,-0.000839962
2631,-0.000234092
2632,0.000768392
2633,0.000992917
2634,0.00029072
2635,-0.000656172
2636,-0.0012472
2637,-0.00104609
2638,9.27157e-05
2639,0.00119373
2640,0.000689721
2641,-0.00114524
2642,-0.00176761
2643,9.91363e-05
2644,0.00208446
2645,0.00146409
2646,-0.000614
2647,-0.000962254
2648,0.000619247
2649,0.00141514
2650,0.000490892
2651,-0.00021697
2652,0.000200896
2653,0.000210505
2654,-0.000737804
2655,-0.000829757
2656,0.000527385
2657,0.00100428
2658,-0.000671625
2659,-0.00201262
2660,-0.000680533
2661,0.00145314
2662,0.00126751
2663,-0.000573214
2664,-0.00099798
2665,0.000376449
2666,0.00114787
2667,0.00051909
2668,0.000191458
2669,0.000782538
2670,0.000740155
2671,-0.000447414
2672,-0.000965439
2673,0.000188865
2674,0.0012703
2675,0.000508554
2676,-0.00113904
2677,-0.00156982
2678,-0.000516045
2679,0.000571075
2680,0.000704269
2681,0.000126804
2682,-0.000504069
2683,-0.000666725
2684,-0.000107597
2685,0.000831862
2686,0.00131797
2687,0.000903195
2688,2.09099e-05
2689,-0.000542957
2690,-0.000308539
2691,0.000617493
2692,0.00135731
2693,0.000767268
2694,-0.000978134
2695,-0.00188626
2696,-0.000589948
2697,0.00127892
2698,0.00105382
2699,-0.000952205
2700,-0.00178208
2701,-0.000344746
2702,0.00110895
2703,0.000803046
2704,-4.32208e-05
2705,8.5265e-05
2706,0.000433584
2707,5.23303e-05
2708,7.01341e-06
2709,0.00110698
2710,0.00159448
2711,-3.759e-05
2712,-0.00174981
2713,-0.00079686
2714,0.0014857
2715,0.00146026
2716,-0.000943329
2717,-0.00211536
2718,-0.000607681
2719,0.000909499
2720,0.000416334
2721,-0.000508815
2722,-0.000118973
2723,0.00048306
2724,-5.10305e-05
2725,-0.000491926
2726,0.000589004
2727,0.00178904
2728,0.00104014
2729,-0.000725355
2730,-0.000941884
2731,0.000492465
2732,0.00127122
2733,0.00042511
2734,-0.000595494
2735,-0.000648812
2736,-0.000371054
2737,-0.000444274
2738,-0.000373719
2739,0.000206318
2740,0.000515713
2741,-0.000108714
2742,-0.000914038
2743,-0.000655273
2744,0.000641699
2745,0.00159294
2746,0.00110273
2747,-0.000279979
2748,-0.000891956
2749,6.32992e-05
2750,0.00138487
2751,0.00131519
2752,-8.86784e-05
2753,-0.00105354
2754,-0.000644521
2755,0.000124343
2756,0.00019377
2757,-5.87784e-05
2758,-0.00010511
2759,-0.000414035
2760,-0.00103856
2761,-0.000711597
2762,0.000912498
2763,0.00173383
2764,0.000203627
2765,-0.00158578
2766,-0.000681351
2767,0.00186497
2768,0.00231269
2769,8.12554e-05
2770,-0.00143453
2771,-0.000371289
2772,0.00103275
2773,0.000647161
2774,-0.000315565
2775,-0.000236815
2776,-8.07731e-05
2777,-0.000928935
2778,-0.00127663
2779,0.000225222
2780,0.00158513
2781,0.000399885
2782,-0.00172381
2783,-0.0013601
2784,0.00115178
2785,0.00218255
2786,0.000594708
2787,-0.000816157
2788,-0.000162404
2789,0.000899183
2790,0.000601769
2791,-6.6545e-05
2792,0.000252336
2793,0.000635505
2794,-0.000199983
2795,-0.00124645
2796,-0.000807729
2797,0.000514152
2798,0.000719829
2799,-0.000400961
2800,-0.00110467
2801,-0.000490056
2802,0.000420413
2803,0.000574165
2804,0.000300478
2805,0.000316205
2806,0.000481574
2807,0.000301088
2808,-6.40042e-06
2809,0.000219933
2810,0.000886984
2811,0.000983194
2812,-2.0796e-05
2813,-0.00110111
2814,-0.000819081
2815,0.000528863
2816,0.00100099
2817,-0.000255018
2818,-0.00155355
2819,-0.00105409
2820,0.000473774
2821,0.000910215
2822,5.5587e-05
2823,-0.000418238
2824,5.62164e-05
2825,0.000361102
2826,0.000189028
2827,0.000574782
2828,0.00136668
2829,0.000868999
2830,-0.000882108
2831,-0.00127218
2832,0.000705107
2833,0.00212308
2834,0.000465606
2835,-0.0020882
2836,-0.00188815
2837,0.00048137
2838,0.00138872
2839,-1.44908e-05
2840,-0.00108067
2841,-0.000503757
2842,9.73615e-05
2843,-0.00011621
2844,0.000239395
2845,0.00140647
2846,0.00130853
2847,-0.000562558
2848,-0.00141368
2849,0.000435302
2850,0.00234021
2851,0.00131878
2852,-0.0011591
2853,-0.00158965
2854,8.939e-05
2855,0.000941527
2856,-5.59487e-06
2857,-0.000793096
2858,-0.000369158
2859,-3.93027e-05
2860,-0.000536241
2861,-0.000601534
2862,0.000432646
2863,0.0011116
2864,0.000325342
2865,-0.000646909
2866,-0.000183381
2867,0.00104719
2868,0.0012415
2869,0.000294195
2870,-0.000296753
2871,8.01633e-05
2872,0.00043713
2873,4.62653e-05
2874,-0.000430905
2875,-0.000222944
2876,0.000188699
2877,-0.00011999
2878,-0.000878566
2879,-0.000868468
2880,0.000158229
2881,0.000866972
2882,0.000245846
2883,-0.000738863
2884,-0.000477738
2885,0.000800755
2886,0.0013323
2887,0.000541886
2888,-0.000190908
2889,8.79751e-05
2890,0.000505317
2891,0.000231323
2892,7.96712e-06
2893,0.000440253
2894,0.000432778
2895,-0.000792675
2896,-0.00161451
2897,-0.000361656
2898,0.00139975
2899,0.000851429
2900,-0.00140117
2901,-0.00192534
2902,0.000159129
2903,0.00182717
2904,0.00102998
2905,-0.000411882
2906,-0.000333894
2907,0.000441209
2908,0.000410528
2909,0.000291135
2910,0.00102335
2911,0.00121584
2912,-0.000403603
2913,-0.00187157
2914,-0.000711092
2915,0.00157109
2916,0.00140336
2917,-0.00111687
2918,-0.0022774
2919,-0.000611904
2920,0.00113469
2921,0.00074289
2922,-0.000365784
2923,-0.000275437
2924,0.000306643
2925,0.000127175
2926,-1.5691e-05
2927,0.000862914
2928,0.00151235
2929,0.000473123
2930,-0.000981485
2931,-0.000629166
2932,0.000962162
2933,0.0012322
2934,-0.000273805
2935,-0.00132239
2936,-0.000651403
2937,0.000315961
2938,0.000119863
2939,-0.000539003
2940,-0.000408875
2941,0.000167336
2942,0.000152732
2943,-0.000233269
2944,7.32681e-06
2945,0.000776121
2946,0.000948479
2947,0.000248679
2948,-0.000240747
2949,0.000219456
2950,0.000864814
2951,0.00064078
2952,-0.000166271
2953,-0.000452247
2954,-7.04064e-05
2955,4.98423e-05
2956,-0.000405297
2957,-0.000566737
2958,-1.27906e-05
2959,0.000270275
2960,-0.000433329
2961,-0.00101444
2962,-0.000164135
2963,0.00121223
2964,0.00111857
2965,-0.000296653
2966,-0.000802047
2967,0.000388803
2968,0.00142121
2969,0.000895788
2970,-6.75642e-05
2971,-0.000111672
2972,0.000117165
2973,-0.000295165
2974,-0.000484106
2975,0.00037045
2976,0.000855752
2977,-0.000464902
2978,-0.00197623
2979,-0.00113095
2980,0.00117015
2981,0.00161337
2982,-0.000302349
2983,-0.00150864
2984,-0.000322816
2985,0.00122125
2986,0.00112896
2987,0.000370655
2988,0.000370921
2989,0.000414776
2990,-0.000306976
2991,-0.00053466
2992,0.000680049
2993,0.00151193
2994,0.000103016
2995,-0.00187392
2996,-0.00150365
2997,0.0006293
2998,0.00130081
2999,-0.00024105
3000,-0.0013964
3001,-0.000620802
3002,0.000524109
3003,0.000523231
3004,0.000188556
3005,0.000498856
3006,0.000669545
3007,1.53005e-05
3008,-0.000332416
3009,0.000570679
3010,0.0014204
3011,0.000633966
3012,-0.000861161
3013,-0.000962775
3014,0.000264548
3015,0.000789216
3016,-0.000126243
3017,-0.00099898
3018,-0.000690406
3019,1.36375e-05
3020,5.84695e-05
3021,-0.000203023
3022,1.67182e-05
3023,0.000424912
3024,0.000286038
3025,-0.000115012
3026,0.000114116
3027,0.000865987
3028,0.00104333
3029,0.000295472
3030,-0.000349652
3031,-5.93017e-05
3032,0.000523467
3033,0.000360977
3034,-0.000312577
3035,-0.000482395
3036,-0.000121991
3037,-0.000159176
3038,-0.000677424
3039,-0.000615739
3040,0.000280124
3041,0.000694906
3042,-0.000132007
3043,-0.000884174
3044,-0.000151503
3045,0.00117632
3046,0.00124347
3047,0.000178975
3048,-0.000286541
3049,0.000258492
3050,0.00055091
3051,0.000177861
3052,0.000144039
3053,0.000555408
3054,0.000135923
3055,-0.00113619
3056,-0.00132538
3057,0.000226581
3058,0.0012746
3059,8.80133e-05
3060,-0.0015722
3061,-0.00116605
3062,0.000625657
3063,0.00124688
3064,0.000384905
3065,-0.000120114
3066,0.000256216
3067,0.000325864
3068,-5.1923e-06
3069,0.000449264
3070,0.00135189
3071,0.000858755
3072,-0.000925509
3073,-0.0014597
3074,0.00015427
3075,0.00141044
3076,0.000322515
3077,-0.00143031
3078,-0.0013453
3079,4.64826e-05
3080,0.000575626
3081,5.36343e-05
3082,-0.000109302
3083,0.000218282
3084,5.94918e-05
3085,-0.000282139
3086,0.000355243
3087,0.00143229
3088,0.00115691
3089,-0.000366568
3090,-0.000934193
3091,0.000265559
3092,0.00129628
3093,0.000566134
3094,-0.000797185
3095,-0.00098449
3096,-0.000225591
3097,0.000100369
3098,-0.000176488
3099,-0.000237464
3100,-4.53018e-05
3101,-0.000209058
3102,-0.000493451
3103,-6.40697e-05
3104,0.00085324
3105,0.00103395
3106,0.000201406
3107,-0.000400718
3108,0.000117275
3109,0.000950702
3110,0.00088596
3111,8.92463e-05
3112,-0.000344491
3113,-0.000126937
3114,1.62927e-05
3115,-0.00025514
3116,-0.000388027
3117,-8.53378e-05
3118,3.9077e-05
3119,-0.000437074
3120,-0.000803918
3121,-0.000270455
3122,0.000614831
3123,0.000689424
3124,2.13577e-05
3125,-0.000210603
3126,0.000344723
3127,0.000740412
3128,0.000472201
3129,0.000272517
3130,0.000557798
3131,0.000511215
3132,-0.000306751
3133,-0.000781625
3134,-3.11499e-05
3135,0.000795264
3136,0.000191332
3137,-0.0011163
3138,-0.0012045
3139,-3.77285e-05
3140,0.000605804
3141,0.000111181
3142,-0.000282744
3143,5.43427e-05
3144,0.000239558
3145,-3.7574e-05
3146,0.000235509
3147,0.00117657
3148,0.00123098
3149,-0.00012886
3150,-0.000999332
3151,1.62968e-05
3152,0.00132812
3153,0.000820154
3154,-0.000763891
3155,-0.00118813
3156,-0.000308608
3157,0.000186358
3158,-0.000142938
3159,-0.000227476
3160,6.32972e-05
3161,-0.000210594
3162,-0.000762953
3163,-0.000210247
3164,0.00117939
3165,0.00138613
3166,-2.53741e-05
3167,-0.000898596
3168,0.000117114
3169,0.00141088
3170,0.00108936
3171,-0.000151585
3172,-0.000562784
3173,-0.000146456
3174,-1.73403e-05
3175,-0.000191684
3176,-4.64387e-06
3177,0.000152562
3178,-0.000475652
3179,-0.00117006
3180,-0.000605307
3181,0.000735077
3182,0.00101248
3183,-7.48672e-05
3184,-0.000785118
3185,-6.71674e-05
3186,0.000982404
3187,0.00105034
3188,0.000444823
3189,0.000116289
3190,0.000104837
3191,-1.61914e-06
3192,-2.44956e-05
3193,0.000294257
3194,0.000428001
3195,-0.000184493
3196,-0.000968059
3197,-0.000873439
3198,-8.72797e-07
3199,0.000475103
3200,2.3723e-05
3201,-0.000555999
3202,-0.000416589
3203,0.000194215
3204,0.000533926
3205,0.000484045
3206,0.000443407
3207,0.000484111
3208,0.000331399
3209,7.17793e-05
3210,0.000152089
3211,0.000538183
3212,0.000556601
3213,-7.51754e-05
3214,-0.000662406
3215,-0.000513284
3216,-4.95167e-06
3217,3.89997e-05
3218,-0.000342541
3219,-0.000440223
3220,-0.000158277
3221,-7.55785e-05
3222,-0.000227883
3223,2.79021e-05
3224,0.000683782
3225,0.00080946
3226,0.000134077
3227,-0.000272143
3228,0.000317255
3229,0.00100943
3230,0.000722463
3231,-7.61491e-05
3232,-0.000285409
3233,-7.20744e-06
3234,-6.63222e-05
3235,-0.000344912
3236,-0.000159831
3237,0.00014989
3238,-0.000282217
3239,-0.000996635
3240,-0.00067237
3241,0.000515927
3242,0.000899489
3243,1.32246e-05
3244,-0.000605311
3245,4.11044e-05
3246,0.000898237
3247,0.000821353
3248,0.000343912
3249,0.000318433
3250,0.000339536
3251,-0.000106374
3252,-0.000305549
3253,0.000316832
3254,0.000714175
3255,-0.000162844
3256,-0.00128039
3257,-0.000965767
3258,0.000314228
3259,0.000659869
3260,-0.000221528
3261,-0.000777145
3262,-0.000282422
3263,0.000316942
3264,0.000396676
3265,0.000496334
3266,0.00077049
3267,0.000497121
3268,-0.00025052
3269,-0.000242509
3270,0.000771336
3271,0.00125238
3272,0.000246937
3273,-0.000961191
3274,-0.00082914
3275,0.000125038
3276,0.000400101
3277,-0.000143592
3278,-0.000532044
3279,-0.000486556
3280,-0.00044406
3281,-0.000308408
3282,0.000294152
3283,0.00083855
3284,0.000473148
3285,-0.000362063
3286,-0.000340006
3287,0.000665731
3288,0.00128791
3289,0.000731181
3290,-0.000154649
3291,-0.000332032
3292,2.32597e-05
3293,0.00020131
3294,0.000102326
3295,-2.40186e-05
3296,-0.000256974
3297,-0.000655348
3298,-0.000764188
3299,-0.000242234
3300,0.000380821
3301,0.000329639
3302,-0.000242951
3303,-0.000437166
3304,9.30165e-05
3305,0.000709317
3306,0.000770459
3307,0.000436283
3308,0.000222587
3309,0.000233978
3310,0.000238892
3311,0.000195777
3312,0.000230173
3313,0.000222068
3314,-8.63657e-05
3315,-0.000540757
3316,-0.000620594
3317,-0.000215893
3318,0.000100167
3319,-0.000106344
3320,-0.000453184
3321,-0.000347338
3322,8.80056e-05
3323,0.000296413
3324,0.000241704
3325,0.00034155
3326,0.000569307
3327,0.000468377
3328,0.000112513
3329,0.000139031
3330,0.000590734
3331,0.000663592
3332,2.95607e-05
3333,-0.000515858
3334,-0.000325423
3335,6.46145e-05
3336,-6.75764e-05
3337,-0.000419131
3338,-0.000371058
3339,-0.000167368
3340,-0.000311431
3341,-0.00041849
3342,0.000102582
3343,0.000717955
3344,0.000485332
3345,-0.000217282
3346,-0.000152012
3347,0.000701692
3348,0.00106662
3349,0.000474854
3350,-9.3026e-05
3351,3.14062e-06
3352,0.000160791
3353,-6.50657e-05
3354,-0.000147174
3355,0.000129058
3356,2.66045e-06
3357,-0.000753632
3358,-0.00102913
3359,-0.000169384
3360,0.000680478
3361,0.000311218
3362,-0.000564052
3363,-0.000506531
3364,0.000356548
3365,0.000798984
3366,0.000578938
3367,0.0004312
3368,0.000450578
3369,0.000143812
3370,-0.000186648
3371,0.000202602
3372,0.000851659
3373,0.000511751
3374,-0.000682786
3375,-0.001154
3376,-0.000333798
3377,0.000460564
3378,0.00016823
3379,-0.000527673
3380,-0.00061218
3381,-0.000256913
3382,-2.03222e-05
3383,0.000249652
3384,0.000699636
3385,0.00072626
3386,5.13364e-05
3387,-0.000376361
3388,0.000261076
3389,0.0011516
3390,0.000971793
3391,-7.26241e-05
3392,-0.000633229
3393,-0.000274658
3394,0.000165412
3395,0.000106955
3396,-0.000143304
3397,-0.000314384
3398,-0.000550089
3399,-0.000700622
3400,-0.000309165
3401,0.000414734
3402,0.000587707
3403,-2.08533e-06
3404,-0.000427094
3405,2.25535e-05
3406,0.000791296
3407,0.000946995
3408,0.000483229
3409,8.24769e-05
3410,4.4918e-05
3411,0.00013035
3412,0.000173489
3413,0.000203247
3414,9.55304e-05
3415,-0.000294138
3416,-0.000685397
3417,-0.000600711
3418,-0.000100887
3419,0.00018753
3420,-6.58477e-05
3421,-0.000422083
3422,-0.000311318
3423,0.000184694
3424,0.000528612
3425,0.000497699
3426,0.000357489
3427,0.000334398
3428,0.000338396
3429,0.000288312
3430,0.000309398
3431,0.000403751
3432,0.000285915
3433,-0.000144102
3434,-0.000475459
3435,-0.000338026
3436,-2.63821e-05
3437,-7.8196e-05
3438,-0.000414193
3439,-0.000487408
3440,-0.000199085
3441,5.79284e-06
3442,-1.69e-05
3443,9.68189e-05
3444,0.000420574
3445,0.000497418
3446,0.000207569
3447,0.00011532
3448,0.000498747
3449,0.000765212
3450,0.000417104
3451,-8.28764e-05
3452,-0.000109785
3453,8.73425e-05
3454,-4.43783e-05
3455,-0.000317457
3456,-0.000253048
3457,-9.81837e-05
3458,-0.000359769
3459,-0.000687087
3460,-0.000357011
3461,0.000346864
3462,0.000450779
3463,-7.52321e-05
3464,-0.000245499
3465,0.00028071
3466,0.000718285
3467,0.000585515
3468,0.000377386
3469,0.000424086
3470,0.000296571
3471,-0.000121847
3472,-0.000165849
3473,0.000334076
3474,0.000453764
3475,-0.000310914
3476,-0.00100262
3477,-0.000661741
3478,0.000123338
3479,0.000233822
3480,-0.000222948
3481,-0.000371963
3482,-0.000115819
3483,3.8039e-05
3484,0.000160306
3485,0.000601233
3486,0.00091607
3487,0.00044971
3488,-0.000268536
3489,-0.00011709
3490,0.000734687
3491,0.00095781
3492,0.000152088
3493,-0.000600833
3494,-0.000523098
3495,-0.000135509
3496,-6.62075e-05
3497,-0.000127663
3498,-0.000109064
3499,-0.000316335
3500,-0.000695567
3501,-0.000512226
3502,0.000370893
3503,0.000910024
3504,0.00040251
3505,-0.000320421
3506,-0.000150768
3507,0.00063084
3508,0.000955133
3509,0.000599666
3510,0.000178105
3511,-2.91634e-05
3512,-0.000186624
3513,-0.000190091
3514,0.000128063
3515,0.000313253
3516,-0.00017962
3517,-0.000903331
3518,-0.00087149
3519,-7.26038e-05
3520,0.000454972
3521,0.00016664
3522,-0.000309224
3523,-0.000266776
3524,0.000158757
3525,0.00050359
3526,0.000661623
3527,0.000661267
3528,0.000393725
3529,-6.04004e-06
3530,-5.2977e-05
3531,0.00036339
3532,0.000619216
3533,0.000198407
3534,-0.000499451
3535,-0.00070379
3536,-0.000331901
3537,2.15715e-05
3538,-2.69805e-05
3539,-0.000280864
3540,-0.000412901
3541,-0.000327589
3542,-5.68277e-05
3543,0.000317474
3544,0.000565222
3545,0.000460927
3546,0.000146971
3547,6.79257e-05
3548,0.000391079
3549,0.000722263
3550,0.000601001
3551,0.000112738
3552,-0.000241774
3553,-0.000207669
3554,-3.00759e-05
3555,-2.92073e-05
3556,-0.000199834
3557,-0.000356777
3558,-0.000433649
3559,-0.000429996
3560,-0.000260911
3561,6.71457e-05
3562,0.000280596
3563,0.000166877
3564,-2.2342e-05
3565,0.000125084
3566,0.000525943
3567,0.000686913
3568,0.000462202
3569,0.000235464
3570,0.000240893
3571,0.000231978
3572,3.71377e-05
3573,-9.4636e-05
3574,-2.06297e-05
3575,-5.43072e-05
3576,-0.000378007
3577,-0.000597138
3578,-0.000372722
3579,-4.46774e-05
3580,-6.15911e-05
3581,-0.000211841
3582,-6.21824e-05
3583,0.000225462
3584,0.000242675
3585,0.000164035
3586,0.000409767
3587,0.000735903
3588,0.000564022
3589,7.06396e-05
3590,-1.23548e-05
3591,0.000348158
3592,0.000423229
3593,-1.03849e-05
3594,-0.000348015
3595,-0.000286636
3596,-0.000257437
3597,-0.000440527
3598,-0.000379097
3599,1.24109e-05
3600,8.58868e-05
3601,-0.000351415
3602,-0.000491999
3603,0.000143463
3604,0.000782298
3605,0.000621301
3606,0.00011109
3607,9.68459e-05
3608,0.000438211
3609,0.000495238
3610,0.000329969
3611,0.000345241
3612,0.000292163
3613,-0.000215037
3614,-0.00066362
3615,-0.00034194
3616,0.000277919
3617,0.000139885
3618,-0.000627616
3619,-0.000868572
3620,-0.000266078
3621,0.000282184
3622,0.000248009
3623,0.000117587
3624,0.00022484
3625,0.000223755
3626,7.76406e-05
3627,0.000327026
3628,0.000901424
3629,0.000880608
3630,4.12244e-05
3631,-0.000527667
3632,-9.37536e-05
3633,0.000524785
3634,0.000308499
3635,-0.000398908
3636,-0.000662802
3637,-0.000454728
3638,-0.000316243
3639,-0.000228742
3640,7.16106e-05
3641,0.000226007
3642,-0.000153571
3643,-0.000481496
3644,2.62364e-05
3645,0.000905934
3646,0.00099719
3647,0.000259538
3648,-0.000192657
3649,0.000145967
3650,0.000575894
3651,0.000499055
3652,0.000183393
3653,-4.58974e-05
3654,-0.000325088
3655,-0.000598816
3656,-0.000426956
3657,0.000107695
3658,0.000205995
3659,-0.000401509
3660,-0.000849526
3661,-0.000403573
3662,0.000408099
3663,0.000639221
3664,0.000287846
3665,4.49592e-05
3666,0.000158642
3667,0.000344397
3668,0.000488435
3669,0.000652044
3670,0.000601203
3671,0.000105097
3672,-0.000422873
3673,-0.000342067
3674,0.000183374
3675,0.000311018
3676,-0.000237071
3677,-0.000768627
3678,-0.000664997
3679,-0.000185356
3680,9.13865e-05
3681,7.86235e-05
3682,3.08187e-05
3683,1.78856e-05
3684,1.14316e-05
3685,0.000173939
3686,0.000573444
3687,0.000829686
3688,0.000554446
3689,2.57975e-05
3690,-0.000101215
3691,0.000256416
3692,0.000479462
3693,0.000168722
3694,-0.000317496
3695,-0.000478619
3696,-0.000359346
3697,-0.000277051
3698,-0.000251195
3699,-0.000144503
3700,-7.97722e-05
3701,-0.000211083
3702,-0.00027862
3703,5.69285e-05
3704,0.000547493
3705,0.000618685
3706,0.000276496
3707,0.000120951
3708,0.000374536
3709,0.000563417
3710,0.000369055
3711,0.000120667
3712,0.000106694
3713,5.26689e-05
3714,-0.000257615
3715,-0.000453742
3716,-0.000238913
3717,-2.58095e-05
3718,-0.000252454
3719,-0.000552929
3720,-0.00036023
3721,8.594e-05
3722,0.000172334
3723,7.6194e-06
3724,0.000155395
3725,0.000517687
3726,0.000500562
3727,0.000178629
3728,0.000218921
3729,0.000616744
3730,0.000616306
3731,6.53866e-05
3732,-0.00026652
3733,-3.58538e-05
3734,0.000113752
3735,-0.000217535
3736,-0.00047879
3737,-0.000274064
3738,-0.000124861
3739,-0.000407416
3740,-0.000526488
3741,-1.30915e-05
3742,0.000472667
3743,0.000232798
3744,-0.000189006
3745,6.99535e-05
3746,0.000679348
3747,0.000730706
3748,0.000311802
3749,0.000196536
3750,0.000377817
3751,0.000230533
3752,-0.000141568
3753,-8.33423e-05
3754,0.000231442
3755,-1.06628e-05
3756,-0.000690646
3757,-0.00078492
3758,-0.000129507
3759,0.00024407
3760,-0.000137787
3761,-0.000463926
3762,-0.000141205
3763,0.000278065
3764,0.000281624
3765,0.000281157
3766,0.000584822
3767,0.000643197
3768,0.000163108
3769,-0.000101823
3770,0.000371384
3771,0.000790867
3772,0.000310464
3773,-0.000492028
3774,-0.000564908
3775,-8.62503e-05
3776,2.10728e-05
3777,-0.000298262
3778,-0.000388943
3779,-0.000226311
3780,-0.000294044
3781,-0.000410355
3782,2.78263e-06
3783,0.000630472
3784,0.000575293
3785,-5.07786e-05
3786,-0.000167884
3787,0.000492943
3788,0.000945857
3789,0.000587846
3790,5.13311e-05
3791,-2.48932e-05
3792,6.28623e-05
3793,-6.88446e-05
3794,-0.000142566
3795,2.37494e-05
3796,-4.86674e-05
3797,-0.000573071
3798,-0.000844969
3799,-0.000328849
3800,0.000331644
3801,0.000270797
3802,-0.000235572
3803,-0.000294569
3804,0.000183066
3805,0.000543886
3806,0.000547274
3807,0.000507658
3808,0.000479741
3809,0.000233237
3810,-4.04542e-05
3811,0.000103828
3812,0.000469009
3813,0.000351277
3814,-0.000307734
3815,-0.00072711
3816,-0.000468241
3817,-4.53692e-05
3818,-3.56858e-05
3819,-0.000271234
3820,-0.000326589
3821,-0.000212654
3822,-0.000109529
3823,9.11663e-05
3824,0.000457711
3825,0.000639459
3826,0.000369895
3827,3.67271e-05
3828,0.00017289
3829,0.000597226
3830,0.000660776
3831,0.000232882
3832,-0.000165693
3833,-0.000205743
3834,-0.000128543
3835,-0.000180853
3836,-0.000238469
3837,-0.000203888
3838,-0.000267251
3839,-0.000470058
3840,-0.000457313
3841,-4.29736e-05
3842,0.000356329
3843,0.000298372
3844,2.22631e-05
3845,7.18726e-05
3846,0.000433891
3847,0.000617096
3848,0.00047238
3849,0.000328038
3850,0.000315989
3851,0.000189644
3852,-7.93243e-05
3853,-0.000147676
3854,3.69152e-05
3855,2.29483e-05
3856,-0.000373685
3857,-0.000656327
3858,-0.000425892
3859,-4.7132e-05
3860,-2.50012e-05
3861,-0.000186488
3862,-8.54724e-05
3863,0.000179806
3864,0.000236354
3865,0.000200543
3866,0.000421428
3867,0.00069148
3868,0.000523401
3869,8.80912e-05
3870,2.72029e-05
3871,0.00035035
3872,0.000393077
3873,-3.92729e-05
3874,-0.000372195
3875,-0.000296909
3876,-0.000218547
3877,-0.000375631
3878,-0.000391116
3879,-0.000105931
3880,-1.75516e-06
3881,-0.000280346
3882,-0.000346912
3883,0.000168682
3884,0.000653404
3885,0.000495745
3886,0.000115816
3887,0.000197078
3888,0.000526733
3889,0.000501679
3890,0.000239577
3891,0.000214617
3892,0.000248561
3893,-9.87839e-05
3894,-0.000502914
3895,-0.000337431
3896,0.000101072
3897,-1.8359e-05
3898,-0.000593486
3899,-0.000700008
3900,-0.00015616
3901,0.00022947
3902,9.34721e-05
3903,1.17343e-06
3904,0.000250492
3905,0.000374187
3906,0.000203724
3907,0.000278215
3908,0.000708563
3909,0.000751642
3910,0.000122781
3911,-0.000334552
3912,-1.61385e-05
3913,0.000401991
3914,0.000127388
3915,-0.000448269
3916,-0.000547673
3917,-0.000311173
3918,-0.0002937
3919,-0.000346807
3920,-7.0955e-05
3921,0.000195387
3922,-4.33533e-05
3923,-0.000341773
3924,4.19283e-05
3925,0.000760041
3926,0.000832775
3927,0.000264171
3928,-1.30949e-05
3929,0.000288038
3930,0.000498699
3931,0.000288755
3932,8.81426e-05
3933,6.66817e-05
3934,-0.000161418
3935,-0.00056398
3936,-0.000529131
3937,-2.54664e-05
3938,0.000137654
3939,-0.000346325
3940,-0.000688105
3941,-0.000294042
3942,0.000294605
3943,0.000387346
3944,0.000206756
3945,0.000254586
3946,0.000387247
3947,0.000298787
3948,0.0002546
3949,0.000524932
3950,0.000666491
3951,0.000224271
3952,-0.000340421
3953,-0.000311177
3954,9.23358e-05
3955,9.98492e-05
3956,-0.000330611
3957,-0.000555746
3958,-0.000384575
3959,-0.000238172
3960,-0.000244208
3961,-8.53536e-05
3962,0.000215545
3963,0.000236069
3964,2.58147e-06
3965,6.47479e-05
3966,0.000521005
3967,0.000761518
3968,0.000466455
3969,0.000118467
3970,0.00015687
3971,0.000301821
3972,0.000161326
3973,-9.0361e-05
3974,-0.000143082
3975,-0.000149116
3976,-0.000349524
3977,-0.000519493
3978,-0.000352172
3979,-6.93864e-05
3980,-7.51924e-05
3981,-0.00024713
3982,-0.000153302
3983,0.000192946
3984,0.000380072
3985,0.000314248
3986,0.000310559
3987,0.000466301
3988,0.000499753
3989,0.000307059
3990,0.000167451
3991,0.000225364
3992,0.000224066
3993,-2.00667e-05
3994,-0.00027666
3995,-0.000302182
3996,-0.000237613
3997,-0.000301879
3998,-0.0003823
3999,-0.000275419
4000,-0.000100312
4001,-8.96969e-05
4002,-0.00013649
4003,4.15641e-05
4004,0.000375779
4005,0.000507168
4006,0.00036244
4007,0.000255678
4008,0.000355338
4009,0.000447543
4010,0.00035243
4011,0.000198763
4012,0.0001076
4013,-3.82525e-05
4014,-0.000278821
4015,-0.000373615
4016,-0.000207353
4017,-8.81491e-05
4018,-0.000283621
4019,-0.000525677
4020,-0.000394575
4021,8.45915e-06
4022,0.000232025
4023,0.000177828
4024,0.000146804
4025,0.000260755
4026,0.000345261
4027,0.000371311
4028,0.000489805
4029,0.00058872
4030,0.000362679
4031,-7.26728e-05
4032,-0.000201753
4033,7.32152e-05
4034,0.000204681
4035,-0.000141548
4036,-0.000553806
4037,-0.000554331
4038,-0.000295624
4039,-0.000156634
4040,-0.000117132
4041,-1.126e-05
4042,3.00091e-05
4043,-8.21304e-05
4044,-1.42089e-05
4045,0.000444723
4046,0.000819524
4047,0.000584866
4048,6.69513e-05
4049,-4.74932e-06
4050,0.0003691
4051,0.000527484
4052,0.000225305
4053,-0.000132259
4054,-0.000287804
4055,-0.000390387
4056,-0.000433592
4057,-0.000215386
4058,5.1653e-05
4059,-0.000119242
4060,-0.000577072
4061,-0.000562511
4062,0.000100217
4063,0.000635071
4064,0.000485481
4065,9.37907e-05
4066,7.74319e-05
4067,0.00033736
4068,0.000490459
4069,0.00053619
4070,0.000541131
4071,0.000270402
4072,-0.00026736
4073,-0.000482858
4074,-7.08275e-05
4075,0.000318225
4076,-9.06131e-06
4077,-0.000673135
4078,-0.000799623
4079,-0.000327669
4080,7.93329e-05
4081,0.000133453
4082,9.61932e-05
4083,7.20884e-05
4084,-2.89892e-05
4085,2.45472e-05
4086,0.00049188
4087,0.000943849
4088,0.000707274
4089,6.34396e-07
4090,-0.00025697
4091,0.000167863
4092,0.000513167
4093,0.000251206
4094,-0.00023892
4095,-0.000470886
4096,-0.000498042
4097,-0.000450082
4098,-0.000205973
4099,0.00010409
4100,1.6015e-05
4101,-0.000433211
4102,-0.000506359
4103,0.000123192
4104,0.000748829
4105,0.000666106
4106,0.000196182
4107,6.04801e-05
4108,0.000296332
4109,0.000463017
4110,0.00045032
4111,0.000389675
4112,0.000163618
4113,-0.000292887
4114,-0.000548195
4115,-0.00024934
4116,0.000150728
4117,-1.92402e-05
4118,-0.000566872
4119,-0.000709137
4120,-0.000273861
4121,0.000151974
4122,0.000212587
4123,0.000153655
4124,0.000180891
4125,0.000185846
4126,0.000202775
4127,0.000442408
4128,0.000733397
4129,0.000600021
4130,7.80163e-05
4131,-0.00019885
4132,3.84529e-05
4133,0.000274683
4134,5.21919e-05
4135,-0.000358974
4136,-0.0004985
4137,-0.000396803
4138,-0.00030902
4139,-0.000223591
4140,-6.77201e-05
4141,-1.20982e-05
4142,-0.000133497
4143,-0.000118767
4144,0.000249025
4145,0.000619748
4146,0.000560292
4147,0.000245411
4148,0.000170605
4149,0.000375946
4150,0.000465796
4151,0.000278525
4152,3.82647e-05
4153,-0.00010612
4154,-0.000227165
4155,-0.000314116
4156,-0.000257734
4157,-0.000161886
4158,-0.000257958
4159,-0.000459743
4160,-0.000407228
4161,-4.21879e-05
4162,0.000251319
4163,0.000219706
4164,9.17246e-05
4165,0.000171988
4166,0.000398096
4167,0.00052541
4168,0.000496959
4169,0.000396617
4170,0.000242856
4171,6.12202e-05
4172,-1.46344e-05
4173,5.12125e-05
4174,4.27403e-05
4175,-0.000210601
4176,-0.000508135
4177,-0.000517161
4178,-0.000257783
4179,-6.9929e-05
4180,-0.000120492
4181,-0.000215763
4182,-0.000136167
4183,8.89765e-05
4184,0.000311201
4185,0.000452917
4186,0.00047832
4187,0.000368238
4188,0.000230583
4189,0.000253203
4190,0.000416526
4191,0.000429193
4192,0.000119006
4193,-0.000267535
4194,-0.00036854
4195,-0.000196781
4196,-8.62823e-05
4197,-0.000210265
4198,-0.000402697
4199,-0.00045025
4200,-0.000320904
4201,-8.07288e-05
4202,0.000182795
4203,0.000314921
4204,0.00021404
4205,6.33435e-05
4206,0.000184945
4207,0.000557177
4208,0.000746096
4209,0.000483375
4210,5.74744e-05
4211,-9.23189e-05
4212,4.80786e-05
4213,0.000154454
4214,4.56442e-05
4215,-0.000198761
4216,-0.000452768
4217,-0.000590367
4218,-0.000453166
4219,-7.97855e-05
4220,0.000154218
4221,-2.97967e-05
4222,-0.000333514
4223,-0.000219886
4224,0.000313021
4225,0.00070819
4226,0.000620061
4227,0.000298447
4228,0.000127876
4229,0.000178112
4230,0.000326438
4231,0.00044975
4232,0.000361202
4233,-6.62284e-05
4234,-0.000554768
4235,-0.000592115
4236,-0.000151188
4237,0.000153726
4238,-0.000106697
4239,-0.000569604
4240,-0.000620126
4241,-0.000205858
4242,0.00024683
4243,0.000446058
4244,0.000392681
4245,0.000178047
4246,4.1607e-06
4247,0.000171898
4248,0.000651252
4249,0.000886101
4250,0.000463286
4251,-0.000217405
4252,-0.000417019
4253,-5.75639e-05
4254,0.000250118
4255,9.41468e-05
4256,-0.000324068
4257,-0.000633191
4258,-0.000664577
4259,-0.000380332
4260,9.62997e-05
4261,0.00035763
4262,9.82722e-05
4263,-0.000329524
4264,-0.00024174
4265,0.000411279
4266,0.000911694
4267,0.000750754
4268,0.000242639
4269,-3.64206e-05
4270,4.4314e-05
4271,0.000261228
4272,0.000402959
4273,0.000287514
4274,-0.000180297
4275,-0.000698391
4276,-0.00071539
4277,-0.00018557
4278,0.000219849
4279,-6.85152e-06
4280,-0.000497771
4281,-0.000563701
4282,-0.00011981
4283,0.000366839
4284,0.000568346
4285,0.000497416
4286,0.000259667
4287,4.29863e-05
4288,0.000144024
4289,0.000566401
4290,0.000787014
4291,0.000381291
4292,-0.000290286
4293,-0.000508756
4294,-0.000180808
4295,0.000113806
4296,-1.19869e-05
4297,-0.000353299
4298,-0.000570335
4299,-0.000552755
4300,-0.000295466
4301,0.000123461
4302,0.000387179
4303,0.000216304
4304,-0.000126773
4305,-6.47962e-05
4306,0.000461049
4307,0.000845616
4308,0.000661335
4309,0.00019984
4310,-3.4652e-05
4311,3.43419e-05
4312,0.000166147
4313,0.000194344
4314,4.89458e-05
4315,-0.000294778
4316,-0.000633711
4317,-0.000603088
4318,-0.000188302
4319,0.000118763
4320,-4.02051e-05
4321,-0.000365497
4322,-0.000331761
4323,8.92073e-05
4324,0.000478668
4325,0.000564876
4326,0.000429369
4327,0.000251854
4328,0.000166928
4329,0.000272541
4330,0.000487067
4331,0.00049361
4332,0.000115063
4333,-0.000345992
4334,-0.000441558
4335,-0.000183713
4336,-7.49267e-06
4337,-0.000161006
4338,-0.000437002
4339,-0.000523931
4340,-0.000349127
4341,-3.69681e-05
4342,0.000235037
4343,0.000302856
4344,0.000157552
4345,4.82666e-05
4346,0.00022963
4347,0.000581333
4348,0.000704395
4349,0.000441727
4350,7.83181e-05
4351,-5.17386e-05
4352,4.72365e-05
4353,0.000132556
4354,3.62603e-05
4355,-0.000221071
4356,-0.000486176
4357,-0.000559055
4358,-0.000357092
4359,-6.49339e-05
4360,1.84607e-05
4361,-0.000143957
4362,-0.000249779
4363,-4.74385e-05
4364,0.0003353
4365,0.000568268
4366,0.000512542
4367,0.000316118
4368,0.000198164
4369,0.000248969
4370,0.000384428
4371,0.000409305
4372,0.000185201
4373,-0.0001853
4374,-0.000410358
4375,-0.000331619
4376,-0.000129372
4377,-0.000104785
4378,-0.000307065
4379,-0.000488106
4380,-0.000410173
4381,-0.00010042
4382,0.00020714
4383,0.000312048
4384,0.000219608
4385,0.000121766
4386,0.000208335
4387,0.00045994
4388,0.00063958
4389,0.000535382
4390,0.000206029
4391,-6.61159e-05
4392,-7.95914e-05
4393,6.81068e-05
4394,9.69193e-05
4395,-0.000135975
4396,-0.000467533
4397,-0.000598273
4398,-0.000414604
4399,-0.000107533
4400,3.95832e-05
4401,-5.02875e-05
4402,-0.000185293
4403,-0.000119196
4404,0.000194443
4405,0.000545134
4406,0.000651672
4407,0.000440038
4408,0.000147849
4409,9.41401e-05
4410,0.000312638
4411,0.000486035
4412,0.000311409
4413,-0.000131976
4414,-0.000471689
4415,-0.000460976
4416,-0.000213405
4417,-3.79464e-05
4418,-0.000126437
4419,-0.000391534
4420,-0.000539146
4421,-0.000328806
4422,0.000151557
4423,0.0005062
4424,0.000439104
4425,0.000117692
4426,-3.86468e-06
4427,0.000271879
4428,0.000657683
4429,0.000732286
4430,0.00039747
4431,-6.52274e-05
4432,-0.000295673
4433,-0.000168901
4434,0.000101797
4435,0.000141771
4436,-0.000208167
4437,-0.000661058
4438,-0.000744058
4439,-0.000338895
4440,0.000155544
4441,0.000276052
4442,8.57861e-06
4443,-0.000241525
4444,-0.000116906
4445,0.000341591
4446,0.000759122
4447,0.000775222
4448,0.000381283
4449,-3.94177e-05
4450,-7.57907e-05
4451,0.00025591
4452,0.000500976
4453,0.000276871
4454,-0.00028382
4455,-0.000685569
4456,-0.000606798
4457,-0.000201832
4458,9.39146e-05
4459,-5.78991e-06
4460,-0.00036758
4461,-0.000554101
4462,-0.000260445
4463,0.000329441
4464,0.000697341
4465,0.000551213
4466,0.000146349
4467,-2.28915e-05
4468,0.000227085
4469,0.00061097
4470,0.000704444
4471,0.00035423
4472,-0.000189092
4473,-0.000486414
4474,-0.000321569
4475,4.70077e-05
4476,0.000129039
4477,-0.000238363
4478,-0.000675196
4479,-0.000694653
4480,-0.000257305
4481,0.000226598
4482,0.000370553
4483,0.000165216
4484,-8.09434e-05
4485,-3.90101e-05
4486,0.000347888
4487,0.000765507
4488,0.000789334
4489,0.000355036
4490,-0.000110752
4491,-0.000161761
4492,0.000141956
4493,0.000334998
4494,0.000116956
4495,-0.000346442
4496,-0.000664548
4497,-0.000605872
4498,-0.00025537
4499,6.82863e-05
4500,6.88568e-05
4501,-0.000216669
4502,-0.000390307
4503,-0.000123905
4504,0.000412354
4505,0.000721556
4506,0.000567889
4507,0.000214363
4508,6.07535e-05
4509,0.000216448
4510,0.000466908
4511,0.000514571
4512,0.000221607
4513,-0.000250207
4514,-0.000525514
4515,-0.000385072
4516,-5.82992e-05
4517,1.41897e-05
4518,-0.000275045
4519,-0.000571413
4520,-0.000511292
4521,-0.000126433
4522,0.000263091
4523,0.000398914
4524,0.000265445
4525,6.93491e-05
4526,9.05024e-05
4527,0.000405356
4528,0.000720633
4529,0.000652606
4530,0.000216196
4531,-0.000156437
4532,-0.000152891
4533,6.34966e-05
4534,0.000128717
4535,-8.2876e-05
4536,-0.000408353
4537,-0.000610995
4538,-0.000532441
4539,-0.000199929
4540,0.000110146
4541,9.70402e-05
4542,-0.000161672
4543,-0.000232109
4544,0.000112902
4545,0.000563948
4546,0.000685518
4547,0.000457715
4548,0.000200541
4549,0.000131636
4550,0.000221925
4551,0.000341692
4552,0.000327816
4553,4.74715e-05
4554,-0.000380464
4555,-0.000575235
4556,-0.000350576
4557,-3.5488e-05
4558,-6.28748e-05
4559,-0.000367379
4560,-0.000503565
4561,-0.000272462
4562,9.56013e-05
4563,0.000332612
4564,0.000385867
4565,0.000302914
4566,0.000176323
4567,0.000196167
4568,0.000449125
4569,0.000665745
4570,0.00049029
4571,2.11969e-05
4572,-0.000257868
4573,-0.000141541
4574,4.78606e-05
4575,-2.76878e-05
4576,-0.000294408
4577,-0.000489488
4578,-0.00050705
4579,-0.00036409
4580,-9.9774e-05
4581,0.000127404
4582,0.000109314
4583,-7.35355e-05
4584,-4.95524e-05
4585,0.000317733
4586,0.000666251
4587,0.000623656
4588,0.00031473
4589,0.00012508
4590,0.000167093
4591,0.000253218
4592,0.000231945
4593,8.1916e-05
4594,-0.000185741
4595,-0.000461392
4596,-0.000509646
4597,-0.000268515
4598,-4.56837e-05
4599,-0.000141527
4600,-0.000392219
4601,-0.000383986
4602,-3.86369e-05
4603,0.0003185
4604,0.000429495
4605,0.000350669
4606,0.000248546
4607,0.000223478
4608,0.000330376
4609,0.000516108
4610,0.0005432
4611,0.000238361
4612,-0.000183787
4613,-0.000320206
4614,-0.000124284
4615,2.82437e-05
4616,-0.000129909
4617,-0.000432472
4618,-0.000567143
4619,-0.000440631
4620,-0.000162715
4621,0.000107548
4622,0.000206939
4623,8.05179e-05
4624,-5.69071e-05
4625,0.000102806
4626,0.000517012
4627,0.000757423
4628,0.00055536
4629,0.000159371
4630,-1.64425e-05
4631,9.6537e-05
4632,0.000241993
4633,0.000199724
4634,-5.53382e-05
4635,-0.00040402
4636,-0.000617504
4637,-0.000490807
4638,-0.000124811
4639,7.39992e-05
4640,-0.000120976
4641,-0.000409552
4642,-0.00033268
4643,0.000123315
4644,0.000536747
4645,0.000593262
4646,0.000376511
4647,0.000159158
4648,0.000133907
4649,0.000326854
4650,0.000558671
4651,0.000513987
4652,7.6068e-05
4653,-0.000418699
4654,-0.000502955
4655,-0.000173483
4656,8.33694e-05
4657,-8.24779e-05
4658,-0.000472226
4659,-0.000645412
4660,-0.00042861
4661,-2.9619e-06
4662,0.000333967
4663,0.000375483
4664,0.000143184
4665,-5.97929e-05
4666,0.000104271
4667,0.000571779
4668,0.000849832
4669,0.000588984
4670,4.18822e-05
4671,-0.000244026
4672,-8.55673e-05
4673,0.000191551
4674,0.000200479
4675,-0.000118975
4676,-0.0005276
4677,-0.000713248
4678,-0.000508409
4679,-6.2985e-05
4680,0.000209971
4681,4.74015e-05
4682,-0.000299564
4683,-0.00031146
4684,0.000155499
4685,0.000672866
4686,0.000762902
4687,0.000433893
4688,8.49133e-05
4689,3.10296e-05
4690,0.000249019
4691,0.000472114
4692,0.000412064
4693,-4.96909e-06
4694,-0.0004987
4695,-0.000637175
4696,-0.00031867
4697,4.85975e-05
4698,1.07696e-05
4699,-0.000370111
4700,-0.00060566
4701,-0.000384835
4702,0.000107549
4703,0.000467527
4704,0.000482514
4705,0.000248793
4706,4.81963e-05
4707,0.000135501
4708,0.000489728
4709,0.000748272
4710,0.00055595
4711,2.18262e-05
4712,-0.000350634
4713,-0.000259934
4714,4.44844e-05
4715,0.000111918
4716,-0.000173815
4717,-0.000538202
4718,-0.000661773
4719,-0.000445406
4720,-4.27498e-05
4721,0.000239021
4722,0.00017697
4723,-9.4383e-05
4724,-0.0001559
4725,0.000202455
4726,0.000669957
4727,0.000771969
4728,0.000447562
4729,7.58391e-05
4730,-1.2682e-05
4731,0.000149318
4732,0.000304812
4733,0.000233333
4734,-0.000106837
4735,-0.000515294
4736,-0.000649899
4737,-0.000378419
4738,-1.02347e-05
4739,2.69211e-05
4740,-0.000265504
4741,-0.000454006
4742,-0.000237706
4743,0.000211063
4744,0.000522595
4745,0.000531372
4746,0.000332561
4747,0.000138804
4748,0.000156592
4749,0.000410782
4750,0.000617057
4751,0.000433998
4752,-7.1178e-05
4753,-0.000427129
4754,-0.000341992
4755,-6.25017e-05
4756,-5.12039e-06
4757,-0.000237042
4758,-0.000497725
4759,-0.000553945
4760,-0.000352229
4761,1.46909e-05
4762,0.000311213
4763,0.000295028
4764,4.10139e-05
4765,-4.03014e-05
4766,0.000281089
4767,0.000689615
4768,0.000719417
4769,0.000364497
4770,2.28907e-05
4771,-4.97323e-05
4772,5.23288e-05
4773,0.000133922
4774,7.24646e-05
4775,-0.000188352
4776,-0.000538342
4777,-0.000658397
4778,-0.000370063
4779,2.66449e-05
4780,7.75497e-05
4781,-0.000196121
4782,-0.000326114
4783,-5.90941e-05
4784,0.000352067
4785,0.00056559
4786,0.000528528
4787,0.000361828
4788,0.000184149
4789,0.000143714
4790,0.000319627
4791,0.000487892
4792,0.000296295
4793,-0.000204626
4794,-0.000524602
4795,-0.000385313
4796,-9.44582e-05
4797,-7.1649e-05
4798,-0.000296501
4799,-0.000461865
4800,-0.000415002
4801,-0.00019825
4802,0.000115761
4803,0.000377898
4804,0.000373166
4805,0.000138165
4806,5.44709e-05
4807,0.000346373
4808,0.000690027
4809,0.000633532
4810,0.000229527
4811,-8.57602e-05
4812,-0.000106743
4813,-9.30874e-06
4814,1.14076e-05
4815,-8.41857e-05
4816,-0.000295706
4817,-0.000546327
4818,-0.000590596
4819,-0.000286819
4820,8.60631e-05
4821,0.000123156
4822,-0.000120721
4823,-0.00019162
4824,0.000109052
4825,0.000484889
4826,0.000609114
4827,0.000492106
4828,0.000306748
4829,0.000160929
4830,0.000136927
4831,0.000261197
4832,0.000337207
4833,0.000101153
4834,-0.000348123
4835,-0.000572507
4836,-0.000380981
4837,-0.000100724
4838,-9.87856e-05
4839,-0.000306888
4840,-0.000414034
4841,-0.00029032
4842,-1.88895e-05
4843,0.000279096
4844,0.000455918
4845,0.000379519
4846,0.000160737
4847,0.000136132
4848,0.000417411
4849,0.000658136
4850,0.000500367
4851,7.188e-05
4852,-0.000213081
4853,-0.000197584
4854,-7.1481e-05
4855,-4.20329e-05
4856,-0.000164827
4857,-0.000398297
4858,-0.000588557
4859,-0.000502944
4860,-0.000120013
4861,0.000214828
4862,0.000179184
4863,-6.8175e-05
4864,-8.944e-05
4865,0.00023472
4866,0.000587501
4867,0.000664929
4868,0.000475618
4869,0.000203352
4870,2.34278e-05
4871,5.1885e-05
4872,0.000231261
4873,0.000269561
4874,-5.41945e-05
4875,-0.000518419
4876,-0.00065918
4877,-0.000371719
4878,-4.30775e-05
4879,-2.50514e-05
4880,-0.000233977
4881,-0.000360041
4882,-0.00023617
4883,9.59843e-05
4884,0.000464491
4885,0.000617906
4886,0.000421191
4887,0.000102186
4888,7.5108e-05
4889,0.000399443
4890,0.00064427
4891,0.000439996
4892,-5.04514e-05
4893,-0.000384054
4894,-0.000370928
4895,-0.000172886
4896,-3.67064e-05
4897,-0.000113181
4898,-0.000390548
4899,-0.000626524
4900,-0.000496959
4901,-4.97289e-06
4902,0.000405217
4903,0.000357381
4904,3.60624e-05
4905,-6.28753e-05
4906,0.000229041
4907,0.000608253
4908,0.000723664
4909,0.000507457
4910,0.000128626
4911,-0.000155941
4912,-0.000140444
4913,0.000114268
4914,0.00023317
4915,-7.33746e-05
4916,-0.000579526
4917,-0.000758539
4918,-0.000439265
4919,-1.65284e-06
4920,0.0001284
4921,-5.49214e-05
4922,-0.000247003
4923,-0.000194729
4924,0.000135481
4925,0.000557414
4926,0.00074754
4927,0.000517751
4928,9.89677e-05
4929,-3.84264e-05
4930,0.000241624
4931,0.000534913
4932,0.000402526
4933,-8.99209e-05
4934,-0.000501364
4935,-0.000541864
4936,-0.000299539
4937,-5.56679e-05
4938,-4.17494e-05
4939,-0.000285988
4940,-0.000540469
4941,-0.000451299
4942,3.26385e-05
4943,0.000505718
4944,0.000541376
4945,0.000214966
4946,-2.30963e-06
4947,0.000168303
4948,0.000527976
4949,0.000694891
4950,0.000500117
4951,7.76902e-05
4952,-0.000274959
4953,-0.000309955
4954,-6.02038e-05
4955,0.000123388
4956,-7.52192e-05
4957,-0.000522174
4958,-0.000740128
4959,-0.000477177
4960,-2.14305e-06
4961,0.000243556
4962,0.000137352
4963,-7.53351e-05
4964,-9.44422e-05
4965,0.00017388
4966,0.00056313
4967,0.000757868
4968,0.000559608
4969,0.000135933
4970,-9.63846e-05
4971,5.97592e-05
4972,0.000327573
4973,0.000289815
4974,-0.000108662
4975,-0.000525364
4976,-0.000627023
4977,-0.000400172
4978,-9.62286e-05
4979,1.12038e-05
4980,-0.000153577
4981,-0.000378227
4982,-0.000327716
4983,8.59943e-05
4984,0.000539351
4985,0.000631964
4986,0.000356877
4987,9.39387e-05
4988,0.000142241
4989,0.000405773
4990,0.000562403
4991,0.000411879
4992,2.46079e-05
4993,-0.000338271
4994,-0.000423403
4995,-0.000217168
4996,-7.47161e-06
4997,-9.81703e-05
4998,-0.000432188
4999,-0.000625457
