0,0
1,0
2,0
3,0
4,0
5,0
6,0
7,0
8,0
9,0
10,0
11,0
12,0
13,0
14,0
15,0
16,0
17,0
18,0
19,0
20,0
21,0
22,0
23,0
24,0
25,0
26,0
27,0
28,0
29,0
30,0
31,0
32,0
33,0
34,0
35,0
36,0
37,0
38,0
39,0
40,0
41,0
42,0
43,0
44,0
45,0
46,0
47,0
48,0
49,0
50,0
51,0
52,0
53,0
54,0
55,0
56,0
57,0
58,0
59,0
60,0
61,0
62,0
63,0
64,0
65,0
66,0
67,0
68,0
69,0
70,0
71,0
72,0
73,0
74,0
75,0
76,0
77,0
78,0
79,0
80,0
81,0
82,0
83,0
84,0
85,0
86,0
87,0
88,0
89,0
90,0
91,0
92,0
93,0
94,0
95,0
96,0
97,0
98,0
99,0
100,0
101,0
102,0
103,0
104,0
105,0
106,0
107,0
108,0
109,0
110,0
111,0
112,0
113,0
114,0
115,0
116,0
117,0
118,0
119,0
120,0
121,0
122,0
123,0
124,0
125,0
126,0
127,0
128,0
129,0
130,0
131,0
132,0
133,0
134,0
135,0
136,0
137,0
138,0
139,0
140,0
141,0
142,0
143,0
144,0
145,0
146,0
147,0
148,0
149,0
150,0
151,0
152,0
153,0
154,0
155,0
156,0
157,0
158,0
159,0
160,0
161,0
162,0
163,0
164,0
165,0
166,0
167,0
168,0
169,0
170,0
171,0
172,0
173,0
174,0
175,0
176,0
177,0
178,0
179,0
180,0
181,0
182,0
183,0
184,0
185,0
186,0
187,0
188,0
189,0
190,0
191,0
192,0
193,0
194,0
195,0
196,0
197,0
198,0
199,0
200,0
201,0
202,0
203,0
204,0
205,0
206,0
207,0
208,0
209,0
210,0
211,0
212,0
213,0
214,0
215,0
216,0
217,0
218,0
219,0
220,0
221,0
222,0
223,0
224,0
225,0
226,0
227,0
228,0
229,0
230,0
231,0
232,0
233,0
234,0
235,0
236,0
237,0
238,0
239,0
240,0
241,0
242,0
243,0
244,0
245,0
246,0
247,0
248,0
249,0
250,0
251,0
252,0
253,0
254,0
255,0
256,0
257,0
258,0
259,0
260,0
261,0
262,0
263,0
264,0
265,0
266,0
267,0
268,0
269,0
270,0
271,0
272,0
273,0
274,0
275,0
276,0
277,0
278,0
279,0
280,0
281,0
282,0
283,0
284,0
285,0
286,0
287,0
288,0
289,0
290,0
291,0
292,0
293,0
294,0
295,0
296,0
297,0
298,0
299,0
300,0
301,0
302,0
303,0
304,0
305,0
306,0
307,0
308,0
309,0
310,0
311,0
312,0
313,0
314,0
315,0
316,0
317,0
318,0
319,0
320,0
321,0
322,0
323,0
324,0
325,0
326,0
327,0
328,2.58372e-197
329,8.52374e-195
330,1.57761e-192
331,2.11575e-190
332,2.24811e-188
333,1.97946e-186
334,1.48633e-184
335,9.71922e-183
336,5.6253e-181
337,2.91945e-179
338,1.37308e-177
339,5.90388e-176
340,2.33793e-174
341,8.58029e-173
342,2.93421e-171
343,9.39371e-170
344,2.827e-168
345,8.02671e-167
346,2.15713e-165
347,5.503e-164
348,1.33611e-162
349,3.09477e-161
350,6.8532e-160
351,1.45374e-158
352,2.95932e-157
353,5.79066e-156
354,1.09083e-154
355,1.98103e-153
356,3.473e-152
357,5.88473e-151
358,9.6483e-150
359,1.53229e-148
360,2.35957e-147
361,3.52639e-146
362,5.1194e-145
363,7.22534e-144
364,9.92177e-143
365,1.32658e-141
366,1.72821e-140
367,2.19517e-139
368,2.72032e-138
369,3.29091e-137
370,3.88869e-136
371,4.49074e-135
372,5.07092e-134
373,5.60175e-133
374,6.05672e-132
375,6.41244e-131
376,6.65076e-130
377,6.76024e-129
378,6.73706e-128
379,6.5851e-127
380,6.31538e-126
381,5.94479e-125
382,5.49442e-124
383,4.98768e-123
384,4.44842e-122
385,3.8992e-121
386,3.35999e-120
387,2.84719e-119
388,2.37319e-118
389,1.94626e-117
390,1.57085e-116
391,1.24808e-115
392,9.76409e-115
393,7.52319e-114
394,5.71024e-113
395,4.27055e-112
396,3.14763e-111
397,2.28689e-110
398,1.63816e-109
399,1.15718e-108
400,8.06243e-108
401,5.54151e-107
402,3.7581e-106
403,2.51513e-105
404,1.66143e-104
405,1.08344e-103
406,6.97584e-103
407,4.43536e-102
408,2.78527e-101
409,1.72774e-100
410,1.05883e-99
411,6.41163e-99
412,3.83681e-98
413,2.26929e-97
414,1.32673e-96
415,7.66848e-96
416,4.38249e-95
417,2.47669e-94
418,1.38425e-93
419,7.6525e-93
420,4.18489e-92
421,2.26416e-91
422,1.21205e-90
423,6.42056e-90
424,3.36595e-89
425,1.7465e-88
426,8.97022e-88
427,4.56091e-87
428,2.29592e-86
429,1.14435e-85
430,5.64808e-85
431,2.7607e-84
432,1.33645e-83
433,6.40828e-83
434,3.04383e-82
435,1.43227e-81
436,6.67721e-81
437,3.08433e-80
438,1.41176e-79
439,6.40359e-79
440,2.87862e-78
441,1.28256e-77
442,5.66411e-77
443,2.47958e-76
444,1.07609e-75
445,4.62992e-75
446,1.97506e-74
447,8.35407e-74
448,3.50393e-73
449,1.45741e-72
450,6.01173e-72
451,2.45946e-71
452,9.97991e-71
453,4.01686e-70
454,1.60378e-69
455,6.35224e-69
456,2.49606e-68
457,9.73096e-68
458,3.76401e-67
459,1.44465e-66
460,5.50194e-66
461,2.07937e-65
462,7.79888e-65
463,2.90294e-64
464,1.07244e-63
465,3.93237e-63
466,1.43121e-62
467,5.17063e-62
468,1.85434e-61
469,6.60183e-61
470,2.33338e-60
471,8.18788e-60
472,2.8526e-59
473,9.86762e-59
474,3.38925e-58
475,1.15593e-57
476,3.91483e-57
477,1.31664e-56
478,4.3975e-56
479,1.45865e-55
480,4.80522e-55
481,1.57222e-54
482,5.10932e-54
483,1.64923e-53
484,5.28783e-53
485,1.68411e-52
486,5.32814e-52
487,1.67457e-51
488,5.22843e-51
489,1.62177e-50
490,4.99776e-50
491,1.53017e-49
492,4.65473e-49
493,1.40687e-48
494,4.22505e-48
495,1.26078e-47
496,3.73842e-47
497,1.10151e-46
498,3.22521e-46
499,9.3843e-46
500,2.71353e-45
501,7.79767e-45
502,2.22693e-44
503,6.32074e-44
504,1.78304e-43
505,4.99913e-43
506,1.39309e-42
507,3.85857e-42
508,1.06229e-41
509,2.90698e-41
510,7.90731e-41
511,2.13804e-40
512,5.74658e-40
513,1.53539e-39
514,4.07807e-39
515,1.07677e-38
516,2.8264e-38
517,7.37555e-38
518,1.91343e-37
519,4.93509e-37
520,1.26547e-36
521,3.22616e-36
522,8.17728e-36
523,2.06075e-35
524,5.16349e-35
525,1.28638e-34
526,3.18646e-34
527,7.84816e-34
528,1.922e-33
529,4.68029e-33
530,1.13326e-32
531,2.72854e-32
532,6.53253e-32
533,1.5552e-31
534,3.68172e-31
535,8.66722e-31
536,2.02898e-30
537,4.72336e-30
538,1.09346e-29
539,2.51731e-29
540,5.76311e-29
541,1.3121e-28
542,2.9708e-28
543,6.68926e-28
544,1.4979e-27
545,3.33575e-27
546,7.38774e-27
547,1.6272e-26
548,3.56436e-26
549,7.76496e-26
550,1.68234e-25
551,3.62502e-25
552,7.76835e-25
553,1.65566e-24
554,3.50945e-24
555,7.39833e-24
556,1.55116e-23
557,3.23451e-23
558,6.70795e-23
559,1.38357e-22
560,2.83822e-22
561,5.79055e-22
562,1.17497e-21
563,2.37116e-21
564,4.75913e-21
565,9.49999e-21
566,1.88602e-20
567,3.72391e-20
568,7.31268e-20
569,1.42817e-19
570,2.77398e-19
571,5.35856e-19
572,1.02946e-18
573,1.96693e-18
574,3.73747e-18
575,7.0628e-18
576,1.32734e-17
577,2.48077e-17
578,4.61094e-17
579,8.52286e-17
580,1.56664e-16
581,2.86375e-16
582,5.20571e-16
583,9.41012e-16
584,1.69152e-15
585,3.02354e-15
586,5.37412e-15
587,9.49824e-15
588,1.66923e-14
589,2.91686e-14
590,5.06799e-14
591,8.75518e-14
592,1.50382e-13
593,2.56812e-13
594,4.36029e-13
595,7.36007e-13
596,1.23511e-12
597,2.06049e-12
598,3.41717e-12
599,5.63351e-12
600,9.23191e-12
601,1.5038e-11
602,2.43476e-11
603,3.9181e-11
604,6.26656e-11
605,9.96085e-11
606,1.57347e-10
607,2.46998e-10
608,3.85283e-10
609,5.97164e-10
610,9.19623e-10
611,1.40702e-09
612,2.13866e-09
613,3.22923e-09
614,4.84333e-09
615,7.21512e-09
616,1.06748e-08
617,1.56841e-08
618,2.28823e-08
619,3.31464e-08
620,4.7668e-08
621,6.8049e-08
622,9.64202e-08
623,1.35584e-07
624,1.89185e-07
625,2.61898e-07
626,3.59648e-07
627,4.8983e-07
628,6.61534e-07
629,8.8574e-07
630,1.17546e-06
631,1.54578e-06
632,2.01373e-06
633,2.59798e-06
634,3.31818e-06
635,4.19393e-06
636,5.24335e-06
637,6.481e-06
638,7.91529e-06
639,9.5453e-06
640,1.1357e-05
641,1.33191e-05
642,1.53789e-05
643,1.74581e-05
644,1.94501e-05
645,2.12178e-05
646,2.25946e-05
647,2.33885e-05
648,2.33902e-05
649,2.2386e-05
650,2.01764e-05
651,1.66004e-05
652,1.15637e-05
653,5.07105e-06
654,-2.74134e-06
655,-1.15759e-05
656,-2.09522e-05
657,-3.01978e-05
658,-3.84594e-05
659,-4.47373e-05
660,-4.79493e-05
661,-4.70257e-05
662,-4.10313e-05
663,-2.93121e-05
664,-1.16506e-05
665,1.15837e-05
666,3.93138e-05
667,6.96881e-05
668,0.000100093
669,0.000127269
670,0.000147544
671,0.000157187
672,0.000152862
673,0.00013216
674,9.4136e-05
675,3.9789e-05
676,-2.76105e-05
677,-0.000102426
678,-0.000176879
679,-0.000241627
680,-0.000286714
681,-0.000302826
682,-0.000282741
683,-0.000222791
684,-0.000124108
685,6.58901e-06
686,0.000156895
687,0.000309485
688,0.000443789
689,0.000538516
690,0.000574764
691,0.000539328
692,0.000427689
693,0.00024611
694,1.23238e-05
695,-0.000245571
696,-0.000492123
697,-0.000689252
698,-0.000802129
699,-0.000805359
700,-0.000688385
701,-0.000459024
702,-0.000144206
703,0.00021261
704,0.000557323
705,0.000833681
706,0.000993096
707,0.00100403
708,0.00085907
709,0.000578027
710,0.000206025
711,-0.000193564
712,-0.000550359
713,-0.00080045
714,-0.00089944
715,-0.00083221
716,-0.000617013
717,-0.000302525
718,4.20122e-05
719,0.000341787
720,0.000533435
721,0.000580153
722,0.00048111
723,0.000272442
724,1.89573e-05
725,-0.000201987
726,-0.000320847
727,-0.00029545
728,-0.000124454
729,0.000149438
730,0.000448272
731,0.000678284
732,0.000755534
733,0.000631129
734,0.000308881
735,-0.000150331
736,-0.000640008
737,-0.00103353
738,-0.00121774
739,-0.00112573
740,-0.000759372
741,-0.000194053
742,0.000437071
743,0.00097657
744,0.00128549
745,0.00128352
746,0.00097439
747,0.000448063
748,-0.000142756
749,-0.000626114
750,-0.000862329
751,-0.000788007
752,-0.00043828
753,6.11668e-05
754,0.000531623
755,0.000798206
756,0.000748731
757,0.000375348
758,-0.000216066
759,-0.000834155
760,-0.00126121
761,-0.00132548
762,-0.000963138
763,-0.000248142
764,0.000622527
765,0.0013864
766,0.00179915
767,0.00171736
768,0.00115201
769,0.000272129
770,-0.000645523
771,-0.00130651
772,-0.00149919
773,-0.00117073
774,-0.000450225
775,0.00039201
776,0.00103785
777,0.0012362
778,0.000898448
779,0.000138277
780,-0.000761907
781,-0.00144949
782,-0.0016318
783,-0.00119076
784,-0.000237728
785,0.000915428
786,0.00186297
787,0.00225314
788,0.0019231
789,0.00096853
790,-0.000282191
791,-0.00138392
792,-0.00194029
793,-0.0017567
794,-0.000920367
795,0.000227098
796,0.00121852
797,0.00164431
798,0.00131905
799,0.000363757
800,-0.000833147
801,-0.00176545
802,-0.00201329
803,-0.00142039
804,-0.000170507
805,0.00127321
806,0.00234668
807,0.0026125
808,0.0019441
809,0.000587863
810,-0.000927494
811,-0.00200233
812,-0.00221365
813,-0.00149551
814,-0.000173306
815,0.00116785
816,0.00192972
817,0.0017602
818,0.00071339
819,-0.000762754
820,-0.00201171
821,-0.0024516
822,-0.00183518
823,-0.000371007
824,0.00135271
825,0.00261481
826,0.00287459
827,0.00201455
828,0.00040173
829,-0.00126556
830,-0.0022632
831,-0.0021654
832,-0.00104125
833,0.000569464
834,0.00189637
835,0.00229035
836,0.00152825
837,-7.21255e-05
838,-0.00178551
839,-0.00280658
840,-0.00262418
841,-0.00126864
842,0.000687391
843,0.0023823
844,0.00306066
845,0.00242777
846,0.000794515
847,-0.0010612
848,-0.00225771
849,-0.00222899
850,-0.00100067
851,0.000813999
852,0.00230261
853,0.0026937
854,0.00173802
855,-0.000156471
856,-0.00210802
857,-0.00318089
858,-0.00284137
859,-0.00122665
860,0.000910473
861,0.00256068
862,0.00295014
863,0.00192384
864,2.73615e-05
865,-0.00175966
866,-0.0025115
867,-0.00182471
868,-3.03755e-05
869,0.00196234
870,0.00311921
871,0.00280637
872,0.00112176
873,-0.00114025
874,-0.00288037
875,-0.00324825
876,-0.00207762
877,2.30664e-05
878,0.00197689
879,0.0027897
880,0.00206455
881,0.00021147
882,-0.00176143
883,-0.00277252
884,-0.00223683
885,-0.000382648
886,0.00185599
887,0.0033212
888,0.00323841
889,0.00162946
890,-0.000690538
891,-0.00253641
892,-0.00297679
893,-0.00182808
894,0.000246951
895,0.00209342
896,0.00268583
897,0.00168459
898,-0.000374213
899,-0.0023629
900,-0.00317145
901,-0.00231384
902,-0.00020093
903,0.00207339
904,0.00332101
905,0.00290494
906,0.00108742
907,-0.00111338
908,-0.0024832
909,-0.00228217
910,-0.000655129
911,0.00144829
912,0.00280322
913,0.00259671
914,0.000889224
915,-0.00141057
916,-0.00304786
917,-0.00312249
918,-0.00159519
919,0.000687629
920,0.00246842
921,0.00278673
922,0.00152084
923,-0.00054626
924,-0.002177
925,-0.00239088
926,-0.00103134
927,0.00113888
928,0.00287215
929,0.00315326
930,0.00178744
931,-0.000481825
932,-0.00239674
933,-0.00290836
934,-0.00178076
935,0.000275816
936,0.00202265
937,0.00241942
938,0.00123574
939,-0.000812237
940,-0.00248309
941,-0.00274376
942,-0.00138414
943,0.000851886
944,0.00269925
945,0.00311525
946,0.00189409
947,-0.000213459
948,-0.00194837
949,-0.00229458
950,-0.00108493
951,0.000901388
952,0.00241051
953,0.00247283
954,0.000993184
955,-0.00118519
956,-0.00278399
957,-0.0028589
958,-0.0013697
959,0.000795036
960,0.00235577
961,0.00241695
962,0.00100788
963,-0.000941138
964,-0.0021741
965,-0.00188467
966,-0.000216018
967,0.00182346
968,0.00297873
969,0.00252154
970,0.000701624
971,-0.00140435
972,-0.00255449
973,-0.00210564
974,-0.000405933
975,0.00142857
976,0.00221481
977,0.00144464
978,-0.000396011
979,-0.00213175
980,-0.00263654
981,-0.001544
982,0.000517732
983,0.00231572
984,0.00278297
985,0.00168523
986,-0.000237219
987,-0.00174284
988,-0.00187817
989,-0.000582653
990,0.00127579
991,0.00245778
992,0.00214787
993,0.000480686
994,-0.00153939
995,-0.00267528
996,-0.00224428
997,-0.000551227
998,0.00131075
999,0.00216432
1000,0.00150415
1001,-0.000182098
1002,-0.00173545
1003,-0.00208225
1004,-0.00093583
1005,0.00101225
1006,0.00253676
1007,0.00267159
1008,0.00133565
1009,-0.000615743
1010,-0.00194805
1011,-0.00185031
1012,-0.000459175
1013,0.0012386
1014,0.00206115
1015,0.00141403
1016,-0.00031445
1017,-0.002006
1018,-0.00254773
1019,-0.00156577
1020,0.000327093
1021,0.00193399
1022,0.00226122
1023,0.00116939
1024,-0.000542721
1025,-0.00167696
1026,-0.00143865
1027,3.11471e-05
1028,0.00174919
1029,0.00254733
1030,0.00185498
1031,8.33185e-05
1032,-0.00164624
1033,-0.00224811
1034,-0.00139342
1035,0.000277641
1036,0.00159421
1037,0.00164825
1038,0.000408074
1039,-0.00126208
1040,-0.00218982
1041,-0.00169196
1042,-4.16744e-05
1043,0.00171187
1044,0.00244951
1045,0.00173524
1046,0.000105198
1047,-0.00130354
1048,-0.00153107
1049,-0.000448908
1050,0.00115611
1051,0.0021255
1052,0.00172803
1053,0.000166424
1054,-0.00155615
1055,-0.00231874
1056,-0.0016465
1057,-3.12734e-05
1058,0.00141116
1059,0.00171081
1060,0.000709484
1061,-0.000836113
1062,-0.00178491
1063,-0.00140806
1064,0.000100386
1065,0.00175295
1066,0.00244914
1067,0.00173482
1068,0.000113603
1069,-0.0013058
1070,-0.00158049
1071,-0.000585426
1072,0.000907449
1073,0.00177741
1074,0.00134629
1075,-0.000141234
1076,-0.00168508
1077,-0.00222787
1078,-0.00139416
1079,0.000247753
1080,0.00158524
1081,0.00174071
1082,0.000682779
1083,-0.000760787
1084,-0.00149631
1085,-0.000943941
1086,0.000547668
1087,0.00194541
1088,0.00226178
1089,0.00125398
1090,-0.000403442
1091,-0.00159471
1092,-0.00154984
1093,-0.000383642
1094,0.000995624
1095,0.00154177
1096,0.000822378
1097,-0.000669845
1098,-0.00186836
1099,-0.00189555
1100,-0.000691552
1101,0.000940581
1102,0.00190572
1103,0.00159449
1104,0.000311096
1105,-0.000954837
1106,-0.00124702
1107,-0.000334257
1108,0.0011228
1109,0.00204957
1110,0.00173506
1111,0.000347942
1112,-0.00118139
1113,-0.00182747
1114,-0.00120329
1115,0.000168979
1116,0.00124497
1117,0.0012208
1118,0.000117724
1119,-0.00123552
1120,-0.00180903
1121,-0.00112517
1122,0.000389414
1123,0.00170941
1124,0.00195128
1125,0.00100924
1126,-0.000376286
1127,-0.00116613
1128,-0.000784826
1129,0.00046001
1130,0.00160755
1131,0.0017536
1132,0.000719182
1133,-0.000813051
1134,-0.00179441
1135,-0.00157355
1136,-0.000366961
1137,0.000907882
1138,0.00131213
1139,0.000576529
1140,-0.000704845
1141,-0.00151965
1142,-0.00119154
1143,0.000113827
1144,0.00150549
1145,0.00202066
1146,0.00133142
1147,-1.91382e-05
1148,-0.00102547
1149,-0.000967758
1150,5.76726e-05
1151,0.00121878
1152,0.00157554
1153,0.000785388
1154,-0.000637615
1155,-0.00170001
1156,-0.0016616
1157,-0.000580943
1158,0.000730988
1159,0.00131647
1160,0.0007867
1161,-0.000389911
1162,-0.00124756
1163,-0.00106102
1164,0.000100428
1165,0.00142476
1166,0.00196972
1167,0.00136412
1168,7.16295e-05
1169,-0.00096528
1170,-0.00102338
1171,-0.000125585
1172,0.000980313
1173,0.00137761
1174,0.00067614
1175,-0.000667965
1176,-0.00167558
1177,-0.00159463
1178,-0.000494922
1179,0.000786255
1180,0.00131402
1181,0.000783294
1182,-0.000288617
1183,-0.00101249
1184,-0.000803791
1185,0.000229712
1186,0.00139449
1187,0.00187618
1188,0.00128524
1189,-1.93249e-05
1190,-0.00109889
1191,-0.00111953
1192,-9.07223e-05
1193,0.00105205
1194,0.00124553
1195,0.000284627
1196,-0.00100494
1197,-0.00158935
1198,-0.00114632
1199,-0.000155985
1200,0.000716761
1201,0.00109378
1202,0.000846674
1203,3.52099e-05
1204,-0.000856942
1205,-0.000948717
1206,0.000218961
1207,0.00182499
1208,0.0022614
1209,0.000885162
1210,-0.00101651
1211,-0.00154474
1212,-0.000398099
1213,0.000845539
1214,0.000807497
1215,-4.34092e-05
1216,-0.000403485
1217,-0.000201145
1218,-0.000512181
1219,-0.00140455
1220,-0.00126805
1221,0.000759946
1222,0.00270812
1223,0.00182539
1224,-0.0013432
1225,-0.00286085
1226,-0.000410306
1227,0.00314924
1228,0.00322001
1229,-0.000228041
1230,-0.00243077
1231,-0.000547755
1232,0.00214056
1233,0.00107728
1234,-0.00240986
1235,-0.00263593
1236,0.00163102
1237,0.00423767
1238,0.000271501
1239,-0.00565602
1240,-0.00475613
1241,0.00304315
1242,0.00751741
1243,0.00202419
1244,-0.00621171
1245,-0.0054183
1246,0.00370114
1247,0.00810916
1248,0.00109061
1249,-0.00719479
1250,-0.00400492
1251,0.00652947
1252,0.00823549
1253,-0.00307214
1254,-0.0115906
1255,-0.00368574
1256,0.0107162
1257,0.0105339
1258,-0.00563664
1259,-0.0153619
1260,-0.00377108
1261,0.0136744
1262,0.0119722
1263,-0.00696706
1264,-0.015696
1265,-0.000777701
1266,0.0164508
1267,0.0101354
1268,-0.0114008
1269,-0.0163101
1270,0.00399819
1271,0.0204051
1272,0.00763921
1273,-0.0174547
1274,-0.0185751
1275,0.00710476
1276,0.0231584
1277,0.0059405
1278,-0.0203615
1279,-0.0179111
1280,0.00986807
1281,0.0228899
1282,0.0026254
1283,-0.0209063
1284,-0.0131317
1285,0.0144524
1286,0.0213154
1287,-0.00255865
1288,-0.0221515
1289,-0.0089035
1290,0.0177363
1291,0.0191886
1292,-0.00622592
1293,-0.0219213
1294,-0.00659168
1295,0.0164136
1296,0.0147132
1297,-0.00706662
1298,-0.0169566
1299,-0.00289156
1300,0.0127035
1301,0.00834817
1302,-0.00668503
1303,-0.00972782
1304,0.00151402
1305,0.00907208
1306,0.00342901
1307,-0.00484262
1308,-0.00415144
1309,0.00178359
1310,0.00350385
1311,0.00106609
1312,0.000232848
1313,0.000466417
1314,-0.00231051
1315,-0.00480869
1316,-0.000264156
1317,0.00728847
1318,0.00545393
1319,-0.00628203
1320,-0.011458
1321,-0.000197852
1322,0.0129281
1323,0.00810713
1324,-0.00899802
1325,-0.0132064
1326,0.00284935
1327,0.0159858
1328,0.00618455
1329,-0.0126354
1330,-0.0124258
1331,0.00694816
1332,0.0168705
1333,0.00239884
1334,-0.0155408
1335,-0.0112733
1336,0.00820712
1337,0.0147438
1338,0.000395876
1339,-0.0131023
1340,-0.00779575
1341,0.00623166
1342,0.00913606
1343,0.000124872
1344,-0.00572773
1345,-0.00202867
1346,0.00276132
1347,0.00215656
1348,0.000376163
1349,0.00132146
1350,0.00109856
1351,-0.00247683
1352,-0.00315085
1353,0.00263383
1354,0.00625069
1355,-0.000518905
1356,-0.00931329
1357,-0.00537589
1358,0.00797471
1359,0.0108829
1360,-0.00313229
1361,-0.0144871
1362,-0.00529761
1363,0.0125496
1364,0.0133902
1365,-0.00422367
1366,-0.0149069
1367,-0.00379923
1368,0.01222
1369,0.010506
1370,-0.00463619
1371,-0.010774
1372,-0.00119304
1373,0.00801902
1374,0.00442662
1375,-0.00408769
1376,-0.0049436
1377,0.000287656
1378,0.00234504
1379,0.000335032
1380,-0.000120742
1381,0.000763648
1382,-0.0014474
1383,-0.00402696
1384,3.11062e-05
1385,0.00739838
1386,0.00591181
1387,-0.00528798
1388,-0.0102392
1389,0.00061998
1390,0.0130223
1391,0.00800465
1392,-0.00871305
1393,-0.0133854
1394,0.000732082
1395,0.0129931
1396,0.00604452
1397,-0.00899494
1398,-0.0103852
1399,0.00212983
1400,0.00938561
1401,0.00262578
1402,-0.00589786
1403,-0.00424584
1404,0.00253673
1405,0.00400507
1406,0.00075278
1407,-0.000466067
1408,0.000230911
1409,-0.00123147
1410,-0.00229782
1411,0.00192792
1412,0.00657192
1413,0.00216067
1414,-0.00780395
1415,-0.00828127
1416,0.00392724
1417,0.011828
1418,0.00248231
1419,-0.0117573
1420,-0.0100942
1421,0.00549396
1422,0.0127746
1423,0.00226179
1424,-0.00966622
1425,-0.00636555
1426,0.00537648
1427,0.00824965
1428,0.000509124
1429,-0.0048818
1430,-0.00197382
1431,0.00195487
1432,0.0013911
1433,0.00016344
1434,0.00108295
1435,9.56383e-05
1436,-0.00379446
1437,-0.00350271
1438,0.00352354
1439,0.00712897
1440,-0.0006573
1441,-0.00995064
1442,-0.00565637
1443,0.00803478
1444,0.0114223
1445,-0.00118797
1446,-0.0116977
1447,-0.00487874
1448,0.00902052
1449,0.010247
1450,-0.00142683
1451,-0.00865324
1452,-0.003349
1453,0.00414099
1454,0.00380288
1455,-0.000548688
1456,-0.0017033
1457,-0.000986304
1458,-0.0019416
1459,-0.00153203
1460,0.00287253
1461,0.00498966
1462,-0.000950663
1463,-0.00746803
1464,-0.00317532
1465,0.00756405
1466,0.00857994
1467,-0.00296708
1468,-0.0101916
1469,-0.00167138
1470,0.0103287
1471,0.00806574
1472,-0.00495211
1473,-0.0100415
1474,-0.00152171
1475,0.00688914
1476,0.00443692
1477,-0.00263439
1478,-0.00427055
1479,-0.00140511
1480,0.000173854
1481,0.00098314
1482,0.00337814
1483,0.00332425
1484,-0.00257286
1485,-0.00704616
1486,-0.00131431
1487,0.00852313
1488,0.00771544
1489,-0.00400242
1490,-0.0097431
1491,-0.000662787
1492,0.00977219
1493,0.00601488
1494,-0.00603856
1495,-0.00883349
1496,0.000179814
1497,0.00668349
1498,0.00260927
1499,-0.00374131
1500,-0.00343387
1501,0.000392594
1502,0.00146203
1503,0.00113135
1504,0.00234879
1505,0.00168311
1506,-0.00323384
1507,-0.00539512
1508,0.00141278
1509,0.00918434
1510,0.00529091
1511,-0.0066106
1512,-0.00948022
1513,0.00146295
1514,0.010358
1515,0.00427334
1516,-0.00756719
1517,-0.00850953
1518,0.000983636
1519,0.0065723
1520,0.00262542
1521,-0.00241392
1522,-0.00215122
1523,-0.00028009
1524,-0.000273445
1525,0.000822495
1526,0.00367853
1527,0.00257338
1528,-0.00350945
1529,-0.00539509
1530,0.00208473
1531,0.00882026
1532,0.0034401
1533,-0.0075369
1534,-0.00800445
1535,0.00286846
1536,0.00882594
1537,0.00139901
1538,-0.007768
1539,-0.00567534
1540,0.0031384
1541,0.00599373
1542,0.00141061
1543,-0.00225742
1544,-0.00185909
1545,-0.00121464
1546,-0.000762893
1547,0.00256699
1548,0.00574425
1549,0.00194369
1550,-0.00590208
1551,-0.00597137
1552,0.00375075
1553,0.00945295
1554,0.00164065
1555,-0.00915628
1556,-0.00754281
1557,0.00356553
1558,0.00808424
1559,0.00120384
1560,-0.00545564
1561,-0.00336671
1562,0.00181523
1563,0.00249964
1564,0.00062766
1565,0.000567352
1566,0.000356219
1567,-0.00208987
1568,-0.00209351
1569,0.00333876
1570,0.00680393
1571,0.000885704
1572,-0.00753044
1573,-0.00563727
1574,0.0046856
1575,0.00813974
1576,-0.000651893
1577,-0.00861221
1578,-0.00438697
1579,0.0049794
1580,0.00626709
1581,-0.000285628
1582,-0.00435955
1583,-0.00245283
1584,0.000181625
1585,0.00118468
1586,0.00300107
1587,0.00416267
1588,0.000243773
1589,-0.00545989
1590,-0.00373161
1591,0.00493193
1592,0.00788161
1593,-0.000711906
1594,-0.00911122
1595,-0.00499787
1596,0.00555295
1597,0.00746293
1598,-0.000695566
1599,-0.00633881
1600,-0.00302724
1601,0.00210364
1602,0.00230944
1603,0.000482289
1604,0.000536536
1605,0.000207999
1606,-0.00185565
1607,-0.00107466
1608,0.00395865
1609,0.00557385
1610,-0.00114437
1611,-0.00760448
1612,-0.00336906
1613,0.00637447
1614,0.00730217
1615,-0.00206609
1616,-0.00801541
1617,-0.00277234
1618,0.00473729
1619,0.00412508
1620,-0.00156776
1621,-0.0036054
1622,-0.00137462
1623,0.000361517
1624,0.0013937
1625,0.00365975
1626,0.00379203
1627,-0.00162328
1628,-0.00655803
1629,-0.00245507
1630,0.00660141
1631,0.00749151
1632,-0.0018771
1633,-0.00819545
1634,-0.00272144
1635,0.00572378
1636,0.00503263
1637,-0.00233788
1638,-0.00541575
1639,-0.00190257
1640,0.00146446
1641,0.00173173
1642,0.00189313
1643,0.00200467
1644,-0.000968646
1645,-0.00436137
1646,-0.00163367
1647,0.005238
1648,0.0059413
1649,-0.00183622
1650,-0.00680581
1651,-0.0010714
1652,0.00687185
1653,0.00503297
1654,-0.00366979
1655,-0.00676878
1656,-0.00141417
1657,0.00347957
1658,0.00254214
1659,-7.84319e-05
1660,-0.000733466
1661,-0.00145315
1662,-0.00257577
1663,-0.000263252
1664,0.00457023
1665,0.00432212
1666,-0.00267432
1667,-0.00647217
1668,-6.75509e-05
1669,0.00809424
1670,0.00589611
1671,-0.00379529
1672,-0.00753391
1673,-0.00150109
1674,0.00453081
1675,0.00342941
1676,-0.000577595
1677,-0.00188125
1678,-0.0017104
1679,-0.00200694
1680,-0.000329109
1681,0.00341817
1682,0.00333464
1683,-0.00252253
1684,-0.00584314
1685,-5.14267e-05
1686,0.00754269
1687,0.00559073
1688,-0.00347125
1689,-0.00675288
1690,-0.000513851
1691,0.00529342
1692,0.00333493
1693,-0.00146547
1694,-0.00233668
1695,-0.00074537
1696,-0.000499626
1697,-0.000195975
1698,0.00173157
1699,0.00152311
1700,-0.00278008
1701,-0.00484107
1702,0.00064156
1703,0.00705053
1704,0.00438032
1705,-0.00441505
1706,-0.00674501
1707,0.000520065
1708,0.00667246
1709,0.0039632
1710,-0.00200585
1711,-0.003118
1712,-0.000493278
1713,0.000782505
1714,0.000819839
1715,0.0015606
1716,0.00065406
1717,-0.00332982
1718,-0.00483602
1719,0.000678676
1720,0.00675428
1721,0.00387527
1722,-0.00491847
1723,-0.00717179
1724,0.000280875
1725,0.00675515
1726,0.00428016
1727,-0.00170289
1728,-0.00289358
1729,-0.000215186
1730,0.00109823
1731,0.000986729
1732,0.00164192
1733,0.00103862
1734,-0.00253451
1735,-0.00422001
1736,0.000400815
1737,0.00567188
1738,0.00289501
1739,-0.00506498
1740,-0.00670051
1741,0.000537062
1742,0.00627735
1743,0.00333029
1744,-0.00242233
1745,-0.0028892
1746,0.000419811
1747,0.00179205
1748,0.00118956
1749,0.00136985
1750,0.000926611
1751,-0.00188945
1752,-0.00302512
1753,0.00120816
1754,0.00541474
1755,0.00194278
1756,-0.00570339
1757,-0.00649756
1758,0.00114489
1759,0.00650008
1760,0.00283061
1761,-0.0033988
1762,-0.00386992
1763,-0.000133857
1764,0.00189964
1765,0.00178435
1766,0.00190445
1767,0.00100649
1768,-0.00205725
1769,-0.0029452
1770,0.00164682
1771,0.00589379
1772,0.0022794
1773,-0.00536817
1774,-0.00614104
1775,0.00124767
1776,0.00624968
1777,0.00255017
1778,-0.00349889
1779,-0.00411376
1780,-0.000850349
1781,0.00105473
1782,0.00147369
1783,0.0022075
1784,0.00136239
1785,-0.00206479
1786,-0.00322458
1787,0.00131878
1788,0.00568731
1789,0.00254446
1790,-0.00432707
1791,-0.00476036
1792,0.00191872
1793,0.0057716
1794,0.00171612
1795,-0.00369523
1796,-0.00369723
1797,-0.000546763
1798,0.000933133
1799,0.00115805
1800,0.00177514
1801,0.000687535
1802,-0.00274373
1803,-0.00344824
1804,0.00146276
1805,0.00565506
1806,0.00231319
1807,-0.00412586
1808,-0.00393749
1809,0.00264058
1810,0.00581331
1811,0.00148731
1812,-0.00354646
1813,-0.00326569
1814,-0.000248852
1815,0.00120241
1816,0.00162219
1817,0.00193978
1818,-0.000121345
1819,-0.00415127
1820,-0.00428673
1821,0.00163271
1822,0.00613357
1823,0.00244161
1824,-0.00427516
1825,-0.00422277
1826,0.00207425
1827,0.00525656
1828,0.00179424
1829,-0.00221177
1830,-0.00202972
1831,-0.000108387
1832,0.000747794
1833,0.00166796
1834,0.0024854
1835,5.48037e-05
1836,-0.00455512
1837,-0.004643
1838,0.00158662
1839,0.00601038
1840,0.00213431
1841,-0.00445414
1842,-0.00445015
1843,0.00121929
1844,0.00409993
1845,0.00163136
1846,-0.000948583
1847,-0.000648414
1848,5.87604e-05
1849,6.54097e-05
1850,0.00134952
1851,0.0028297
1852,0.000561873
1853,-0.00397573
1854,-0.0038154
1855,0.00214375
1856,0.00555744
1857,0.00103244
1858,-0.00509455
1859,-0.0044316
1860,0.00107195
1861,0.00356093
1862,0.00146842
1863,-0.000537617
1864,-0.000634566
1865,-0.00082794
1866,-0.000717513
1867,0.00169873
1868,0.00383598
1869,0.00119648
1870,-0.00369297
1871,-0.00330481
1872,0.00265044
1873,0.00543677
1874,0.000594511
1875,-0.0050337
1876,-0.00402641
1877,0.000987885
1878,0.00307631
1879,0.00144899
1880,-0.000238528
1881,-0.00124278
1882,-0.00251041
1883,-0.00187594
1884,0.00224687
1885,0.00521992
1886,0.00190001
1887,-0.003889
1888,-0.00373204
1889,0.0022614
1890,0.00523592
1891,0.00125028
1892,-0.00335937
1893,-0.00268374
1894,0.000625292
1895,0.00169122
1896,0.000888012
1897,0.000336348
1898,-0.000960162
1899,-0.00323034
1900,-0.00263797
1901,0.00222479
1902,0.00535227
1903,0.00153892
1904,-0.00436779
1905,-0.00392201
1906,0.00201537
1907,0.00493272
1908,0.00182841
1909,-0.00165896
1910,-0.00140297
1911,0.000111397
1912,0.000334906
1913,0.000671929
1914,0.00146726
1915,2.8918e-05
1916,-0.00314786
1917,-0.00289648
1918,0.00188754
1919,0.00447418
1920,0.00035222
1921,-0.0047975
1922,-0.00344071
1923,0.00228517
1924,0.00450825
1925,0.00162516
1926,-0.00117906
1927,-0.00125031
1928,-0.00065774
1929,-9.10978e-05
1930,0.00185419
1931,0.00334782
1932,0.000766469
1933,-0.00373109
1934,-0.00354242
1935,0.00171278
1936,0.00433478
1937,0.00030161
1938,-0.0043203
1939,-0.00302135
1940,0.00153954
1941,0.00298751
1942,0.00096502
1943,-0.000652273
1944,-0.0010203
1945,-0.00142356
1946,-0.000515702
1947,0.00285033
1948,0.00470178
1949,0.000960413
1950,-0.0044226
1951,-0.00386308
1952,0.00205239
1953,0.00492992
1954,0.00123961
1955,-0.0031418
1956,-0.00287204
1957,-0.000220846
1958,0.000808943
1959,0.000712219
1960,0.000924816
1961,-1.24341e-05
1962,-0.00225197
1963,-0.0019548
1964,0.00218658
1965,0.00465067
1966,0.001059
1967,-0.00385505
1968,-0.00285596
1969,0.00252277
1970,0.0045746
1971,0.00124506
1972,-0.00213706
1973,-0.00215521
1974,-0.000923696
1975,-0.000154924
1976,0.00121281
1977,0.00231493
1978,0.000213111
1979,-0.00363233
1980,-0.00345498
1981,0.00153942
1982,0.00451011
1983,0.00125122
1984,-0.00306255
1985,-0.00213625
1986,0.00192843
1987,0.00308796
1988,0.000903707
1989,-0.000645495
1990,-0.000585919
1991,-0.00072824
1992,-0.000468979
1993,0.00163543
1994,0.00287896
1995,-0.000204644
1996,-0.00451034
1997,-0.00356073
1998,0.00202101
1999,0.00454319
2000,0.000845776
2001,-0.00330012
2002,-0.002626
2003,0.000550022
2004,0.0019036
2005,0.00164267
2006,0.00146072
2007,0.000381091
2008,-0.00179902
2009,-0.00171944
2010,0.00188318
2011,0.00404895
2012,0.000701449
2013,-0.00389596
2014,-0.00307882
2015,0.00174477
2016,0.00344698
2017,0.000240484
2018,-0.00272185
2019,-0.00221483
2020,-0.000449854
2021,0.000624731
2022,0.00182842
2023,0.00249274
2024,0.000231428
2025,-0.00326681
2026,-0.00261452
2027,0.00253963
2028,0.00533927
2029,0.00173245
2030,-0.00314589
2031,-0.00295018
2032,0.000710415
2033,0.00224268
2034,0.000852482
2035,-0.000385191
2036,-0.000843242
2037,-0.00172045
2038,-0.00166066
2039,0.000894574
2040,0.00290167
2041,0.000566395
2042,-0.00333073
2043,-0.00261034
2044,0.00230295
2045,0.00447956
2046,0.00118071
2047,-0.0024073
2048,-0.00182527
2049,0.000736807
2050,0.00173517
2051,0.00155486
2052,0.0012888
2053,-0.000318617
2054,-0.00295631
2055,-0.00279462
2056,0.00124571
2057,0.00385627
2058,0.000876297
2059,-0.0036013
2060,-0.00320496
2061,0.000997671
2062,0.00288814
2063,0.000976616
2064,-0.000779772
2065,-0.000448432
2066,6.91445e-05
2067,0.00020443
2068,0.00139988
2069,0.00247932
2070,0.0005452
2071,-0.00279337
2072,-0.00236074
2073,0.00197168
2074,0.00389611
2075,0.000289836
2076,-0.00378399
2077,-0.00303938
2078,0.000504018
2079,0.00201981
2080,0.00115184
2081,0.000233416
2082,-0.000666981
2083,-0.00198596
2084,-0.00146748
2085,0.0020032
2086,0.00432718
2087,0.00158212
2088,-0.00288306
2089,-0.00275694
2090,0.00148319
2091,0.00349185
2092,0.000982246
2093,-0.00177353
2094,-0.00162961
2095,-0.000418638
2096,7.30746e-07
2097,0.000577245
2098,0.00122216
2099,-0.000204755
2100,-0.00285317
2101,-0.00233861
2102,0.00194145
2103,0.00429521
2104,0.00113814
2105,-0.00304143
2106,-0.00248352
2107,0.00137432
2108,0.0031707
2109,0.00182409
2110,0.000167945
2111,-0.000803567
2112,-0.00181082
2113,-0.00156667
2114,0.00114474
2115,0.0032141
2116,0.000857919
2117,-0.00343066
2118,-0.0035912
2119,0.000624049
2120,0.00315746
2121,0.0010847
2122,-0.00163594
2123,-0.00133062
2124,0.000371559
2125,0.000976268
2126,0.00117563
2127,0.00163129
2128,0.000656856
2129,-0.00166761
2130,-0.00172359
2131,0.00162814
2132,0.003662
2133,0.000719993
2134,-0.00343001
2135,-0.00311031
2136,0.000656421
2137,0.0024435
2138,0.000860242
2139,-0.000912072
2140,-0.00130669
2141,-0.00141255
2142,-0.000894315
2143,0.00141979
2144,0.00334711
2145,0.0014888
2146,-0.0023375
2147,-0.0025901
2148,0.0013355
2149,0.00375477
2150,0.00149402
2151,-0.00166497
2152,-0.00165824
2153,8.99276e-05
2154,0.000610439
2155,0.000304446
2156,0.000395951
2157,-0.000265484
2158,-0.00203779
2159,-0.00202014
2160,0.00108309
2161,0.00322485
2162,0.000809362
2163,-0.00290391
2164,-0.00238873
2165,0.00158148
2166,0.00350331
2167,0.00166251
2168,-0.000562801
2169,-0.00102862
2170,-0.000843163
2171,-0.000341989
2172,0.00139198
2173,0.00271517
2174,0.00065998
2175,-0.00318671
2176,-0.00353278
2177,0.000453327
2178,0.0032294
2179,0.00123976
2180,-0.00201957
2181,-0.00211375
2182,-2.0224e-05
2183,0.00108706
2184,0.00112755
2185,0.00130114
2186,0.000703068
2187,-0.00110335
2188,-0.00141583
2189,0.00130781
2190,0.00342891
2191,0.00119209
2192,-0.0026942
2193,-0.00277229
2194,0.000702533
2195,0.00253513
2196,0.00078162
2197,-0.00139409
2198,-0.00172838
2199,-0.00127765
2200,-0.000594205
2201,0.00118517
2202,0.00270017
2203,0.00108626
2204,-0.00241489
2205,-0.00275947
2206,0.00115021
2207,0.00407208
2208,0.00223314
2209,-0.00126035
2210,-0.0018913
2211,-0.000211102
2212,0.000768394
2213,0.000781467
2214,0.000889481
2215,0.00018314
2216,-0.00184461
2217,-0.00250183
2218,7.4611e-05
2219,0.00260884
2220,0.00115495
2221,-0.00222409
2222,-0.00237664
2223,0.000824557
2224,0.00269122
2225,0.00132208
2226,-0.000420463
2227,-0.0005249
2228,-0.000172011
2229,5.60346e-05
2230,0.00122587
2231,0.00237694
2232,0.000808119
2233,-0.00255929
2234,-0.00307053
2235,0.00043319
2236,0.00308102
2237,0.0012561
2238,-0.00208855
2239,-0.00254264
2240,-0.000586233
2241,0.00077391
2242,0.00111234
2243,0.00138971
2244,0.000770059
2245,-0.0011813
2246,-0.0017981
2247,0.00079799
2248,0.00341011
2249,0.00201661
2250,-0.00157782
2251,-0.00230214
2252,0.000295968
2253,0.00192597
2254,0.000688655
2255,-0.000898881
2256,-0.00106992
2257,-0.000933798
2258,-0.000865892
2259,0.000347654
2260,0.00180967
2261,0.000761706
2262,-0.00210953
2263,-0.00240224
2264,0.00105775
2265,0.00366576
2266,0.00195652
2267,-0.00126579
2268,-0.00177318
2269,1.14255e-05
2270,0.00122518
2271,0.0013922
2272,0.0013167
2273,0.000209558
2274,-0.00210196
2275,-0.00277493
2276,2.84173e-06
2277,0.00285524
2278,0.0016019
2279,-0.00205181
2280,-0.00295962
2281,-0.000337982
2282,0.00182405
2283,0.00143773
2284,0.000391233
2285,5.62854e-05
2286,-0.000375421
2287,-0.000649748
2288,0.000713225
2289,0.00254632
2290,0.00165383
2291,-0.00153016
2292,-0.00254779
2293,0.000153846
2294,0.00246987
2295,0.00107779
2296,-0.00167286
2297,-0.00212448
2298,-0.000692489
2299,0.000300199
2300,0.000729741
2301,0.00119345
2302,0.000526702
2303,-0.00154783
2304,-0.0020962
2305,0.000749085
2306,0.003648
2307,0.00246188
2308,-0.00120214
2309,-0.00238104
2310,-0.000206279
2311,0.00171661
2312,0.00143698
2313,0.00042947
2314,-0.000350574
2315,-0.00147651
2316,-0.00205814
2317,-0.000369385
2318,0.00206897
2319,0.0016021
2320,-0.00151757
2321,-0.00275514
2322,-0.00026106
2323,0.00229586
2324,0.00172033
2325,-0.000199959
2326,-0.000577731
2327,0.000135323
2328,0.000397323
2329,0.000719776
2330,0.00151987
2331,0.00105782
2332,-0.00122498
2333,-0.00231084
2334,-0.000111393
2335,0.00236442
2336,0.00128599
2337,-0.00186529
2338,-0.00268496
2339,-0.000596832
2340,0.00117569
2341,0.00113818
2342,0.000610601
2343,0.000106386
2344,-0.00095382
2345,-0.00135561
2346,0.000629084
2347,0.00314323
2348,0.00242787
2349,-0.00103398
2350,-0.00257478
2351,-0.000381828
2352,0.00199255
2353,0.00150502
2354,-0.000323767
2355,-0.00107483
2356,-0.00107893
2357,-0.00113155
2358,-0.000314805
2359,0.00131442
2360,0.00131777
2361,-0.00100764
2362,-0.00233154
2363,-0.000241218
2364,0.00249304
2365,0.00209649
2366,-0.000381507
2367,-0.00122842
2368,7.2821e-05
2369,0.00111972
2370,0.00107423
2371,0.0008824
2372,0.000310331
2373,-0.00124286
2374,-0.0020288
2375,-0.000164915
2376,0.00222063
2377,0.00138051
2378,-0.00189532
2379,-0.00300338
2380,-0.000552632
2381,0.00185705
2382,0.00157717
2383,0.000197798
2384,-0.000309569
2385,-0.000467504
2386,-0.000641087
2387,0.000445049
2388,0.00244153
2389,0.00239096
2390,-0.000514703
2391,-0.00262787
2392,-0.001085
2393,0.00171995
2394,0.00193375
2395,-0.000177915
2396,-0.00164899
2397,-0.0015002
2398,-0.000749949
2399,0.000266621
2400,0.00134837
2401,0.00102099
2402,-0.00105913
2403,-0.00207915
2404,9.48299e-05
2405,0.0027983
2406,0.002146
2407,-0.000770109
2408,-0.00159224
2409,0.000386643
2410,0.00169867
2411,0.000787833
2412,-0.000185777
2413,-4.49367e-05
2414,-0.000363601
2415,-0.00144259
2416,-0.00104385
2417,0.00112148
2418,0.00181078
2419,-0.000556979
2420,-0.00277736
2421,-0.00160391
2422,0.00140274
2423,0.0025609
2424,0.00118055
2425,-0.000651964
2426,-0.00136686
2427,-0.000629712
2428,0.00130049
2429,0.00282172
2430,0.00169218
2431,-0.001455
2432,-0.00270973
2433,-0.000312767
2434,0.00221575
2435,0.00125636
2436,-0.00138068
2437,-0.00176453
2438,-0.000189666
2439,0.000220531
2440,-0.000583872
2441,-7.71375e-05
2442,0.00138532
2443,0.000873995
2444,-0.00131372
2445,-0.00137945
2446,0.00146243
2447,0.00309815
2448,0.00098444
2449,-0.00180301
2450,-0.00147813
2451,0.000986366
2452,0.00207401
2453,0.000801213
2454,-0.00105698
2455,-0.00189633
2456,-0.00126481
2457,0.00044987
2458,0.00165751
2459,0.000643249
2460,-0.00166456
2461,-0.00212924
2462,8.54087e-05
2463,0.00199777
2464,0.00138272
2465,-4.24274e-05
2466,-9.61841e-05
2467,0.000298332
2468,-0.000206639
2469,-0.0001858
2470,0.00154092
2471,0.00241984
2472,-2.96433e-05
2473,-0.00303925
2474,-0.00209628
2475,0.00165098
2476,0.00271456
2477,-0.000296614
2478,-0.00282744
2479,-0.00169173
2480,0.000730986
2481,0.00124086
2482,0.00039307
2483,7.01422e-05
2484,7.75813e-05
2485,-0.000289477
2486,-0.000122045
2487,0.0011348
2488,0.00185287
2489,0.000704273
2490,-0.000894892
2491,-0.000927917
2492,0.000263534
2493,0.00099635
2494,0.000686907
2495,-0.00027007
2496,-0.00142992
2497,-0.00179029
2498,-0.000310163
2499,0.00176483
2500,0.00149502
2501,-0.00123754
2502,-0.0025838
2503,-0.000285026
2504,0.00254714
2505,0.0021366
2506,-0.000237793
2507,-0.000891699
2508,0.000247841
2509,0.000580268
2510,5.94326e-05
2511,0.000683013
2512,0.00168603
2513,0.000342704
2514,-0.00244076
2515,-0.00247664
2516,0.000817028
2517,0.0027716
2518,0.000539517
2519,-0.00256448
2520,-0.00233495
2521,0.000356981
2522,0.00185592
2523,0.00118038
2524,7.92722e-05
2525,-0.000381042
2526,-0.000371056
2527,0.000203095
2528,0.00125709
2529,0.00160426
2530,0.000506069
2531,-0.000815211
2532,-0.000872629
2533,-3.17701e-05
2534,0.000496898
2535,0.000462369
2536,3.12674e-05
2537,-0.000948191
2538,-0.00175511
2539,-0.000827175
2540,0.00138375
2541,0.00187882
2542,-0.000440612
2543,-0.00226438
2544,-0.000618523
2545,0.00225859
2546,0.0023232
2547,2.76704e-05
2548,-0.000945808
2549,0.000116945
2550,0.00064027
2551,6.51552e-06
2552,0.000247619
2553,0.00129108
2554,0.000472341
2555,-0.00211585
2556,-0.00259987
2557,0.000371062
2558,0.00269245
2559,0.000943119
2560,-0.00226817
2561,-0.00243301
2562,0.000262046
2563,0.0020819
2564,0.00149048
2565,0.000190409
2566,-0.000385083
2567,-0.000376585
2568,9.24424e-05
2569,0.00105877
2570,0.00157706
2571,0.000669642
2572,-0.000841775
2573,-0.00126817
2574,-0.000425683
2575,0.000461609
2576,0.000618229
2577,7.77089e-05
2578,-0.000936666
2579,-0.0016176
2580,-0.000750975
2581,0.00121091
2582,0.00177664
2583,-4.5333e-05
2584,-0.00160903
2585,-0.000410037
2586,0.00182081
2587,0.00183312
2588,6.54756e-05
2589,-0.000513849
2590,0.000372723
2591,0.000410344
2592,-0.000517782
2593,-0.000164897
2594,0.00123328
2595,0.000677411
2596,-0.00194624
2597,-0.00265153
2598,0.000191469
2599,0.00258873
2600,0.00101161
2601,-0.00203306
2602,-0.00209788
2603,0.000501173
2604,0.00202616
2605,0.00129105
2606,0.000274037
2607,1.31636e-05
2608,-0.000247504
2609,-0.000386479
2610,0.000564231
2611,0.00177678
2612,0.00118296
2613,-0.00101911
2614,-0.00215045
2615,-0.000884748
2616,0.000985249
2617,0.001244
2618,-0.000111299
2619,-0.0014919
2620,-0.00156767
2621,-0.000191693
2622,0.00141782
2623,0.00154062
2624,3.80843e-05
2625,-0.00103622
2626,-0.000165432
2627,0.00130762
2628,0.00131028
2629,0.000291347
2630,3.09173e-05
2631,0.000332283
2632,-0.000198929
2633,-0.000917634
2634,-9.69998e-05
2635,0.00127107
2636,0.000469458
2637,-0.00193944
2638,-0.00223006
2639,0.00040801
2640,0.00212308
2641,0.000509204
2642,-0.00159477
2643,-0.000977367
2644,0.000946905
2645,0.00124476
2646,0.000438469
2647,0.000616457
2648,0.00107029
2649,-2.37149e-05
2650,-0.00134159
2651,-0.000246278
2652,0.00208382
2653,0.00184133
2654,-0.00119901
2655,-0.00294065
2656,-0.00114814
2657,0.00144601
2658,0.00155385
2659,-0.000307002
2660,-0.00155478
2661,-0.00120727
2662,-5.06305e-05
2663,0.00106932
2664,0.00154525
2665,0.000895323
2666,-0.000382035
2667,-0.000841762
2668,0.000113238
2669,0.00135647
2670,0.00153247
2671,0.000539147
2672,-0.000769745
2673,-0.00139224
2674,-0.000678305
2675,0.000820013
2676,0.00124293
2677,-0.000346573
2678,-0.00204576
2679,-0.0014047
2680,0.00076202
2681,0.00141385
2682,2.64148e-05
2683,-0.000790121
2684,0.000153201
2685,0.000891722
2686,0.000265806
2687,4.5728e-05
2688,0.00120587
2689,0.00154814
2690,-0.000305812
2691,-0.00172429
2692,-0.000207516
2693,0.00196666
2694,0.00116424
2695,-0.00156298
2696,-0.00219336
2697,-0.000240339
2698,0.000987436
2699,0.000165925
2700,-0.00053676
2701,-1.73677e-05
2702,8.82818e-05
2703,-0.000722247
2704,-0.000391043
2705,0.00160215
2706,0.00241551
2707,0.000364619
2708,-0.00183414
2709,-0.00101531
2710,0.00159905
2711,0.00237414
2712,0.000500298
2713,-0.00150537
2714,-0.00166235
2715,-0.000472341
2716,0.000629608
2717,0.000830513
2718,4.69762e-05
2719,-0.00109366
2720,-0.00143774
2721,-0.000460462
2722,0.000933745
2723,0.0014278
2724,0.000748234
2725,-0.000320362
2726,-0.000782723
2727,-4.4749e-05
2728,0.00144
2729,0.0020123
2730,0.000567972
2731,-0.00141025
2732,-0.0013413
2733,0.000619704
2734,0.00149132
2735,-2.03802e-05
2736,-0.00153968
2737,-0.000989065
2738,0.000199412
2739,1.66368e-05
2740,-0.000570516
2741,0.000130359
2742,0.000965323
2743,6.89335e-05
2744,-0.00115502
2745,-0.00010361
2746,0.00209053
2747,0.00194406
2748,-0.000470853
2749,-0.00142844
2750,0.000301708
2751,0.00163036
2752,0.000570524
2753,-0.000769306
2754,-0.000429359
2755,9.44469e-05
2756,-0.000741964
2757,-0.00128504
2758,0.000106763
2759,0.00145738
2760,0.000264481
2761,-0.00189411
2762,-0.00155969
2763,0.00106042
2764,0.00242121
2765,0.0010491
2766,-0.000759193
2767,-0.000813163
2768,0.000318212
2769,0.00112009
2770,0.00120021
2771,0.000733358
2772,-0.000267075
2773,-0.0012434
2774,-0.00110796
2775,0.000187572
2776,0.00114253
2777,0.000503011
2778,-0.00111012
2779,-0.00190212
2780,-0.000889868
2781,0.0010159
2782,0.0018171
2783,0.000583996
2784,-0.00116984
2785,-0.00108619
2786,0.000860931
2787,0.00212464
2788,0.00116197
2789,-0.000426577
2790,-0.000572554
2791,0.000213608
2792,0.000330125
2793,-1.55367e-05
2794,0.000204184
2795,0.000305659
2796,-0.000800435
2797,-0.00178828
2798,-0.000644727
2799,0.00137839
2800,0.00114191
2801,-0.00111345
2802,-0.00176569
2803,0.000317588
2804,0.00193403
2805,0.000945038
2806,-0.000435369
2807,9.49243e-05
2808,0.00103935
2809,0.00035984
2810,-0.000556588
2811,0.000331564
2812,0.00151308
2813,0.000396681
2814,-0.00178749
2815,-0.00169445
2816,0.00051435
2817,0.00140012
2818,-0.000143739
2819,-0.00148698
2820,-0.000879636
2821,0.000210496
2822,0.000336111
2823,0.000331187
2824,0.000917787
2825,0.000931622
2826,-0.000263894
2827,-0.000943465
2828,0.000342536
2829,0.00204562
2830,0.00168816
2831,-0.000451586
2832,-0.00176335
2833,-0.000901371
2834,0.000761815
2835,0.00121757
2836,0.000102303
2837,-0.00129611
2838,-0.00158349
2839,-0.00058409
2840,0.000632782
2841,0.000963254
2842,0.000373861
2843,-0.000355203
2844,-0.000590744
2845,-0.000119545
2846,0.000946408
2847,0.00180369
2848,0.00124827
2849,-0.000557351
2850,-0.00145834
2851,-4.07011e-05
2852,0.00181987
2853,0.00129439
2854,-0.00106282
2855,-0.00200002
2856,-0.000544089
2857,0.000766599
2858,0.00023333
2859,-0.000620798
2860,-0.000318251
2861,5.62906e-05
2862,-0.000462278
2863,-0.000442124
2864,0.00105602
2865,0.00193783
2866,0.000413988
2867,-0.00136548
2868,-0.000467162
2869,0.00179862
2870,0.00185774
2871,-0.000281556
2872,-0.001297
2873,-0.000207205
2874,0.000497717
2875,-0.000330463
2876,-0.000748787
2877,0.000175738
2878,0.00045482
2879,-0.000917521
2880,-0.00166259
2881,-8.2522e-05
2882,0.0017291
2883,0.00118702
2884,-0.000616365
2885,-0.000887244
2886,0.000459394
2887,0.00127279
2888,0.000881399
2889,0.000475003
2890,0.000418228
2891,-8.90405e-05
2892,-0.000822175
2893,-0.000506987
2894,0.000725693
2895,0.00102547
2896,-0.000385901
2897,-0.00182954
2898,-0.00146011
2899,0.000259562
2900,0.00131193
2901,0.000677992
2902,-0.000665737
2903,-0.00108348
2904,-0.000102161
2905,0.00120359
2906,0.00152467
2907,0.000761738
2908,-0.000115143
2909,-0.000378417
2910,-8.57309e-05
2911,0.000482394
2912,0.00098131
2913,0.000694844
2914,-0.000670692
2915,-0.00181355
2916,-0.00105727
2917,0.000893031
2918,0.00133231
2919,-0.000493501
2920,-0.00194193
2921,-0.000879765
2922,0.0010916
2923,0.00133801
2924,0.000216896
2925,-0.00015804
2926,0.000347885
2927,0.000349225
2928,6.10129e-05
2929,0.000725463
2930,0.00152895
2931,0.000532622
2932,-0.00143923
2933,-0.00143664
2934,0.000672507
2935,0.00156491
2936,-0.000210964
2937,-0.00188766
2938,-0.00111846
2939,0.000435555
2940,0.000424273
2941,-0.000308247
2942,5.95996e-05
2943,0.000742239
2944,0.0001415
2945,-0.00069884
2946,0.000183219
2947,0.00180501
2948,0.00155897
2949,-0.000332393
2950,-0.00109116
2951,7.89096e-05
2952,0.00100462
2953,0.000383048
2954,-0.00046438
2955,-0.000412771
2956,-0.000313266
2957,-0.000820484
2958,-0.000875424
2959,0.000182209
2960,0.000970025
2961,0.000195044
2962,-0.00105191
2963,-0.000854005
2964,0.000660706
2965,0.00163292
2966,0.001119
2967,1.87387e-05
2968,-0.000441968
2969,-4.3892e-05
2970,0.000628202
2971,0.000929232
2972,0.000563803
2973,-0.000266228
2974,-0.000960724
2975,-0.000962166
2976,-0.000245496
2977,0.000541957
2978,0.000507724
2979,-0.000533686
2980,-0.00146334
2981,-0.000893624
2982,0.000853564
2983,0.00172423
2984,0.000633345
2985,-0.000830424
2986,-0.000609017
2987,0.000856791
2988,0.00150756
2989,0.000807141
2990,3.15209e-05
2991,-0.000183522
2992,-0.000388844
2993,-0.000506477
2994,0.000168823
2995,0.000930117
2996,0.000139138
2997,-0.00167555
2998,-0.00185962
2999,0.000200863
3000,0.00166631
3001,0.000550541
3002,-0.0011773
3003,-0.000890581
3004,0.000654364
3005,0.00114291
3006,0.000600462
3007,0.000546742
3008,0.000763677
3009,6.25525e-05
3010,-0.00075694
3011,-4.72301e-06
3012,0.00141809
3013,0.000993938
3014,-0.0010697
3015,-0.00184602
3016,-0.000397428
3017,0.000835495
3018,0.000199761
3019,-0.000780309
3020,-0.00050634
3021,0.000101965
3022,-0.000123414
3023,-0.000262013
3024,0.000672252
3025,0.00144736
3026,0.000647466
3027,-0.000610481
3028,-0.000362838
3029,0.00095756
3030,0.00131372
3031,0.000332704
3032,-0.000490529
3033,-0.00043962
3034,-0.000274294
3035,-0.00037984
3036,-0.000211054
3037,0.00021338
3038,2.64451e-05
3039,-0.00082648
3040,-0.00112094
3041,-0.000177615
3042,0.00098832
3043,0.0010533
3044,0.000135633
3045,-0.0005176
3046,-0.000136694
3047,0.00081971
3048,0.00132818
3049,0.00088645
3050,-4.14199e-05
3051,-0.000576046
3052,-0.000361154
3053,0.00018276
3054,0.000457641
3055,0.000202172
3056,-0.000503633
3057,-0.00120231
3058,-0.00110449
3059,3.38161e-05
3060,0.00107763
3061,0.000631584
3062,-0.000813523
3063,-0.00117821
3064,0.000254617
3065,0.00166213
3066,0.00134766
3067,0.000102885
3068,-0.000358253
3069,4.87796e-05
3070,0.00036255
3071,0.000492049
3072,0.000733262
3073,0.000424599
3074,-0.000866844
3075,-0.00169742
3076,-0.000587684
3077,0.00113749
3078,0.000908316
3079,-0.00101007
3080,-0.00176561
3081,-0.00035149
3082,0.00107922
3083,0.000905349
3084,0.000206121
3085,0.000214615
3086,0.000302613
3087,-7.13177e-05
3088,0.00011039
3089,0.0012091
3090,0.00149855
3091,-3.49995e-05
3092,-0.00146608
3093,-0.000774046
3094,0.000808891
3095,0.000798738
3096,-0.000582326
3097,-0.00115506
3098,-0.000500388
3099,-0.000102066
3100,-0.00031744
3101,-4.01742e-05
3102,0.000709851
3103,0.000589874
3104,-0.000382914
3105,-0.000494378
3106,0.000722213
3107,0.00152962
3108,0.000817635
3109,-0.000207299
3110,-0.000207814
3111,0.000274428
3112,0.000216176
3113,-8.79147e-05
3114,9.27776e-06
3115,5.32185e-05
3116,-0.000549712
3117,-0.00110799
3118,-0.000643245
3119,0.000359783
3120,0.000583056
3121,-0.000133926
3122,-0.000663568
3123,-0.000284155
3124,0.000529119
3125,0.000991602
3126,0.000871987
3127,0.000408913
3128,-2.12998e-05
3129,-6.93273e-05
3130,0.000320744
3131,0.000728262
3132,0.000607961
3133,-0.000111483
3134,-0.000877406
3135,-0.000979835
3136,-0.000265662
3137,0.000517529
3138,0.000371448
3139,-0.000666322
3140,-0.00128991
3141,-0.000535325
3142,0.00080145
3143,0.00118289
3144,0.000426814
3145,-0.0002582
3146,-0.00013158
3147,0.000382414
3148,0.000798575
3149,0.00105665
3150,0.00083268
3151,-0.000190813
3152,-0.00114693
3153,-0.00067309
3154,0.00078654
3155,0.00109557
3156,-0.000426946
3157,-0.00176254
3158,-0.00117662
3159,0.000291307
3160,0.000736642
3161,0.000199763
3162,-0.000128506
3163,-0.000124183
3164,-0.000241149
3165,2.44466e-05
3166,0.00109937
3167,0.00172379
3168,0.000620784
3169,-0.000958277
3170,-0.000761868
3171,0.000851499
3172,0.00137667
3173,0.000102943
3174,-0.00103719
3175,-0.000809272
3176,-0.000253044
3177,-0.000288154
3178,-0.000246779
3179,0.000231509
3180,0.000157967
3181,-0.000716547
3182,-0.000885663
3183,0.000393468
3184,0.00147997
3185,0.000884379
3186,-0.000283637
3187,-0.000222322
3188,0.000679599
3189,0.000859422
3190,0.000299193
3191,0.000116069
3192,0.000280078
3193,-0.000110682
3194,-0.000781918
3195,-0.000609812
3196,0.000208753
3197,0.000297258
3198,-0.000548784
3199,-0.000995641
3200,-0.000395496
3201,0.000317645
3202,0.000360703
3203,0.000192794
3204,0.000325661
3205,0.00041095
3206,0.000191283
3207,0.000192719
3208,0.000702467
3209,0.00100913
3210,0.000473789
3211,-0.000362637
3212,-0.000535541
3213,-2.13842e-05
3214,0.000362661
3215,0.000111502
3216,-0.000493167
3217,-0.000880107
3218,-0.000739558
3219,-0.000192038
3220,0.000315166
3221,0.000367018
3222,-3.97082e-06
3223,-0.000327376
3224,-0.000164042
3225,0.00048072
3226,0.00112072
3227,0.00112111
3228,0.000334493
3229,-0.000486907
3230,-0.00035923
3231,0.000601069
3232,0.00108845
3233,0.000303806
3234,-0.000888583
3235,-0.00116319
3236,-0.000490455
3237,0.000145406
3238,0.00023929
3239,-1.67817e-06
3240,-0.000428193
3241,-0.000842741
3242,-0.000562282
3243,0.00064869
3244,0.00157295
3245,0.000918868
3246,-0.000522197
3247,-0.000725682
3248,0.000575186
3249,0.00151019
3250,0.00093372
3251,-0.00014937
3252,-0.000544025
3253,-0.000458126
3254,-0.00036696
3255,-1.57345e-05
3256,0.000462961
3257,9.08013e-05
3258,-0.00112701
3259,-0.00150134
3260,-0.000165692
3261,0.00121393
3262,0.000844516
3263,-0.000430371
3264,-0.000612481
3265,0.000341561
3266,0.000925787
3267,0.000743839
3268,0.000616594
3269,0.000593821
3270,4.14362e-05
3271,-0.000575607
3272,-0.000170544
3273,0.000763753
3274,0.000580692
3275,-0.000736463
3276,-0.00135007
3277,-0.000517976
3278,0.000324561
3279,7.9832e-05
3280,-0.000416072
3281,-0.000218539
3282,0.000142155
3283,3.07956e-05
3284,4.0179e-05
3285,0.0006736
3286,0.00108483
3287,0.000509657
3288,-0.000212574
3289,2.65596e-05
3290,0.000721663
3291,0.000664103
3292,-4.8315e-05
3293,-0.000395143
3294,-0.000239874
3295,-0.000270477
3296,-0.000517971
3297,-0.000384837
3298,2.32004e-05
3299,-3.63728e-05
3300,-0.000536251
3301,-0.000585665
3302,9.82249e-05
3303,0.000717242
3304,0.000649759
3305,0.000256422
3306,0.000123972
3307,0.000280334
3308,0.000483941
3309,0.000646777
3310,0.000650857
3311,0.000284918
3312,-0.000317318
3313,-0.000606011
3314,-0.00029385
3315,0.000190751
3316,0.000194413
3317,-0.000380018
3318,-0.0009521
3319,-0.000868481
3320,-0.000103818
3321,0.000633751
3322,0.000626021
3323,-4.06262e-09
3324,-0.000392147
3325,-2.38025e-05
3326,0.000716082
3327,0.00111315
3328,0.000902455
3329,0.000286546
3330,-0.000338331
3331,-0.000464079
3332,0.00013763
3333,0.000814733
3334,0.000513161
3335,-0.000720018
3336,-0.00147492
3337,-0.000825422
3338,0.000335583
3339,0.000597121
3340,-5.75655e-05
3341,-0.000587047
3342,-0.000501123
3343,-6.73995e-05
3344,0.000541931
3345,0.00114874
3346,0.00109031
3347,0.000108625
3348,-0.000676857
3349,-7.59723e-05
3350,0.00117664
3351,0.00125631
3352,-3.8174e-05
3353,-0.00103629
3354,-0.000761498
3355,-7.20077e-05
3356,9.23122e-05
3357,-5.05999e-05
3358,-0.000172845
3359,-0.00053215
3360,-0.00092314
3361,-0.000461197
3362,0.00074811
3363,0.00120367
3364,0.000264158
3365,-0.00061779
3366,-8.79176e-05
3367,0.00102072
3368,0.00115804
3369,0.000433727
3370,-6.31317e-06
3371,-1.26323e-06
3372,-0.000140999
3373,-0.000275578
3374,6.39082e-05
3375,0.000326153
3376,-0.000290484
3377,-0.00114157
3378,-0.000914703
3379,0.000152593
3380,0.000558027
3381,-4.5759e-05
3382,-0.000449482
3383,-1.88498e-05
3384,0.000474772
3385,0.000475352
3386,0.000476672
3387,0.000736286
3388,0.00065067
3389,5.72662e-05
3390,-0.000194274
3391,0.000288504
3392,0.00062224
3393,0.000107404
3394,-0.000596879
3395,-0.000630818
3396,-0.000280758
3397,-0.000235734
3398,-0.000360588
3399,-0.000200806
3400,4.90342e-06
3401,-0.000163556
3402,-0.00034374
3403,4.95544e-05
3404,0.000707273
3405,0.000834466
3406,0.000401785
3407,0.000101891
3408,0.000237751
3409,0.000461254
3410,0.000500393
3411,0.000409085
3412,0.000166469
3413,-0.00028912
3414,-0.000651853
3415,-0.000504572
3416,-1.89541e-05
3417,0.000149364
3418,-0.000251631
3419,-0.000731327
3420,-0.000700717
3421,-0.0001265
3422,0.000520227
3423,0.000732823
3424,0.000394048
3425,-7.9565e-05
3426,-9.24599e-05
3427,0.000461261
3428,0.00100934
3429,0.000944538
3430,0.000300063
3431,-0.00036005
3432,-0.000533631
3433,-0.000155988
3434,0.00036011
3435,0.000374003
3436,-0.000346138
3437,-0.00113997
3438,-0.00105862
3439,-0.000107444
3440,0.000644564
3441,0.000443647
3442,-0.000231402
3443,-0.000468914
3444,-6.06908e-05
3445,0.000576942
3446,0.00104172
3447,0.001035
3448,0.000403003
3449,-0.00038049
3450,-0.000389679
3451,0.000475996
3452,0.00102882
3453,0.000348563
3454,-0.000823805
3455,-0.00113034
3456,-0.000478353
3457,0.000119855
3458,0.000135642
3459,-0.000123043
3460,-0.000401296
3461,-0.000622808
3462,-0.000387079
3463,0.000504758
3464,0.00121723
3465,0.00079012
3466,-0.000233555
3467,-0.000382236
3468,0.000538416
3469,0.00117557
3470,0.000729176
3471,-6.10146e-05
3472,-0.000364965
3473,-0.000347151
3474,-0.0003179
3475,-9.37242e-05
3476,0.000194504
3477,-0.000112089
3478,-0.0009157
3479,-0.00105932
3480,-0.000101635
3481,0.00076519
3482,0.000491692
3483,-0.00023373
3484,-0.000221206
3485,0.000387389
3486,0.000701193
3487,0.000638282
3488,0.000640265
3489,0.000540228
3490,2.1031e-05
3491,-0.000370566
3492,3.76705e-06
3493,0.000546742
3494,0.00021989
3495,-0.000685977
3496,-0.00095551
3497,-0.000397555
3498,1.45174e-05
3499,-0.000134306
3500,-0.000244278
3501,-3.63366e-05
3502,3.08167e-05
3503,-0.000103137
3504,0.000145136
3505,0.000771473
3506,0.000934566
3507,0.000375833
3508,-5.15856e-05
3509,0.000214019
3510,0.000576601
3511,0.000401946
3512,8.56601e-06
3513,-0.000120311
3514,-0.000203675
3515,-0.000507031
3516,-0.000629817
3517,-0.000248295
3518,0.00011135
3519,-0.000127791
3520,-0.00057386
3521,-0.000470732
3522,0.000116942
3523,0.000521371
3524,0.000525496
3525,0.000433358
3526,0.000366498
3527,0.000236669
3528,0.000215523
3529,0.000505269
3530,0.000764584
3531,0.000457137
3532,-0.000262901
3533,-0.000647462
3534,-0.00037706
3535,5.91162e-05
3536,8.9825e-05
3537,-0.000285467
3538,-0.000669128
3539,-0.000721098
3540,-0.000354009
3541,0.000219971
3542,0.000563931
3543,0.00039857
3544,-2.28123e-05
3545,-0.00013198
3546,0.000301362
3547,0.000886543
3548,0.00102668
3549,0.000535435
3550,-0.000160898
3551,-0.000419222
3552,-5.03469e-05
3553,0.000422547
3554,0.000332326
3555,-0.000326024
3556,-0.000892853
3557,-0.000849688
3558,-0.000338168
3559,0.000151565
3560,0.000278421
3561,-2.56646e-06
3562,-0.000409007
3563,-0.000397272
3564,0.000291872
3565,0.00107931
3566,0.00107315
3567,0.000287307
3568,-0.000272698
3569,2.14588e-05
3570,0.000618383
3571,0.000702175
3572,0.000252819
3573,-0.00026095
3574,-0.000611132
3575,-0.000701548
3576,-0.000352839
3577,0.000197777
3578,0.000197242
3579,-0.000532281
3580,-0.00101174
3581,-0.000415898
3582,0.000609224
3583,0.000863851
3584,0.000330766
3585,-3.48879e-05
3586,0.000143095
3587,0.000425663
3588,0.000592366
3589,0.000763482
3590,0.000670407
3591,-1.09203e-05
3592,-0.000689567
3593,-0.000454636
3594,0.000350974
3595,0.000434275
3596,-0.000438582
3597,-0.00106104
3598,-0.000699978
3599,-6.13269e-05
3600,0.000104586
3601,6.50703e-05
3602,0.000176128
3603,0.000131575
3604,-0.000131248
3605,5.79755e-05
3606,0.000847466
3607,0.00121437
3608,0.000519598
3609,-0.000302756
3610,-0.000167557
3611,0.00046915
3612,0.000502365
3613,-3.93833e-05
3614,-0.000359052
3615,-0.000378584
3616,-0.00054347
3617,-0.00065176
3618,-0.000233114
3619,0.000264883
3620,3.41828e-05
3621,-0.000578609
3622,-0.000478098
3623,0.000362183
3624,0.000848545
3625,0.000559558
3626,0.000241705
3627,0.00035338
3628,0.000436827
3629,0.000248818
3630,0.000249184
3631,0.000518877
3632,0.00037921
3633,-0.000348585
3634,-0.000795064
3635,-0.00041026
3636,0.000103299
3637,-4.48527e-05
3638,-0.000513058
3639,-0.000566408
3640,-0.000268466
3641,-8.56771e-05
3642,5.04203e-05
3643,0.000395698
3644,0.00063104
3645,0.000361284
3646,-8.91912e-06
3647,0.000195174
3648,0.000768389
3649,0.000881549
3650,0.000350602
3651,-0.000174538
3652,-0.000252389
3653,-0.000119073
3654,-7.3518e-05
3655,-9.36266e-05
3656,-0.000180848
3657,-0.00045686
3658,-0.000740725
3659,-0.000590145
3660,1.92575e-06
3661,0.000429554
3662,0.000270591
3663,-0.000121891
3664,-0.000127802
3665,0.000326483
3666,0.000772595
3667,0.000830297
3668,0.000540719
3669,0.000172695
3670,-3.94354e-05
3671,7.40683e-06
3672,0.000219904
3673,0.000299138
3674,-1.3295e-05
3675,-0.000573352
3676,-0.000862619
3677,-0.000555919
3678,1.37355e-05
3679,0.000195486
3680,-0.000159803
3681,-0.000499076
3682,-0.000304929
3683,0.000256966
3684,0.000653437
3685,0.00067387
3686,0.000489255
3687,0.00026599
3688,0.000117931
3689,0.000235747
3690,0.000590662
3691,0.000678553
3692,0.000115813
3693,-0.000623745
3694,-0.0007088
3695,-0.000156378
3696,0.000171479
3697,-0.000151495
3698,-0.000593477
3699,-0.000609407
3700,-0.000337778
3701,-5.94567e-05
3702,0.000271397
3703,0.000566004
3704,0.000435034
3705,-2.97894e-05
3706,-6.19228e-05
3707,0.000605724
3708,0.00110977
3709,0.000699351
3710,-8.67425e-05
3711,-0.000298291
3712,3.79602e-06
3713,0.000117345
3714,-6.06574e-05
3715,-0.000166304
3716,-0.000283928
3717,-0.000656373
3718,-0.000843252
3719,-0.000306426
3720,0.000423533
3721,0.000361674
3722,-0.000299101
3723,-0.000414859
3724,0.000274594
3725,0.000820535
3726,0.000691841
3727,0.000431574
3728,0.000426522
3729,0.000306626
3730,-1.96368e-05
3731,1.73614e-05
3732,0.000453312
3733,0.000413789
3734,-0.000399321
3735,-0.000984627
3736,-0.000592579
3737,6.09408e-05
3738,2.9561e-05
3739,-0.000387825
3740,-0.000406934
3741,-0.000125898
3742,-4.20023e-05
3743,5.17985e-05
3744,0.000525051
3745,0.000884429
3746,0.000506038
3747,-9.08068e-05
3748,5.33238e-05
3749,0.000714534
3750,0.000824386
3751,0.000206046
3752,-0.000289214
3753,-0.000280029
3754,-0.000238709
3755,-0.00035826
3756,-0.000268833
3757,-3.07963e-05
3758,-0.000214843
3759,-0.0007268
3760,-0.000697795
3761,7.58337e-05
3762,0.000661019
3763,0.000431438
3764,-1.53961e-05
3765,5.69457e-05
3766,0.000436813
3767,0.000596666
3768,0.000588812
3769,0.000612233
3770,0.000413026
3771,-0.000130085
3772,-0.000448062
3773,-0.000105979
3774,0.000330138
3775,7.36694e-05
3776,-0.000636418
3777,-0.00090356
3778,-0.000506203
3779,-4.25013e-05
3780,8.67169e-05
3781,5.08863e-05
3782,1.70963e-05
3783,-4.9914e-05
3784,1.39628e-06
3785,0.000405931
3786,0.000898452
3787,0.000872984
3788,0.000290279
3789,-0.000148097
3790,3.64749e-05
3791,0.000457753
3792,0.000470505
3793,1.37612e-05
3794,-0.000469027
3795,-0.000647632
3796,-0.000522037
3797,-0.000241145
3798,-1.51889e-05
3799,-6.45004e-05
3800,-0.000363284
3801,-0.000516983
3802,-0.000172799
3803,0.000466815
3804,0.00080124
3805,0.00055516
3806,0.000120592
3807,5.41429e-05
3808,0.000403734
3809,0.000717887
3810,0.000627695
3811,0.000205621
3812,-0.000228486
3813,-0.000432035
3814,-0.00033965
3815,-7.75304e-05
3816,3.52129e-05
3817,-0.000251524
3818,-0.000712811
3819,-0.000768397
3820,-0.000223337
3821,0.000377577
3822,0.000434559
3823,8.57289e-05
3824,-6.52158e-05
3825,0.000191455
3826,0.000537896
3827,0.000708271
3828,0.000696588
3829,0.000473111
3830,4.16539e-05
3831,-0.000249971
3832,-4.66947e-05
3833,0.000335383
3834,0.000198429
3835,-0.000466786
3836,-0.000871958
3837,-0.000588108
3838,-0.000118813
3839,-1.9734e-05
3840,-0.000136753
3841,-0.000124605
3842,-5.95411e-05
3843,-3.97035e-05
3844,0.000199203
3845,0.000696987
3846,0.000885083
3847,0.000436516
3848,-4.06875e-05
3849,0.000121303
3850,0.00057087
3851,0.000526744
3852,2.38189e-05
3853,-0.000296542
3854,-0.000304669
3855,-0.000370445
3856,-0.000475505
3857,-0.000296674
3858,-3.64266e-05
3859,-0.000195574
3860,-0.000564068
3861,-0.00041907
3862,0.000232371
3863,0.000592845
3864,0.00037575
3865,0.00018098
3866,0.000364603
3867,0.000519639
3868,0.000391887
3869,0.000346397
3870,0.000512773
3871,0.00039502
3872,-0.000165452
3873,-0.000514489
3874,-0.000250195
3875,5.32334e-05
3876,-0.000175038
3877,-0.000562731
3878,-0.000534013
3879,-0.000279343
3880,-0.000221962
3881,-0.000163871
3882,0.000202846
3883,0.000502954
3884,0.00029059
3885,-1.97383e-05
3886,0.000232188
3887,0.000780855
3888,0.00083199
3889,0.000355301
3890,2.36519e-05
3891,4.86994e-05
3892,3.31368e-05
3893,-0.000121467
3894,-0.000116358
3895,-4.39149e-05
3896,-0.000324067
3897,-0.000782256
3898,-0.000723736
3899,-9.82077e-05
3900,0.000301452
3901,6.15913e-05
3902,-0.000263692
3903,-0.000112582
3904,0.000303484
3905,0.000558403
3906,0.0006495
3907,0.000660853
3908,0.00043535
3909,3.74124e-05
3910,-4.82598e-05
3911,0.000326851
3912,0.000550779
3913,0.000111376
3914,-0.000578846
3915,-0.000772425
3916,-0.000424738
3917,-8.68524e-05
3918,-6.29807e-05
3919,-0.000216345
3920,-0.000376581
3921,-0.000422219
3922,-0.000152679
3923,0.00041954
3924,0.00080964
3925,0.000592586
3926,8.06832e-05
3927,-2.20044e-05
3928,0.000416426
3929,0.000809785
3930,0.000671662
3931,0.000147198
3932,-0.000317623
3933,-0.000458674
3934,-0.000280356
3935,4.4801e-06
3936,4.61945e-05
3937,-0.000326809
3938,-0.000783066
3939,-0.000762237
3940,-0.000178114
3941,0.000410377
3942,0.000464534
3943,9.01236e-05
3944,-0.000155967
3945,7.06967e-05
3946,0.000583564
3947,0.000917164
3948,0.000774009
3949,0.000273202
3950,-0.00015705
3951,-0.000169238
3952,0.000154328
3953,0.000362348
3954,9.87661e-05
3955,-0.000494175
3956,-0.000883584
3957,-0.000694223
3958,-0.000131309
3959,0.000217898
3960,3.5694e-05
3961,-0.000364876
3962,-0.000420176
3963,2.77291e-05
3964,0.000596947
3965,0.000830737
3966,0.000626696
3967,0.00023541
3968,1.74888e-05
3969,0.000181385
3970,0.000559472
3971,0.000662887
3972,0.000196455
3973,-0.00048674
3974,-0.000725374
3975,-0.00037339
3976,2.97194e-05
3977,-1.07532e-05
3978,-0.00037488
3979,-0.000620563
3980,-0.000521425
3981,-0.000139494
3982,0.000329805
3983,0.00058876
3984,0.000418167
3985,4.4466e-05
3986,1.85875e-05
3987,0.000485323
3988,0.000892582
3989,0.000717479
3990,0.000166276
3991,-0.000189118
3992,-0.000178193
3993,-5.31893e-05
3994,-6.1819e-06
3995,-7.82511e-05
3996,-0.000327562
3997,-0.000663179
3998,-0.000711935
3999,-0.000289643
4000,0.000182436
4001,0.000193594
4002,-9.91973e-05
4003,-0.000128311
4004,0.000220067
4005,0.000539847
4006,0.000603671
4007,0.000560847
4008,0.000480119
4009,0.0002694
4010,6.19714e-05
4011,0.000114985
4012,0.000275965
4013,0.000114176
4014,-0.000343543
4015,-0.000583482
4016,-0.000418514
4017,-0.000240377
4018,-0.000301666
4019,-0.00034623
4020,-0.000181269
4021,-3.19558e-05
4022,-3.63202e-05
4023,6.23297e-05
4024,0.000385686
4025,0.000597997
4026,0.000475568
4027,0.000315678
4028,0.000393522
4029,0.000477509
4030,0.000302581
4031,7.75228e-05
4032,5.92307e-05
4033,3.87609e-05
4034,-0.000242396
4035,-0.000533489
4036,-0.000471153
4037,-0.000225272
4038,-0.000200006
4039,-0.000347078
4040,-0.00032351
4041,-0.000114779
4042,4.30522e-05
4043,0.000168562
4044,0.000411203
4045,0.000593542
4046,0.000449892
4047,0.000194313
4048,0.000263891
4049,0.000570039
4050,0.000592291
4051,0.000199168
4052,-0.000191828
4053,-0.000294853
4054,-0.00025613
4055,-0.0002331
4056,-0.000199188
4057,-0.000227728
4058,-0.000449098
4059,-0.000644073
4060,-0.000407366
4061,0.000164038
4062,0.000469727
4063,0.000259167
4064,-1.40137e-05
4065,0.000103756
4066,0.000474311
4067,0.000712142
4068,0.000690999
4069,0.00046656
4070,9.99601e-05
4071,-0.000194656
4072,-0.000124285
4073,0.000195554
4074,0.000215701
4075,-0.000289189
4076,-0.000806798
4077,-0.000762451
4078,-0.000281226
4079,7.65584e-05
4080,6.22019e-05
4081,-0.00013104
4082,-0.000244249
4083,-0.000118954
4084,0.000296227
4085,0.000775391
4086,0.000861629
4087,0.000421971
4088,-3.84293e-05
4089,2.82441e-05
4090,0.000467689
4091,0.000641112
4092,0.000266969
4093,-0.000314375
4094,-0.00064017
4095,-0.000559864
4096,-0.000228527
4097,3.25132e-05
4098,-7.5651e-05
4099,-0.000493843
4100,-0.000719028
4101,-0.000345958
4102,0.000357483
4103,0.000718724
4104,0.000481914
4105,6.65607e-05
4106,-3.07815e-06
4107,0.00034267
4108,0.000757015
4109,0.000840166
4110,0.000444622
4111,-0.000170579
4112,-0.000488501
4113,-0.000250901
4114,0.000178008
4115,0.00018869
4116,-0.000327325
4117,-0.000840208
4118,-0.000822957
4119,-0.000313517
4120,0.000213684
4121,0.000350267
4122,8.04449e-05
4123,-0.000230565
4124,-0.000143497
4125,0.000403358
4126,0.000938195
4127,0.000921229
4128,0.000378133
4129,-0.000113842
4130,-0.000100482
4131,0.000269426
4132,0.00048545
4133,0.000234485
4134,-0.000336157
4135,-0.00077975
4136,-0.000735328
4137,-0.00027513
4138,0.000114647
4139,2.81678e-05
4140,-0.000381341
4141,-0.000562256
4142,-0.000211598
4143,0.000395917
4144,0.000751804
4145,0.000637734
4146,0.000270034
4147,5.21875e-05
4148,0.000214425
4149,0.000586414
4150,0.000720894
4151,0.000360991
4152,-0.000227957
4153,-0.000530595
4154,-0.000370402
4155,-6.94483e-05
4156,-2.36512e-05
4157,-0.000286399
4158,-0.000592411
4159,-0.00063966
4160,-0.000326798
4161,0.000146582
4162,0.000408399
4163,0.000286309
4164,4.31978e-05
4165,8.23334e-05
4166,0.000435991
4167,0.00073619
4168,0.000690911
4169,0.000384059
4170,8.20885e-05
4171,-5.20601e-05
4172,-1.5261e-05
4173,6.91903e-05
4174,3.51312e-07
4175,-0.000299627
4176,-0.000605838
4177,-0.000607198
4178,-0.000323567
4179,-8.86483e-05
4180,-8.72461e-05
4181,-0.000151433
4182,-7.42771e-05
4183,0.000123361
4184,0.00032654
4185,0.000489077
4186,0.000561366
4187,0.000478699
4188,0.000323558
4189,0.000282153
4190,0.000345343
4191,0.000284825
4192,2.57807e-05
4193,-0.000211295
4194,-0.00026492
4195,-0.000265264
4196,-0.000356107
4197,-0.000440387
4198,-0.000389524
4199,-0.000274703
4200,-0.000195483
4201,-9.26703e-05
4202,7.89145e-05
4203,0.000207367
4204,0.000243295
4205,0.00033415
4206,0.000534082
4207,0.000620612
4208,0.000440885
4209,0.000208301
4210,0.000181555
4211,0.00025642
4212,0.000167407
4213,-8.55107e-05
4214,-0.000303684
4215,-0.00041761
4216,-0.000461799
4217,-0.000390048
4218,-0.000211334
4219,-0.000137917
4220,-0.000279027
4221,-0.000354965
4222,-6.78693e-05
4223,0.000389071
4224,0.000570451
4225,0.000415275
4226,0.000261075
4227,0.000303933
4228,0.000425837
4229,0.000498108
4230,0.000480041
4231,0.000273293
4232,-0.000134907
4233,-0.000437093
4234,-0.00032742
4235,-2.70604e-05
4236,-5.13499e-05
4237,-0.000446448
4238,-0.000708726
4239,-0.000518594
4240,-0.000113126
4241,0.000160849
4242,0.000240923
4243,0.000193186
4244,8.01401e-05
4245,0.000100508
4246,0.000439279
4247,0.000845127
4248,0.000795323
4249,0.000254475
4250,-0.000172974
4251,-6.86551e-05
4252,0.000246653
4253,0.000248007
4254,-0.000100968
4255,-0.000480114
4256,-0.000675898
4257,-0.000615064
4258,-0.000281293
4259,9.31543e-05
4260,9.34715e-05
4261,-0.000287726
4262,-0.000461068
4263,-1.07349e-05
4264,0.000658976
4265,0.000857515
4266,0.000519949
4267,0.000155284
4268,0.000105884
4269,0.000291049
4270,0.000504644
4271,0.000543767
4272,0.000208048
4273,-0.000402892
4274,-0.000750067
4275,-0.000460976
4276,5.966e-05
4277,9.59988e-05
4278,-0.000397263
4279,-0.000765782
4280,-0.000565795
4281,-2.47599e-05
4282,0.000410668
4283,0.000531724
4284,0.000346759
4285,4.23951e-05
4286,4.4654e-06
4287,0.000443095
4288,0.000945656
4289,0.000851748
4290,0.000158928
4291,-0.000400368
4292,-0.000319093
4293,8.7649e-05
4294,0.000222632
4295,-6.72825e-05
4296,-0.000513387
4297,-0.00080148
4298,-0.000709199
4299,-0.000217038
4300,0.000295448
4301,0.000307292
4302,-0.000150399
4303,-0.00039744
4304,2.69273e-05
4305,0.000722762
4306,0.000971055
4307,0.00063237
4308,0.00016328
4309,-2.96059e-05
4310,9.62089e-05
4311,0.000358556
4312,0.0004632
4313,0.000141404
4314,-0.000491141
4315,-0.000864395
4316,-0.000587784
4317,-2.36752e-05
4318,0.000134942
4319,-0.000235853
4320,-0.000590831
4321,-0.00047014
4322,1.93193e-05
4323,0.000484308
4324,0.000659877
4325,0.000501848
4326,0.000182642
4327,5.68034e-05
4328,0.000337617
4329,0.000736744
4330,0.00071197
4331,0.000165647
4332,-0.000384613
4333,-0.00045787
4334,-0.000170643
4335,1.4532e-05
4336,-0.000126918
4337,-0.000438995
4338,-0.000648079
4339,-0.000573418
4340,-0.00021049
4341,0.000209915
4342,0.000354633
4343,0.00015816
4344,-3.25782e-05
4345,0.000137757
4346,0.000562189
4347,0.00079861
4348,0.000622716
4349,0.000252824
4350,2.30804e-05
4351,2.32394e-05
4352,0.000107063
4353,9.69484e-05
4354,-9.06265e-05
4355,-0.000395758
4356,-0.000613939
4357,-0.000552429
4358,-0.000269787
4359,-6.02537e-05
4360,-0.000105135
4361,-0.000233913
4362,-0.000153673
4363,0.000160077
4364,0.000453242
4365,0.000534328
4366,0.000460111
4367,0.000377657
4368,0.000344915
4369,0.000348903
4370,0.000354774
4371,0.000278572
4372,4.91737e-05
4373,-0.000236441
4374,-0.000364119
4375,-0.000292116
4376,-0.000235071
4377,-0.00034563
4378,-0.000474088
4379,-0.000404017
4380,-0.000180554
4381,-5.87632e-06
4382,7.56227e-05
4383,0.000167713
4384,0.000286689
4385,0.000366067
4386,0.000429549
4387,0.000523927
4388,0.000541349
4389,0.00036427
4390,0.000133922
4391,8.59209e-05
4392,0.000149254
4393,3.14878e-05
4394,-0.000287864
4395,-0.000495147
4396,-0.000432597
4397,-0.000303798
4398,-0.000289254
4399,-0.000296635
4400,-0.000225114
4401,-0.000144012
4402,-5.59529e-05
4403,0.000176611
4404,0.000490542
4405,0.000566366
4406,0.000337771
4407,0.000193671
4408,0.000390854
4409,0.000616257
4410,0.000473519
4411,8.70947e-05
4412,-0.000159097
4413,-0.0002048
4414,-0.00023187
4415,-0.000255125
4416,-0.000222154
4417,-0.000287701
4418,-0.000532037
4419,-0.000621796
4420,-0.0002525
4421,0.000252775
4422,0.000332784
4423,4.70975e-05
4424,-3.0346e-05
4425,0.000290734
4426,0.000615694
4427,0.000656138
4428,0.00053606
4429,0.000367245
4430,0.000103493
4431,-0.000102804
4432,9.58439e-06
4433,0.000243213
4434,6.69535e-05
4435,-0.000515842
4436,-0.000833759
4437,-0.000527948
4438,-7.32668e-05
4439,-7.72236e-06
4440,-0.000201679
4441,-0.000260753
4442,-0.000137611
4443,5.88512e-05
4444,0.000378138
4445,0.000724471
4446,0.000706465
4447,0.00025765
4448,-3.65874e-05
4449,0.000253319
4450,0.000675606
4451,0.000543344
4452,-4.96806e-05
4453,-0.000460424
4454,-0.000452343
4455,-0.000304304
4456,-0.000201412
4457,-0.000138851
4458,-0.000241151
4459,-0.000550056
4460,-0.000653311
4461,-0.000171778
4462,0.000501457
4463,0.000619907
4464,0.000181193
4465,-7.69882e-05
4466,0.000216728
4467,0.000644493
4468,0.000752518
4469,0.000570019
4470,0.000258711
4471,-0.000120799
4472,-0.000341872
4473,-0.00013717
4474,0.000221687
4475,9.19583e-05
4476,-0.000559652
4477,-0.000962509
4478,-0.000623259
4479,-7.96829e-06
4480,0.00021031
4481,3.30763e-05
4482,-0.00013208
4483,-0.000113846
4484,7.60971e-05
4485,0.000471525
4486,0.000880021
4487,0.000825311
4488,0.000239489
4489,-0.000202743
4490,3.93124e-05
4491,0.000539841
4492,0.000512993
4493,-7.19497e-05
4494,-0.000578315
4495,-0.00064936
4496,-0.000460684
4497,-0.000220934
4498,-2.81794e-05
4499,-8.06934e-05
4500,-0.000425625
4501,-0.000602024
4502,-0.000148226
4503,0.000596187
4504,0.000824438
4505,0.000396195
4506,3.81693e-06
4507,0.000139077
4508,0.000517013
4509,0.000670304
4510,0.000528845
4511,0.000212057
4512,-0.000207194
4513,-0.000500267
4514,-0.000363592
4515,3.3525e-05
4516,7.52911e-05
4517,-0.000425848
4518,-0.000853414
4519,-0.000636942
4520,-4.18718e-05
4521,0.000292702
4522,0.000225314
4523,8.16456e-05
4524,6.92497e-05
4525,0.000181821
4526,0.000436753
4527,0.000749709
4528,0.000776948
4529,0.00034355
4530,-0.000136537
4531,-0.000137666
4532,0.000204305
4533,0.000278442
4534,-0.000112715
4535,-0.000542825
4536,-0.000636786
4537,-0.000478074
4538,-0.000282574
4539,-0.000114795
4540,-3.80707e-05
4541,-0.000135087
4542,-0.000238336
4543,-2.36443e-05
4544,0.000463183
4545,0.0007404
4546,0.000548761
4547,0.000228671
4548,0.000201156
4549,0.000390634
4550,0.000448266
4551,0.000279925
4552,3.86745e-05
4553,-0.000193103
4554,-0.000391987
4555,-0.000435831
4556,-0.000282187
4557,-0.000169028
4558,-0.000312522
4559,-0.000514653
4560,-0.000410455
4561,-2.86408e-05
4562,0.000249899
4563,0.000260905
4564,0.000221429
4565,0.000307413
4566,0.000424049
4567,0.000468818
4568,0.000489955
4569,0.000477288
4570,0.000307265
4571,2.54603e-05
4572,-0.000115954
4573,-5.56109e-05
4574,-6.37936e-05
4575,-0.000302154
4576,-0.000531915
4577,-0.000492223
4578,-0.000303983
4579,-0.000223622
4580,-0.000223946
4581,-0.00012388
4582,5.28787e-05
4583,0.000168252
4584,0.000263836
4585,0.000437376
4586,0.000559608
4587,0.000460713
4588,0.000288195
4589,0.000306522
4590,0.000420213
4591,0.000298934
4592,-5.55171e-05
4593,-0.000288938
4594,-0.000263043
4595,-0.000222622
4596,-0.000324746
4597,-0.000415032
4598,-0.000384503
4599,-0.000345973
4600,-0.00031405
4601,-0.000113441
4602,0.000218819
4603,0.0003503
4604,0.000195378
4605,0.000133649
4606,0.000408142
4607,0.000695417
4608,0.000612642
4609,0.000300277
4610,0.000121202
4611,9.21057e-05
4612,2.00895e-05
4613,-7.4645e-05
4614,-0.000102373
4615,-0.00021498
4616,-0.000516011
4617,-0.000691112
4618,-0.000427162
4619,-8.8952e-06
4620,4.14806e-05
4621,-0.000216767
4622,-0.000249846
4623,0.000100558
4624,0.000451162
4625,0.000546258
4626,0.000521402
4627,0.000467756
4628,0.000302746
4629,0.000147014
4630,0.000257268
4631,0.000469135
4632,0.00028927
4633,-0.000288131
4634,-0.000642336
4635,-0.000438304
4636,-0.00011094
4637,-0.000141514
4638,-0.000385622
4639,-0.000470706
4640,-0.000369208
4641,-0.00019497
4642,0.000108853
4643,0.000471706
4644,0.000529899
4645,0.000203202
4646,1.70633e-05
4647,0.00036053
4648,0.000809291
4649,0.000726145
4650,0.000203251
4651,-0.000164479
4652,-0.000172249
4653,-8.93492e-05
4654,-7.5304e-05
4655,-0.000100638
4656,-0.000268336
4657,-0.000621438
4658,-0.000781457
4659,-0.000390267
4660,0.00019907
4661,0.000304953
4662,-6.93185e-05
4663,-0.000247627
4664,9.4205e-05
4665,0.000556213
4666,0.000725166
4667,0.000637125
4668,0.000429502
4669,0.000133837
4670,-5.10704e-05
4671,0.000127903
4672,0.000427424
4673,0.000260152
4674,-0.000396867
4675,-0.000833618
4676,-0.000606272
4677,-0.000138356
4678,-1.43528e-05
4679,-0.000207329
4680,-0.000361369
4681,-0.000348504
4682,-0.000169082
4683,0.000237735
4684,0.000690735
4685,0.000723237
4686,0.000265934
4687,-5.57089e-05
4688,0.000234052
4689,0.000721094
4690,0.000706081
4691,0.000191053
4692,-0.000269814
4693,-0.000399566
4694,-0.000333892
4695,-0.000190046
4696,-5.33868e-05
4697,-0.000168937
4698,-0.000586163
4699,-0.000810789
4700,-0.000391914
4701,0.000305695
4702,0.000520463
4703,0.000172514
4704,-9.51032e-05
4705,0.000102194
4706,0.000488394
4707,0.000708734
4708,0.000708565
4709,0.000485035
4710,5.08626e-05
4711,-0.00027404
4712,-0.000118987
4713,0.00027417
4714,0.000226603
4715,-0.000380068
4716,-0.0008625
4717,-0.000708186
4718,-0.000229681
4719,2.38758e-05
4720,-1.61774e-05
4721,-0.000122704
4722,-0.000189442
4723,-0.000120715
4724,0.000247001
4725,0.000751457
4726,0.000858228
4727,0.000398944
4728,-4.45221e-05
4729,7.95667e-05
4730,0.000496124
4731,0.00055264
4732,0.000146037
4733,-0.00029517
4734,-0.00049606
4735,-0.000498545
4736,-0.000347224
4737,-0.000116553
4738,-8.77031e-05
4739,-0.000397207
4740,-0.000641691
4741,-0.000342106
4742,0.000294874
4743,0.000601807
4744,0.000387986
4745,0.000124955
4746,0.00018763
4747,0.000429589
4748,0.00058241
4749,0.000587132
4750,0.000419473
4751,4.61006e-05
4752,-0.000310104
4753,-0.000302073
4754,-1.47217e-05
4755,3.761e-05
4756,-0.00034278
4757,-0.000710905
4758,-0.00063001
4759,-0.000256041
4760,2.12103e-06
4761,5.37851e-05
4762,5.3396e-05
4763,6.32878e-05
4764,0.000109469
4765,0.000310796
4766,0.000631021
4767,0.000739982
4768,0.000452984
4769,9.26911e-05
4770,6.45187e-05
4771,0.000260166
4772,0.00025572
4773,-4.42396e-05
4774,-0.000347795
4775,-0.00046245
4776,-0.000457066
4777,-0.000391829
4778,-0.000257641
4779,-0.000164265
4780,-0.000233101
4781,-0.00030287
4782,-9.37232e-05
4783,0.000315354
4784,0.000530424
4785,0.000417074
4786,0.00027474
4787,0.000343162
4788,0.000480352
4789,0.00047037
4790,0.000334449
4791,0.000169274
4792,-3.69686e-05
4793,-0.000247227
4794,-0.000303851
4795,-0.000207798
4796,-0.000212889
4797,-0.00042968
4798,-0.000584404
4799,-0.000416941
4800,-9.10573e-05
4801,6.80698e-05
4802,5.14895e-05
4803,8.56918e-05
4804,0.000231887
4805,0.000372142
4806,0.000473873
4807,0.000563518
4808,0.000538021
4809,0.000313902
4810,8.05849e-05
4811,7.86725e-05
4812,0.000185138
4813,6.44418e-05
4814,-0.000291066
4815,-0.00053022
4816,-0.000473636
4817,-0.000321322
4818,-0.000269652
4819,-0.000263228
4820,-0.000220258
4821,-0.000176311
4822,-9.0866e-05
4823,0.000165027
4824,0.000494381
4825,0.000577206
4826,0.000357207
4827,0.000199707
4828,0.00035213
4829,0.000558631
4830,0.000467805
4831,0.000142708
4832,-0.000121136
4833,-0.00023783
4834,-0.000290736
4835,-0.000277146
4836,-0.000210757
4837,-0.000270494
4838,-0.000509211
4839,-0.000607937
4840,-0.000291852
4841,0.000174689
4842,0.000312675
4843,0.000124219
4844,4.02307e-05
4845,0.000249993
4846,0.000514957
4847,0.000619828
4848,0.000582421
4849,0.00041615
4850,0.000111717
4851,-0.000121511
4852,-3.52133e-05
4853,0.000181476
4854,5.66201e-05
4855,-0.00043523
4856,-0.000757084
4857,-0.000576408
4858,-0.00020231
4859,-5.48631e-05
4860,-0.000120123
4861,-0.000172868
4862,-0.000145672
4863,-1.2157e-05
4864,0.000317908
4865,0.000700816
4866,0.000730445
4867,0.000330483
4868,1.53036e-05
4869,0.000193359
4870,0.000544037
4871,0.000498904
4872,5.22934e-05
4873,-0.000347406
4874,-0.000470388
4875,-0.000419354
4876,-0.000281746
4877,-0.000127871
4878,-0.000174951
4879,-0.000481712
4880,-0.000637412
4881,-0.000250331
4882,0.000378583
4883,0.000589946
4884,0.00029631
4885,4.70841e-05
4886,0.000189713
4887,0.000497027
4888,0.000655735
4889,0.000610557
4890,0.000364629
4891,-5.73851e-05
4892,-0.000366197
4893,-0.00023525
4894,0.000117452
4895,8.52635e-05
4896,-0.000439037
4897,-0.000842469
4898,-0.000660923
4899,-0.000175664
4900,0.000105883
4901,0.0001015
4902,7.92315e-06
4903,-6.16943e-05
4904,5.66735e-06
4905,0.000357152
4906,0.000809294
4907,0.000850696
4908,0.000353486
4909,-0.000104727
4910,-8.85056e-06
4911,0.0003662
4912,0.000408591
4913,2.3344e-05
4914,-0.00040441
4915,-0.000614672
4916,-0.000595547
4917,-0.000357052
4918,-3.57155e-05
4919,7.99456e-06
4920,-0.000337177
4921,-0.000576941
4922,-0.000216655
4923,0.000463913
4924,0.00075545
4925,0.00049542
4926,0.000172703
4927,0.000154625
4928,0.00033837
4929,0.000518813
4930,0.000584702
4931,0.000374773
4932,-0.000147269
4933,-0.000580132
4934,-0.000468295
4935,-2.05542e-05
4936,8.25451e-05
4937,-0.000342764
4938,-0.000740761
4939,-0.000644636
4940,-0.000223491
4941,0.000141777
4942,0.000322675
4943,0.000310902
4944,0.00011474
4945,-1.40576e-05
4946,0.000267772
4947,0.000793284
4948,0.000916671
4949,0.000407564
4950,-0.000157535
4951,-0.000203708
4952,9.13276e-05
4953,0.000201003
4954,-1.08701e-05
4955,-0.000332804
4956,-0.000611767
4957,-0.000723756
4958,-0.000485824
4959,-4.81722e-06
4960,0.000211591
4961,-8.14145e-05
4962,-0.000396746
4963,-0.000162475
4964,0.000441363
4965,0.000776446
4966,0.000639223
4967,0.000358517
4968,0.00019473
4969,0.000153299
4970,0.000245424
4971,0.000421187
4972,0.000363096
4973,-0.000134444
4974,-0.000672306
4975,-0.00066748
4976,-0.000213334
4977,2.66811e-05
4978,-0.000220245
4979,-0.000532251
4980,-0.000499816
4981,-0.000200011
4982,0.000135694
4983,0.000416956
4984,0.00052565
4985,0.000340384
4986,8.79381e-05
4987,0.000198033
4988,0.000626648
4989,0.000791173
4990,0.000396526
4991,-0.000130045
4992,-0.000286677
4993,-0.000146847
4994,-6.69148e-05
4995,-0.000143698
4996,-0.000290174
4997,-0.000493218
4998,-0.000654996
4999,-0.00050781
