0,0
1,0
2,0
3,0
4,0
5,0
6,0
7,0
8,0
9,0
10,0
11,0
12,0
13,0
14,0
15,0
16,0
17,0
18,0
19,0
20,0
21,0
22,0
23,0
24,0
25,0
26,0
27,0
28,0
29,0
30,0
31,0
32,0
33,0
34,0
35,0
36,0
37,0
38,0
39,0
40,0
41,0
42,0
43,0
44,0
45,0
46,0
47,0
48,0
49,0
50,0
51,0
52,0
53,0
54,0
55,0
56,0
57,0
58,0
59,0
60,0
61,0
62,0
63,0
64,0
65,0
66,0
67,0
68,0
69,0
70,0
71,0
72,0
73,0
74,0
75,0
76,0
77,0
78,0
79,0
80,0
81,0
82,0
83,0
84,0
85,0
86,0
87,0
88,0
89,0
90,0
91,0
92,0
93,0
94,0
95,0
96,0
97,0
98,0
99,0
100,0
101,0
102,0
103,0
104,0
105,0
106,0
107,0
108,0
109,0
110,0
111,0
112,0
113,0
114,0
115,0
116,0
117,0
118,0
119,0
120,0
121,0
122,0
123,0
124,0
125,0
126,0
127,0
128,0
129,0
130,0
131,0
132,0
133,0
134,0
135,0
136,0
137,0
138,0
139,0
140,0
141,0
142,0
143,0
144,0
145,0
146,0
147,0
148,0
149,0
150,0
151,0
152,0
153,0
154,0
155,0
156,0
157,0
158,0
159,0
160,0
161,0
162,0
163,0
164,0
165,0
166,0
167,0
168,0
169,0
170,0
171,0
172,0
173,0
174,0
175,0
176,0
177,0
178,0
179,0
180,0
181,0
182,0
183,0
184,0
185,0
186,0
187,0
188,0
189,0
190,0
191,0
192,0
193,0
194,0
195,0
196,0
197,0
198,0
199,0
200,0
201,0
202,0
203,0
204,0
205,0
206,0
207,0
208,0
209,0
210,0
211,0
212,0
213,0
214,0
215,0
216,0
217,0
218,0
219,0
220,0
221,0
222,0
223,0
224,0
225,0
226,0
227,0
228,0
229,0
230,0
231,0
232,0
233,0
234,0
235,0
236,0
237,0
238,0
239,0
240,0
241,0
242,0
243,0
244,0
245,0
246,0
247,0
248,0
249,0
250,0
251,0
252,0
253,0
254,0
255,0
256,0
257,0
258,0
259,0
260,0
261,0
262,0
263,0
264,0
265,0
266,0
267,0
268,0
269,0
270,0
271,0
272,0
273,0
274,0
275,0
276,0
277,0
278,0
279,0
280,0
281,0
282,0
283,0
284,0
285,0
286,0
287,0
288,0
289,0
290,0
291,0
292,0
293,0
294,0
295,0
296,0
297,0
298,0
299,0
300,0
301,0
302,0
303,0
304,0
305,0
306,0
307,0
308,0
309,0
310,0
311,0
312,0
313,0
314,0
315,0
316,0
317,0
318,0
319,0
320,0
321,0
322,0
323,0
324,0
325,0
326,0
327,0
328,0
329,0
330,0
331,0
332,0
333,0
334,0
335,0
336,0
337,0
338,0
339,0
340,0
341,0
342,0
343,0
344,0
345,0
346,0
347,0
348,0
349,0
350,0
351,0
352,0
353,0
354,0
355,0
356,0
357,0
358,0
359,0
360,0
361,0
362,0
363,0
364,0
365,0
366,0
367,0
368,0
369,0
370,0
371,0
372,0
373,0
374,0
375,0
376,0
377,0
378,0
379,0
380,0
381,0
382,0
383,0
384,0
385,0
386,0
387,0
388,0
389,0
390,0
391,0
392,0
393,0
394,0
395,0
396,0
397,0
398,0
399,0
400,0
401,0
402,0
403,0
404,0
405,0
406,0
407,0
408,0
409,0
410,0
411,0
412,0
413,0
414,0
415,0
416,0
417,0
418,0
419,0
420,0
421,0
422,0
423,0
424,0
425,0
426,0
427,0
428,1.60785e-257
429,6.91219e-255
430,1.66815e-252
431,2.91679e-250
432,4.03977e-248
433,4.63547e-246
434,4.53535e-244
435,3.86386e-242
436,2.91331e-240
437,1.96947e-238
438,1.20644e-236
439,6.75566e-235
440,3.48368e-233
441,1.66472e-231
442,7.41172e-230
443,3.08896e-228
444,1.21006e-226
445,4.47183e-225
446,1.56404e-223
447,5.19228e-222
448,1.64039e-220
449,4.9436e-219
450,1.42423e-217
451,3.93016e-216
452,1.04068e-214
453,2.64861e-213
454,6.48903e-212
455,1.53256e-210
456,3.49384e-209
457,7.69783e-208
458,1.64101e-206
459,3.38839e-205
460,6.78351e-204
461,1.31796e-202
462,2.48726e-201
463,4.56326e-200
464,8.14532e-199
465,1.41561e-197
466,2.39711e-196
467,3.95764e-195
468,6.37473e-194
469,1.00237e-192
470,1.53954e-191
471,2.31091e-190
472,3.39185e-189
473,4.87044e-188
474,6.84522e-187
475,9.42091e-186
476,1.27021e-184
477,1.6785e-183
478,2.17472e-182
479,2.76371e-181
480,3.44629e-180
481,4.21828e-179
482,5.06987e-178
483,5.9852e-177
484,6.94259e-176
485,7.91519e-175
486,8.87212e-174
487,9.78015e-173
488,1.06057e-171
489,1.13167e-170
490,1.18853e-169
491,1.22889e-168
492,1.25124e-167
493,1.25484e-166
494,1.23984e-165
495,1.20716e-164
496,1.15846e-163
497,1.09598e-162
498,1.0224e-161
499,9.40645e-161
500,8.53682e-160
501,7.6439e-159
502,6.75401e-158
503,5.88997e-157
504,5.07044e-156
505,4.30954e-155
506,3.61693e-154
507,2.99808e-153
508,2.45476e-152
509,1.98564e-151
510,1.58703e-150
511,1.2535e-149
512,9.78539e-149
513,7.55105e-148
514,5.76064e-147
515,4.34534e-146
516,3.24134e-145
517,2.39125e-144
518,1.74493e-143
519,1.25962e-142
520,8.9961e-142
521,6.35735e-141
522,4.44583e-140
523,3.07703e-139
524,2.10794e-138
525,1.42948e-137
526,9.59707e-137
527,6.37941e-136
528,4.19902e-135
529,2.73704e-134
530,1.76695e-133
531,1.12983e-132
532,7.15633e-132
533,4.49049e-131
534,2.79165e-130
535,1.71961e-129
536,1.04963e-128
537,6.34914e-128
538,3.80629e-127
539,2.26169e-126
540,1.33211e-125
541,7.77779e-125
542,4.5021e-124
543,2.58374e-123
544,1.47024e-122
545,8.29588e-122
546,4.64199e-121
547,2.57598e-120
548,1.41777e-119
549,7.73971e-119
550,4.19107e-118
551,2.25132e-117
552,1.19973e-116
553,6.34306e-116
554,3.32738e-115
555,1.7319e-114
556,8.94512e-114
557,4.58476e-113
558,2.33206e-112
559,1.17727e-111
560,5.8987e-111
561,2.93359e-110
562,1.4482e-109
563,7.09687e-109
564,3.45253e-108
565,1.66749e-107
566,7.99583e-107
567,3.80681e-106
568,1.7996e-105
569,8.44757e-105
570,3.93773e-104
571,1.8228e-103
572,8.37979e-103
573,3.826e-102
574,1.73498e-101
575,7.81451e-101
576,3.4961e-100
577,1.55368e-99
578,6.85882e-99
579,3.00793e-98
580,1.31049e-97
581,5.67239e-97
582,2.43938e-96
583,1.0423e-95
584,4.42507e-95
585,1.86673e-94
586,7.82508e-94
587,3.25958e-93
588,1.34932e-92
589,5.55087e-92
590,2.26944e-91
591,9.22154e-91
592,3.72415e-90
593,1.49488e-89
594,5.96426e-89
595,2.36532e-88
596,9.32441e-88
597,3.65397e-87
598,1.42342e-86
599,5.51241e-86
600,2.12228e-85
601,8.12322e-85
602,3.09124e-84
603,1.16958e-83
604,4.39977e-83
605,1.64569e-82
606,6.1206e-82
607,2.2635e-81
608,8.3238e-81
609,3.04388e-80
610,1.1069e-79
611,4.00294e-79
612,1.43963e-78
613,5.14909e-78
614,1.83161e-77
615,6.47991e-77
616,2.28007e-76
617,7.97962e-76
618,2.77767e-75
619,9.61736e-75
620,3.3122e-74
621,1.13468e-73
622,3.86664e-73
623,1.31072e-72
624,4.41992e-72
625,1.4827e-71
626,4.94807e-71
627,1.64276e-70
628,5.42593e-70
629,1.78298e-69
630,5.82911e-69
631,1.89604e-68
632,6.1361e-68
633,1.97581e-67
634,6.33017e-67
635,2.01795e-66
636,6.40087e-66
637,2.02027e-65
638,6.34498e-65
639,1.98294e-64
640,6.16672e-64
641,1.90842e-63
642,5.87724e-63
643,1.80121e-62
644,5.49352e-62
645,1.66741e-61
646,5.0367e-61
647,1.51415e-60
648,4.53021e-60
649,1.34896e-59
650,3.99782e-59
651,1.17922e-58
652,3.46193e-58
653,1.01159e-57
654,2.9421e-57
655,8.51697e-57
656,2.4541e-56
657,7.03863e-56
658,2.00945e-55
659,5.71038e-55
660,1.61532e-54
661,4.54845e-54
662,1.27493e-53
663,3.55741e-53
664,9.88121e-53
665,2.73226e-52
666,7.52097e-52
667,2.06097e-51
668,5.62242e-51
669,1.52697e-50
670,4.12859e-50
671,1.11132e-49
672,2.97818e-49
673,7.94586e-49
674,2.11064e-48
675,5.58181e-48
676,1.4697e-47
677,3.85284e-47
678,1.00562e-46
679,2.61335e-46
680,6.76194e-46
681,1.74205e-45
682,4.46861e-45
683,1.14132e-44
684,2.90252e-44
685,7.34978e-44
686,1.85316e-43
687,4.65256e-43
688,1.1631e-42
689,2.8953e-42
690,7.17666e-42
691,1.77137e-41
692,4.3537e-41
693,1.06555e-40
694,2.5969e-40
695,6.30246e-40
696,1.52314e-39
697,3.66564e-39
698,8.78502e-39
699,2.09662e-38
700,4.98296e-38
701,1.17936e-37
702,2.77972e-37
703,6.52459e-37
704,1.52513e-36
705,3.55029e-36
706,8.23054e-36
707,1.90021e-35
708,4.36906e-35
709,1.00043e-34
710,2.28142e-34
711,5.18135e-34
712,1.17193e-33
713,2.63989e-33
714,5.92237e-33
715,1.32323e-32
716,2.94445e-32
717,6.5254e-32
718,1.44027e-31
719,3.16606e-31
720,6.93157e-31
721,1.51142e-30
722,3.28232e-30
723,7.09936e-30
724,1.52934e-29
725,3.28121e-29
726,7.01153e-29
727,1.49225e-28
728,3.16315e-28
729,6.67805e-28
730,1.40421e-27
731,2.94083e-27
732,6.13426e-27
733,1.27441e-26
734,2.63702e-26
735,5.4347e-26
736,1.11556e-25
737,2.28072e-25
738,4.64418e-25
739,9.419e-25
740,1.90266e-24
741,3.82803e-24
742,7.67098e-24
743,1.53104e-23
744,3.04355e-23
745,6.02609e-23
746,1.18837e-22
747,2.33413e-22
748,4.56623e-22
749,8.89712e-22
750,1.72663e-21
751,3.33738e-21
752,6.42494e-21
753,1.23194e-20
754,2.35267e-20
755,4.47496e-20
756,8.47752e-20
757,1.59956e-19
758,3.00594e-19
759,5.62613e-19
760,1.04878e-18
761,1.94718e-18
762,3.60057e-18
763,6.63096e-18
764,1.21624e-17
765,2.22179e-17
766,4.04221e-17
767,7.32433e-17
768,1.32174e-16
769,2.37548e-16
770,4.25188e-16
771,7.57934e-16
772,1.34555e-15
773,2.37894e-15
774,4.18869e-15
775,7.34481e-15
776,1.28259e-14
777,2.23046e-14
778,3.86275e-14
779,6.66178e-14
780,1.14412e-13
781,1.95675e-13
782,3.33256e-13
783,5.65188e-13
784,9.54499e-13
785,1.60517e-12
786,2.68795e-12
787,4.48201e-12
788,7.44165e-12
789,1.23028e-11
790,2.02521e-11
791,3.31941e-11
792,5.41714e-11
793,8.80215e-11
794,1.424e-10
795,2.29365e-10
796,3.67814e-10
797,5.87231e-10
798,9.33378e-10
799,1.47695e-09
800,2.32661e-09
801,3.64855e-09
802,5.6957e-09
803,8.85098e-09
804,1.36912e-08
805,2.10809e-08
806,3.23086e-08
807,4.92852e-08
808,7.48293e-08
809,1.13076e-07
810,1.70057e-07
811,2.54526e-07
812,3.7911e-07
813,5.61927e-07
814,8.28814e-07
815,1.21641e-06
816,1.77633e-06
817,2.58093e-06
818,3.73089e-06
819,5.36551e-06
820,7.67623e-06
821,1.09245e-05
822,1.54646e-05
823,2.17742e-05
824,3.04914e-05
825,4.24633e-05
826,5.8806e-05
827,8.09776e-05
828,0.000110868
829,0.000150908
830,0.000204191
831,0.000274622
832,0.000367081
833,0.000487603
834,0.000643565
835,0.000843882
836,0.00109918
837,0.00142196
838,0.00182665
839,0.00232967
840,0.00294923
841,0.00370509
842,0.00461795
843,0.00570868
844,0.00699704
845,0.0085001
846,0.0102301
847,0.0121918
848,0.0143794
849,0.0167729
850,0.0193338
851,0.0220012
852,0.0246874
853,0.027274
854,0.0296085
855,0.0315033
856,0.0327355
857,0.0330503
858,0.0321672
859,0.0297916
860,0.0256294
861,0.0194083
862,0.0109035
863,-3.22903e-05
864,-0.0134349
865,-0.0291931
866,-0.0470142
867,-0.0663938
868,-0.0865933
869,-0.106631
870,-0.12529
871,-0.141149
872,-0.152635
873,-0.158113
874,-0.155992
875,-0.144862
876,-0.123657
877,-0.0918127
878,-0.0494377
879,0.00254891
880,0.0623109
881,0.12705
882,0.193041
883,0.255751
884,0.31008
885,0.350683
886,0.372405
887,0.370773
888,0.342534
889,0.286172
890,0.202354
891,0.094255
892,-0.0323285
893,-0.169092
894,-0.305628
895,-0.430105
896,-0.530229
897,-0.594389
898,-0.612935
899,-0.57943
900,-0.491751
901,-0.352884
902,-0.171266
903,0.0394324
904,0.261134
905,0.472796
906,0.652365
907,0.779094
908,0.835977
909,0.812035
910,0.704132
911,0.51806
912,0.268676
913,-0.0210569
914,-0.322076
915,-0.602161
916,-0.829504
917,-0.976503
918,-1.02332
919,-0.960727
920,-0.791756
921,-0.53196
922,-0.208058
923,0.144893
924,0.487515
925,0.780824
926,0.991038
927,1.09382
928,1.07739
929,0.943989
930,0.709586
931,0.401739
932,0.0560094
933,-0.288605
934,-0.594533
935,-0.830105
936,-0.97303
937,-1.01244
938,-0.949298
939,-0.795309
940,-0.570546
941,-0.300389
942,-0.0122571
943,0.267337
944,0.515049
945,0.712113
946,0.844943
947,0.905139
948,0.889207
949,0.798273
950,0.637996
951,0.418704
952,0.155584
953,-0.13135
954,-0.417865
955,-0.67696
956,-0.881264
957,-1.00622
958,-1.03366
959,-0.955062
960,-0.77397
961,-0.506703
962,-0.181186
963,0.166219
964,0.495458
965,0.76835
966,0.954013
967,1.03315
968,1.00046
969,0.864687
970,0.646501
971,0.374656
972,0.0812973
973,-0.202602
974,-0.450849
975,-0.644142
976,-0.770608
977,-0.825063
978,-0.80761
979,-0.722261
980,-0.576105
981,-0.379246
982,-0.145331
983,0.107833
984,0.358236
985,0.580757
986,0.749643
987,0.842158
988,0.842743
989,0.746688
990,0.562302
991,0.310788
992,0.0235983
993,-0.262383
994,-0.510847
995,-0.691975
996,-0.78695
997,-0.79013
998,-0.708536
999,-0.559017
1000,-0.364037
1001,-0.147265
1002,0.0698824
1003,0.270089
1004,0.440279
1005,0.570584
1006,0.652999
1007,0.680667
1008,0.648341
1009,0.554054
1010,0.401408
1011,0.201498
1012,-0.0265382
1013,-0.257037
1014,-0.461396
1015,-0.613051
1016,-0.692583
1017,-0.691551
1018,-0.613926
1019,-0.474697
1020,-0.296066
1021,-0.102366
1022,0.0847659
1023,0.249622
1024,0.383283
1025,0.482211
1026,0.545446
1027,0.571794
1028,0.558277
1029,0.500606
1030,0.395588
1031,0.244512
1032,0.0561035
1033,-0.15235
1034,-0.356507
1035,-0.529008
1036,-0.644993
1037,-0.687493
1038,-0.651049
1039,-0.542483
1040,-0.378699
1041,-0.182364
1042,0.0230325
1043,0.217172
1044,0.384874
1045,0.515877
1046,0.603158
1047,0.641069
1048,0.624556
1049,0.550118
1050,0.418269
1051,0.236396
1052,0.0205374
1053,-0.205181
1054,-0.411886
1055,-0.571421
1056,-0.662364
1057,-0.674673
1058,-0.611415
1059,-0.487004
1060,-0.322667
1061,-0.140762
1062,0.0399867
1063,0.206824
1064,0.352336
1065,0.471655
1066,0.559141
1067,0.606432
1068,0.60307
1069,0.539762
1070,0.413067
1071,0.229506
1072,0.00717469
1073,-0.226227
1074,-0.438638
1075,-0.600561
1076,-0.6914
1077,-0.70316
1078,-0.640462
1079,-0.517283
1080,-0.351971
1081,-0.162628
1082,0.0354952
1083,0.230001
1084,0.409479
1085,0.561346
1086,0.671078
1087,0.72378
1088,0.707799
1089,0.618989
1090,0.463696
1091,0.25897
1092,0.0295858
1093,-0.197204
1094,-0.397269
1095,-0.553552
1096,-0.657144
1097,-0.70554
1098,-0.699451
1099,-0.640073
1100,-0.528417
1101,-0.367099
1102,-0.163629
1103,0.0667418
1104,0.30058
1105,0.509234
1106,0.664671
1107,0.74621
1108,0.745613
1109,0.668511
1110,0.531603
1111,0.356864
1112,0.165196
1113,-0.0278651
1114,-0.212847
1115,-0.383627
1116,-0.533151
1117,-0.65018
1118,-0.719157
1119,-0.723755
1120,-0.652806
1121,-0.506031
1122,-0.29689
1123,-0.0510222
1124,0.199338
1125,0.422877
1126,0.59577
1127,0.704965
1128,0.747443
1129,0.726553
1130,0.647754
1131,0.516126
1132,0.336846
1133,0.118105
1134,-0.125494
1135,-0.371417
1136,-0.591083
1137,-0.755015
1138,-0.839511
1139,-0.832275
1140,-0.73485
1141,-0.56118
1142,-0.333271
1143,-0.0760829
1144,0.186237
1145,0.431727
1146,0.64008
1147,0.791824
1148,0.86896
1149,0.85785
1150,0.753562
1151,0.563709
1152,0.309537
1153,0.0230484
1154,-0.2593
1155,-0.504176
1156,-0.687427
1157,-0.796537
1158,-0.829123
1159,-0.789001
1160,-0.682354
1161,-0.516199
1162,-0.299808
1163,-0.047827
1164,0.217379
1165,0.466474
1166,0.667772
1167,0.794442
1168,0.831393
1169,0.778837
1170,0.650901
1171,0.469963
1172,0.259403
1173,0.0381303
1174,-0.180842
1175,-0.387682
1176,-0.571096
1177,-0.715029
1178,-0.799282
1179,-0.804496
1180,-0.719509
1181,-0.547593
1182,-0.308382
1183,-0.0342459
1184,0.237559
1185,0.473682
1186,0.650905
1187,0.757759
1188,0.79191
1189,0.755723
1190,0.653007
1191,0.488863
1192,0.272388
1193,0.0201007
1194,-0.242728
1195,-0.484628
1196,-0.674049
1197,-0.786734
1198,-0.811214
1199,-0.750159
1200,-0.617334
1201,-0.432046
1202,-0.213949
1203,0.0194834
1204,0.252307
1205,0.467738
1206,0.646517
1207,0.767959
1208,0.813937
1209,0.774168
1210,0.650241
1211,0.456304
1212,0.216011
1213,-0.0428058
1214,-0.293325
1215,-0.512779
1216,-0.682896
1217,-0.788941
1218,-0.819314
1219,-0.767052
1220,-0.632998
1221,-0.428837
1222,-0.177659
1223,0.0892519
1224,0.338822
1225,0.543335
1226,0.685329
1227,0.758319
1228,0.763643
1229,0.705752
1230,0.589006
1231,0.417929
1232,0.200631
1233,-0.0470877
1234,-0.300123
1235,-0.526951
1236,-0.696531
1237,-0.786407
1238,-0.788292
1239,-0.70864
1240,-0.564267
1241,-0.375615
1242,-0.16126
1243,0.0637657
1244,0.2858
1245,0.488912
1246,0.653118
1247,0.756631
1248,0.781723
1249,0.72137
1250,0.583022
1251,0.387175
1252,0.161218
1253,-0.068435
1254,-0.282001
1255,-0.467274
1256,-0.616169
1257,-0.719802
1258,-0.765895
1259,-0.74084
1260,-0.635805
1261,-0.453662
1262,-0.212618
1263,0.0559545
1264,0.315011
1265,0.53135
1266,0.682889
1267,0.760804
1268,0.766547
1269,0.706399
1270,0.587197
1271,0.415654
1272,0.201092
1273,-0.0408721
1274,-0.28685
1275,-0.508217
1276,-0.677038
1277,-0.772713
1278,-0.786257
1279,-0.720525
1280,-0.586978
1281,-0.401337
1282,-0.180615
1283,0.0573663
1284,0.292862
1285,0.503602
1286,0.666487
1287,0.761716
1288,0.777655
1289,0.713934
1290,0.581043
1291,0.396658
1292,0.180722
1293,-0.0481239
1294,-0.273235
1295,-0.478303
1296,-0.645489
1297,-0.755696
1298,-0.791917
1299,-0.744463
1300,-0.615393
1301,-0.419612
1302,-0.181799
1303,0.0694227
1304,0.307352
1305,0.51065
1306,0.663666
1307,0.754926
1308,0.776016
1309,0.722439
1310,0.596206
1311,0.408322
1312,0.178937
1313,-0.0657814
1314,-0.299017
1315,-0.498397
1316,-0.648457
1317,-0.739807
1318,-0.766489
1319,-0.724164
1320,-0.611075
1321,-0.431628
1322,-0.200199
1323,0.0579277
1324,0.310268
1325,0.524579
1326,0.676749
1327,0.755344
1328,0.760861
1329,0.700734
1330,0.583609
1331,0.416589
1332,0.207037
1333,-0.0326827
1334,-0.281337
1335,-0.509387
1336,-0.684938
1337,-0.782678
1338,-0.791325
1339,-0.715801
1340,-0.573237
1341,-0.385386
1342,-0.171841
1343,0.0524418
1344,0.274812
1345,0.480462
1346,0.649824
1347,0.760526
1348,0.793503
1349,0.740047
1350,0.605789
1351,0.409382
1352,0.176709
1353,-0.066046
1354,-0.29691
1355,-0.498611
1356,-0.656301
1357,-0.755532
1358,-0.783074
1359,-0.73085
1360,-0.600716
1361,-0.406811
1362,-0.173416
1363,0.0710058
1364,0.300604
1365,0.496313
1366,0.645778
1367,0.740194
1368,0.771241
1369,0.731033
1370,0.615772
1371,0.430948
1372,0.194502
1373,-0.0647686
1374,-0.313512
1375,-0.522022
1376,-0.670384
1377,-0.749971
1378,-0.760508
1379,-0.70546
1380,-0.589121
1381,-0.41721
1382,-0.200083
1383,0.0442734
1384,0.290284
1385,0.508779
1386,0.673351
1387,0.76606
1388,0.779964
1389,0.717958
1390,0.589488
1391,0.407549
1392,0.187547
1393,-0.0521993
1394,-0.289945
1395,-0.50167
1396,-0.664326
1397,-0.760021
1398,-0.779206
1399,-0.721516
1400,-0.594388
1401,-0.410778
1402,-0.187478
1403,0.0554717
1404,0.295081
1405,0.506769
1406,0.667475
1407,0.759775
1408,0.775196
1409,0.715049
1410,0.588466
1411,0.409054
1412,0.192279
1413,-0.045018
1414,-0.283425
1415,-0.500067
1416,-0.670127
1417,-0.771349
1418,-0.789856
1419,-0.724322
1420,-0.586085
1421,-0.395026
1422,-0.173513
1423,0.0582993
1424,0.283587
1425,0.486782
1426,0.650912
1427,0.757375
1428,0.789447
1429,0.738033
1430,0.606383
1431,0.410768
1432,0.17647
1433,-0.0688119
1434,-0.300698
1435,-0.500451
1436,-0.653853
1437,-0.748892
1438,-0.77509
1439,-0.725706
1440,-0.601635
1441,-0.414179
1442,-0.18437
1443,0.0613307
1444,0.296799
1445,0.500482
1446,0.656401
1447,0.752615
1448,0.779629
1449,0.731067
1450,0.606877
1451,0.416967
1452,0.182222
1453,-0.0687997
1454,-0.306479
1455,-0.506759
1456,-0.654422
1457,-0.741838
1458,-0.765059
1459,-0.720847
1460,-0.607369
1461,-0.428394
1462,-0.197926
1463,0.0586303
1464,0.308719
1465,0.520784
1466,0.672176
1467,0.752722
1468,0.76263
1469,0.706997
1470,0.591198
1471,0.42041
1472,0.203312
1473,-0.0432987
1474,-0.293158
1475,-0.514621
1476,-0.678717
1477,-0.766941
1478,-0.774649
1479,-0.708672
1480,-0.581408
1481,-0.405601
1482,-0.193034
1483,0.0427776
1484,0.282888
1485,0.502051
1486,0.672562
1487,0.771379
1488,0.786704
1489,0.720423
1490,0.585401
1491,0.399765
1492,0.181876
1493,-0.0513586
1494,-0.282902
1495,-0.493271
1496,-0.660476
1497,-0.763441
1498,-0.787496
1499,-0.728879
1500,-0.595754
1501,-0.405372
1502,-0.179325
1503,0.0604235
1504,0.293169
1505,0.499194
1506,0.659477
1507,0.757023
1508,0.779889
1509,0.724389
1510,0.5965
1511,0.410593
1512,0.186273
1513,-0.0548544
1514,-0.291045
1515,-0.500923
1516,-0.663928
1517,-0.76206
1518,-0.783113
1519,-0.723986
1520,-0.592076
1521,-0.403637
1522,-0.179806
1523,0.0575959
1524,0.2884
1525,0.494068
1526,0.656637
1527,0.758805
1528,0.786424
1529,0.732691
1530,0.601679
1531,0.408828
1532,0.17767
1533,-0.0656649
1534,-0.297404
1535,-0.498366
1536,-0.653373
1537,-0.749659
1538,-0.776591
1539,-0.727714
1540,-0.604103
1541,-0.416722
1542,-0.185905
1543,0.0622415
1544,0.300893
1545,0.506722
1546,0.661842
1547,0.753717
1548,0.774516
1549,0.721336
1550,0.597501
1551,0.41381
1552,0.188319
1553,-0.0558647
1554,-0.293957
1555,-0.502685
1556,-0.662364
1557,-0.757957
1558,-0.779823
1559,-0.724737
1560,-0.59711
1561,-0.409607
1562,-0.182168
1563,0.0609722
1564,0.29537
1565,0.499724
1566,0.657019
1567,0.753811
1568,0.779724
1569,0.728926
1570,0.603214
1571,0.414299
1572,0.183094
1573,-0.0640952
1574,-0.300617
1575,-0.503685
1576,-0.656552
1577,-0.748395
1578,-0.772548
1579,-0.724959
1580,-0.605158
1581,-0.420107
1582,-0.187752
1583,0.0641576
1584,0.304929
1585,0.509086
1586,0.660139
1587,0.748808
1588,0.769628
1589,0.719997
1590,0.601631
1591,0.422061
1592,0.195471
1593,-0.0563086
1594,-0.304065
1595,-0.516186
1596,-0.66822
1597,-0.750045
1598,-0.763486
1599,-0.712709
1600,-0.598363
1601,-0.422321
1602,-0.19687
1603,0.0532566
1604,0.2984
1605,0.512098
1606,0.672753
1607,0.762959
1608,0.773503
1609,0.708844
1610,0.584003
1611,0.412818
1612,0.201656
1613,-0.0413967
1614,-0.292712
1615,-0.514668
1616,-0.67456
1617,-0.759898
1618,-0.773381
1619,-0.717703
1620,-0.592594
1621,-0.406553
1622,-0.182865
1623,0.052069
1624,0.282083
1625,0.495852
1626,0.670751
1627,0.773627
1628,0.784244
1629,0.712289
1630,0.583453
1631,0.412013
1632,0.197357
1633,-0.0515242
1634,-0.300545
1635,-0.509089
1636,-0.658307
1637,-0.750025
1638,-0.78059
1639,-0.731951
1640,-0.59648
1641,-0.398779
1642,-0.178283
1643,0.0458848
1644,0.276679
1645,0.503623
1646,0.683773
1647,0.773088
1648,0.768489
1649,0.701395
1650,0.591245
1651,0.425895
1652,0.19695
1653,-0.0636394
1654,-0.302626
1655,-0.49445
1656,-0.648263
1657,-0.763361
1658,-0.803263
1659,-0.733874
1660,-0.57379
1661,-0.380319
1662,-0.185667
1663,0.0270405
1664,0.273077
1665,0.514738
1666,0.686
1667,0.759838
1668,0.762794
1669,0.719521
1670,0.612893
1671,0.419844
1672,0.167217
1673,-0.0802971
1674,-0.286829
1675,-0.469735
1676,-0.645633
1677,-0.778469
1678,-0.808691
1679,-0.724065
1680,-0.571738
1681,-0.396821
1682,-0.197453
1683,0.0428623
1684,0.30031
1685,0.517373
1686,0.65985
1687,0.739368
1688,0.772026
1689,0.739996
1690,0.614964
1691,0.407101
1692,0.166132
1693,-0.0661829
1694,-0.283616
1695,-0.489389
1696,-0.662259
1697,-0.765491
1698,-0.781217
1699,-0.719256
1700,-0.594648
1701,-0.413728
1702,-0.186785
1703,0.0600962
1704,0.296092
1705,0.501081
1706,0.661655
1707,0.75977
1708,0.778727
1709,0.718759
1710,0.594679
1711,0.417731
1712,0.193007
1713,-0.0610268
1714,-0.305183
1715,-0.504151
1716,-0.65019
1717,-0.748727
1718,-0.786891
1719,-0.736824
1720,-0.594208
1721,-0.394558
1722,-0.178835
1723,0.043409
1724,0.279034
1725,0.508237
1726,0.681265
1727,0.763602
1728,0.764792
1729,0.71045
1730,0.601973
1731,0.424289
1732,0.186736
1733,-0.0674429
1734,-0.297505
1735,-0.492865
1736,-0.654378
1737,-0.763788
1738,-0.790519
1739,-0.724612
1740,-0.586353
1741,-0.402234
1742,-0.186029
1743,0.0516795
1744,0.289095
1745,0.499076
1746,0.662088
1747,0.763983
1748,0.78837
1749,0.7254
1750,0.587149
1751,0.401336
1752,0.187601
1753,-0.047993
1754,-0.291248
1755,-0.507473
1756,-0.662935
1757,-0.74976
1758,-0.775443
1759,-0.734222
1760,-0.609144
1761,-0.405997
1762,-0.166105
1763,0.0670632
1764,0.281905
1765,0.484732
1766,0.660898
1767,0.770907
1768,0.787498
1769,0.719287
1770,0.590478
1771,0.412518
1772,0.189299
1773,-0.0595811
1774,-0.298921
1775,-0.501115
1776,-0.655701
1777,-0.754457
1778,-0.781579
1779,-0.726459
1780,-0.596872
1781,-0.411366
1782,-0.186267
1783,0.0605021
1784,0.30025
1785,0.502648
1786,0.65348
1787,0.751141
1788,0.785398
1789,0.735474
1790,0.597053
1791,0.398514
1792,0.177797
1793,-0.048945
1794,-0.281303
1795,-0.502562
1796,-0.673389
1797,-0.763026
1798,-0.772147
1799,-0.7161
1800,-0.598554
1801,-0.416457
1802,-0.184438
1803,0.0629311
1804,0.294747
1805,0.496828
1806,0.65856
1807,0.760442
1808,0.783887
1809,0.725978
1810,0.596753
1811,0.408938
1812,0.179841
1813,-0.0628135
1814,-0.290583
1815,-0.489489
1816,-0.653966
1817,-0.765765
1818,-0.79447
1819,-0.726862
1820,-0.584218
1821,-0.399791
1822,-0.188229
1823,0.0488519
1824,0.293533
1825,0.507555
1826,0.661224
1827,0.750519
1828,0.77824
1829,0.733471
1830,0.604808
1831,0.40637
1832,0.174322
1833,-0.0614609
1834,-0.288709
1835,-0.495736
1836,-0.659219
1837,-0.756598
1838,-0.77992
1839,-0.729353
1840,-0.603577
1841,-0.409313
1842,-0.174112
1843,0.0655176
1844,0.288769
1845,0.491046
1846,0.659692
1847,0.765063
1848,0.783903
1849,0.720347
1850,0.593697
1851,0.414918
1852,0.189452
1853,-0.0617435
1854,-0.301611
1855,-0.501287
1856,-0.652638
1857,-0.751842
1858,-0.783329
1859,-0.730873
1860,-0.598033
1861,-0.407171
1862,-0.181985
1863,0.0590303
1864,0.294862
1865,0.500697
1866,0.65761
1867,0.75525
1868,0.783107
1869,0.729678
1870,0.596558
1871,0.405398
1872,0.183198
1873,-0.0533731
1874,-0.291203
1875,-0.505486
1876,-0.665106
1877,-0.753453
1878,-0.772507
1879,-0.724835
1880,-0.604743
1881,-0.414527
1882,-0.179343
1883,0.0649842
1884,0.294235
1885,0.496952
1886,0.65864
1887,0.758046
1888,0.780565
1889,0.725674
1890,0.599698
1891,0.411799
1892,0.181234
1893,-0.0619601
1894,-0.291778
1895,-0.495364
1896,-0.660673
1897,-0.763938
1898,-0.782543
1899,-0.717374
1900,-0.589364
1901,-0.414252
1902,-0.195174
1903,0.0557237
1904,0.303473
1905,0.509782
1906,0.658258
1907,0.7493
1908,0.777267
1909,0.728214
1910,0.59995
1911,0.410751
1912,0.185168
1913,-0.0573893
1914,-0.296172
1915,-0.504108
1916,-0.65903
1917,-0.752622
1918,-0.780174
1919,-0.730294
1920,-0.597827
1921,-0.402329
1922,-0.178659
1923,0.0511287
1924,0.282372
1925,0.501897
1926,0.674403
1927,0.766297
1928,0.773342
1929,0.712564
1930,0.594291
1931,0.41754
1932,0.190992
1933,-0.0574065
1934,-0.296007
1935,-0.503503
1936,-0.663622
1937,-0.758382
1938,-0.776178
1939,-0.71967
1940,-0.597607
1941,-0.415706
1942,-0.185488
1943,0.0640322
1944,0.297412
1945,0.49523
1946,0.653579
1947,0.760987
1948,0.791449
1949,0.728843
1950,0.587783
1951,0.399742
1952,0.185386
1953,-0.0480933
1954,-0.287031
1955,-0.503015
1956,-0.666879
1957,-0.761649
1958,-0.780209
1959,-0.720904
1960,-0.591145
1961,-0.407975
1962,-0.189008
1963,0.0517826
1964,0.294655
1965,0.508468
1966,0.664354
1967,0.751998
1968,0.773995
1969,0.727695
1970,0.604994
1971,0.412003
1972,0.1776
1973,-0.063859
1974,-0.291505
1975,-0.494518
1976,-0.657553
1977,-0.759305
1978,-0.783902
1979,-0.727548
1980,-0.596517
1981,-0.405984
1982,-0.17967
1983,0.0574654
1984,0.287889
1985,0.49773
1986,0.665508
1987,0.764268
1988,0.779325
1989,0.717313
1990,0.593233
1991,0.415629
1992,0.191824
1993,-0.0575825
1994,-0.29987
1995,-0.506245
1996,-0.660444
1997,-0.752783
1998,-0.774764
1999,-0.722604
2000,-0.600293
2001,-0.416987
2002,-0.187359
2003,0.0632297
2004,0.301787
2005,0.502535
2006,0.65496
2007,0.752892
2008,0.782205
2009,0.728755
2010,0.596268
2011,0.407159
2012,0.185364
2013,-0.0531627
2014,-0.291766
2015,-0.505061
2016,-0.666309
2017,-0.758722
2018,-0.77612
2019,-0.718442
2020,-0.592357
2021,-0.411999
2022,-0.193136
2023,0.0499861
2024,0.296603
2025,0.513847
2026,0.669865
2027,0.752638
2028,0.767882
2029,0.719256
2030,0.601677
2031,0.417335
2032,0.187652
2033,-0.0575119
2034,-0.29493
2035,-0.505648
2036,-0.666629
2037,-0.757339
2038,-0.772439
2039,-0.718133
2040,-0.598249
2041,-0.415449
2042,-0.186161
2043,0.0586471
2044,0.292003
2045,0.499806
2046,0.666774
2047,0.766889
2048,0.780214
2049,0.712508
2050,0.585867
2051,0.413767
2052,0.198292
2053,-0.0489548
2054,-0.297036
2055,-0.511126
2056,-0.668739
2057,-0.758241
2058,-0.772936
2059,-0.714075
2060,-0.592018
2061,-0.417157
2062,-0.196334
2063,0.0545055
2064,0.301831
2065,0.509942
2066,0.661519
2067,0.753571
2068,0.778498
2069,0.72419
2070,0.593335
2071,0.407892
2072,0.189914
2073,-0.0490042
2074,-0.292867
2075,-0.509766
2076,-0.667887
2077,-0.755542
2078,-0.774528
2079,-0.722126
2080,-0.595104
2081,-0.407378
2082,-0.186513
2083,0.0480727
2084,0.287243
2085,0.509789
2086,0.676944
2087,0.760883
2088,0.766313
2089,0.711511
2090,0.59908
2091,0.421807
2092,0.19104
2093,-0.0593344
2094,-0.297196
2095,-0.504743
2096,-0.66579
2097,-0.758965
2098,-0.772691
2099,-0.714553
2100,-0.596321
2101,-0.420366
2102,-0.192415
2103,0.0608785
2104,0.301554
2105,0.504426
2106,0.659902
2107,0.756873
2108,0.778903
2109,0.720315
2110,0.593254
2111,0.413952
2112,0.193024
2113,-0.0543297
2114,-0.29894
2115,-0.508551
2116,-0.663412
2117,-0.754728
2118,-0.774873
2119,-0.719313
2120,-0.594645
2121,-0.415152
2122,-0.193706
2123,0.0544838
2124,0.301401
2125,0.511921
2126,0.663226
2127,0.750534
2128,0.772622
2129,0.722805
2130,0.599283
2131,0.415004
2132,0.190504
2133,-0.0551917
2134,-0.299508
2135,-0.511367
2136,-0.66382
2137,-0.748838
2138,-0.769961
2139,-0.724141
2140,-0.603519
2141,-0.414911
2142,-0.184721
2143,0.0585402
2144,0.295514
2145,0.506732
2146,0.666136
2147,0.754279
2148,0.770093
2149,0.720082
2150,0.603313
2151,0.419206
2152,0.185893
2153,-0.0625415
2154,-0.297186
2155,-0.502088
2156,-0.662022
2157,-0.756998
2158,-0.774802
2159,-0.718988
2160,-0.598384
2161,-0.418066
2162,-0.188894
2163,0.0618324
2164,0.300158
2165,0.503141
2166,0.659202
2167,0.755787
2168,0.77842
2169,0.722475
2170,0.596757
2171,0.414391
2172,0.18892
2173,-0.0586553
2174,-0.298565
2175,-0.503985
2176,-0.659396
2177,-0.754678
2178,-0.778495
2179,-0.724
2180,-0.596833
2181,-0.411988
2182,-0.186694
2183,0.0585334
2184,0.297029
2185,0.502769
2186,0.659178
2187,0.75604
2188,0.781468
2189,0.726118
2190,0.595196
2191,0.408185
2192,0.18586
2193,-0.0549404
2194,-0.293529
2195,-0.503034
2196,-0.661124
2197,-0.756443
2198,-0.781162
2199,-0.726713
2200,-0.594658
2201,-0.404813
2202,-0.183399
2203,0.052324
2204,0.289174
2205,0.503745
2206,0.66623
2207,0.758535
2208,0.778155
2209,0.724908
2210,0.597461
2211,0.406858
2212,0.18057
2213,-0.0547956
2214,-0.285568
2215,-0.498572
2216,-0.667419
2217,-0.764064
2218,-0.779167
2219,-0.720192
2220,-0.594639
2221,-0.40896
2222,-0.181827
2223,0.0573326
2224,0.286437
2225,0.494811
2226,0.665683
2227,0.769495
2228,0.784878
2229,0.717249
2230,0.587136
2231,0.408372
2232,0.189067
2233,-0.0528852
2234,-0.289924
2235,-0.499102
2236,-0.664349
2237,-0.766294
2238,-0.785141
2239,-0.718489
2240,-0.585205
2241,-0.406212
2242,-0.19121
2243,0.0497171
2244,0.291952
2245,0.504189
2246,0.664738
2247,0.761603
2248,0.783323
2249,0.722778
2250,0.588998
2251,0.404135
2252,0.187468
2253,-0.0489115
2254,-0.288135
2255,-0.502944
2256,-0.666586
2257,-0.762726
2258,-0.78258
2259,-0.722068
2260,-0.58842
2261,-0.402481
2262,-0.186426
2263,0.0467822
2264,0.28522
2265,0.50444
2266,0.67192
2267,0.765019
2268,0.778604
2269,0.717361
2270,0.589383
2271,0.407733
2272,0.189772
2273,-0.0480085
2274,-0.288592
2275,-0.506755
2276,-0.67141
2277,-0.761302
2278,-0.774109
2279,-0.716957
2280,-0.594541
2281,-0.412582
2282,-0.187547
2283,0.055359
2284,0.292256
2285,0.5028
2286,0.665605
2287,0.760719
2288,0.778527
2289,0.721104
2290,0.595144
2291,0.410214
2292,0.18442
2293,-0.0564333
2294,-0.289241
2295,-0.497815
2296,-0.664426
2297,-0.765436
2298,-0.783123
2299,-0.718778
2300,-0.588282
2301,-0.407662
2302,-0.189139
2303,0.051268
2304,0.290418
2305,0.503444
2306,0.667847
2307,0.763865
2308,0.779198
2309,0.716312
2310,0.589544
2311,0.412491
2312,0.193705
2313,-0.0523877
2314,-0.297282
2315,-0.508096
2316,-0.663269
2317,-0.754328
2318,-0.776167
2319,-0.723575
2320,-0.597927
2321,-0.411711
2322,-0.185009
2323,0.0589717
2324,0.295402
2325,0.500957
2326,0.658545
2327,0.756544
2328,0.783434
2329,0.7292
2330,0.596002
2331,0.403673
2332,0.179799
2333,-0.0544323
2334,-0.285431
2335,-0.497028
2336,-0.665275
2337,-0.76563
2338,-0.783851
2339,-0.720534
2340,-0.588255
2341,-0.405023
2342,-0.187839
2343,0.0489558
2344,0.28839
2345,0.505298
2346,0.670329
2347,0.762289
2348,0.775858
2349,0.716967
2350,0.593598
2351,0.413665
2352,0.190163
2353,-0.0553257
2354,-0.295714
2355,-0.50489
2356,-0.662636
2357,-0.755981
2358,-0.777633
2359,-0.724228
2360,-0.597802
2361,-0.409914
2362,-0.182462
2363,0.0585578
2364,0.291017
2365,0.497822
2366,0.661676
2367,0.762726
2368,0.78467
2369,0.723618
2370,0.590416
2371,0.404499
2372,0.185521
2373,-0.0501548
2374,-0.286354
2375,-0.501783
2376,-0.669706
2377,-0.765865
2378,-0.779152
2379,-0.714937
2380,-0.587623
2381,-0.410527
2382,-0.193779
2383,0.0488901
2384,0.293852
2385,0.510239
2386,0.670245
2387,0.758295
2388,0.772029
2389,0.716049
2390,0.595684
2391,0.417037
2392,0.192381
2393,-0.0559822
2394,-0.298765
2395,-0.507888
2396,-0.663273
2397,-0.753848
2398,-0.77422
2399,-0.721937
2400,-0.598664
2401,-0.413897
2402,-0.186583
2403,0.0582758
2404,0.295552
2405,0.503403
2406,0.662939
2407,0.758014
2408,0.778026
2409,0.721267
2410,0.594889
2411,0.411921
2412,0.188945
2413,-0.0541507
2414,-0.294178
2415,-0.506153
2416,-0.666581
2417,-0.758142
2418,-0.773828
2419,-0.716797
2420,-0.595067
2421,-0.416904
2422,-0.193203
2423,0.0560074
2424,0.300896
2425,0.510662
2426,0.663903
2427,0.751239
2428,0.770401
2429,0.720809
2430,0.602611
2431,0.420468
2432,0.189332
2433,-0.0633096
2434,-0.303993
2435,-0.505843
2436,-0.655568
2437,-0.7479
2438,-0.775643
2439,-0.728899
2440,-0.604515
2441,-0.413964
2442,-0.181404
2443,0.0645264
2444,0.297997
2445,0.499531
2446,0.655447
2447,0.753807
2448,0.781636
2449,0.729304
2450,0.599338
2451,0.408917
2452,0.182119
2453,-0.0587023
2454,-0.293488
2455,-0.501078
2456,-0.660495
2457,-0.755928
2458,-0.778539
2459,-0.725078
2460,-0.598703
2461,-0.411666
2462,-0.184313
2463,0.0596755
2464,0.296452
2465,0.502879
2466,0.659286
2467,0.753089
2468,0.777644
2469,0.728046
2470,0.602808
2471,0.411978
2472,0.179975
2473,-0.0634546
2474,-0.294479
2475,-0.496796
2476,-0.655892
2477,-0.756108
2478,-0.783435
2479,-0.730074
2480,-0.598788
2481,-0.405837
2482,-0.177662
2483,0.0596786
2484,0.288406
2485,0.494967
2486,0.660873
2487,0.76309
2488,0.785015
2489,0.724681
2490,0.59266
2491,0.40582
2492,0.183613
2493,-0.054099
2494,-0.288487
2495,-0.499901
2496,-0.665297
2497,-0.762492
2498,-0.779919
2499,-0.720173
2500,-0.593254
2501,-0.410438
2502,-0.186689
2503,0.0560157
2504,0.292817
2505,0.501815
2506,0.663686
2507,0.760228
2508,0.779466
2509,0.721365
2510,0.594849
2511,0.411469
2512,0.18644
2513,-0.0572633
2514,-0.293216
2515,-0.500237
2516,-0.662091
2517,-0.761113
2518,-0.781414
2519,-0.720623
2520,-0.591566
2521,-0.410241
2522,-0.189231
2523,0.0545863
2524,0.294712
2525,0.503912
2526,0.663442
2527,0.759648
2528,0.779817
2529,0.719943
2530,0.59147
2531,0.411851
2532,0.192847
2533,-0.0528693
2534,-0.298443
2535,-0.509168
2536,-0.662613
2537,-0.752774
2538,-0.775528
2539,-0.723242
2540,-0.597043
2541,-0.412715
2542,-0.189602
2543,0.0557071
2544,0.299824
2545,0.509825
2546,0.660814
2547,0.748261
2548,0.773876
2549,0.728825
2550,0.60416
2551,0.41191
2552,0.181792
2553,-0.0599356
2554,-0.295509
2555,-0.503621
2556,-0.659694
2557,-0.75065
2558,-0.775644
2559,-0.730192
2560,-0.605523
2561,-0.409901
2562,-0.175951
2563,0.0625934
2564,0.290123
2565,0.49689
2566,0.661233
2567,0.758387
2568,0.779051
2569,0.726209
2570,0.601531
2571,0.410817
2572,0.178153
2573,-0.0624935
2574,-0.289705
2575,-0.494745
2576,-0.661083
2577,-0.761633
2578,-0.780482
2579,-0.72269
2580,-0.598373
2581,-0.413033
2582,-0.181381
2583,0.06465
2584,0.294174
2585,0.493839
2586,0.655824
2587,0.760545
2588,0.785816
2589,0.727163
2590,0.596759
2591,0.408739
2592,0.179407
2593,-0.0638887
2594,-0.291583
2595,-0.489439
2596,-0.65283
2597,-0.764299
2598,-0.794321
2599,-0.729721
2600,-0.588013
2601,-0.398228
2602,-0.179931
2603,0.05335
2604,0.283804
2605,0.492296
2606,0.661963
2607,0.770987
2608,0.793834
2609,0.722579
2610,0.579648
2611,0.397154
2612,0.189431
2613,-0.0422238
2614,-0.283988
2615,-0.504036
2616,-0.671264
2617,-0.767277
2618,-0.782557
2619,-0.716422
2620,-0.583098
2621,-0.404605
2622,-0.193935
2623,0.0436615
2624,0.290345
2625,0.510247
2626,0.670913
2627,0.760161
2628,0.777066
2629,0.719514
2630,0.590545
2631,0.406888
2632,0.189612
2633,-0.0472241
2634,-0.288718
2635,-0.507168
2636,-0.67076
2637,-0.761758
2638,-0.777388
2639,-0.718411
2640,-0.589197
2641,-0.405719
2642,-0.18981
2643,0.0443714
2644,0.285919
2645,0.50962
2646,0.677718
2647,0.764797
2648,0.771442
2649,0.710196
2650,0.589133
2651,0.414244
2652,0.197335
2653,-0.0452867
2654,-0.293348
2655,-0.516282
2656,-0.677734
2657,-0.757381
2658,-0.762357
2659,-0.708641
2660,-0.598192
2661,-0.424813
2662,-0.196973
2663,0.0569319
2664,0.30335
2665,0.514106
2666,0.667048
2667,0.749977
2668,0.764787
2669,0.717664
2670,0.605719
2671,0.424399
2672,0.18867
2673,-0.0652259
2674,-0.302401
2675,-0.504138
2676,-0.65897
2677,-0.752617
2678,-0.774066
2679,-0.722482
2680,-0.601784
2681,-0.417396
2682,-0.185518
2683,0.0631153
2684,0.297879
2685,0.501126
2686,0.660473
2687,0.757811
2688,0.777458
2689,0.719889
2690,0.596705
2691,0.416943
2692,0.19026
2693,-0.0599236
2694,-0.300153
2695,-0.504698
2696,-0.660143
2697,-0.754555
2698,-0.775481
2699,-0.720547
2700,-0.598626
2701,-0.418783
2702,-0.190323
2703,0.0632874
2704,0.304635
2705,0.504409
2706,0.653889
2707,0.749913
2708,0.779413
2709,0.728947
2710,0.601291
2711,0.413087
2712,0.183728
2713,-0.0637959
2714,-0.299689
2715,-0.498782
2716,-0.651566
2717,-0.753054
2718,-0.786465
2719,-0.732919
2720,-0.596006
2721,-0.402877
2722,-0.180594
2723,0.0556036
2724,0.290218
2725,0.499372
2726,0.660618
2727,0.759911
2728,0.785219
2729,0.726683
2730,0.590671
2731,0.402443
2732,0.186229
2733,-0.0477836
2734,-0.288463
2735,-0.507144
2736,-0.669522
2737,-0.758543
2738,-0.774619
2739,-0.719714
2740,-0.595027
2741,-0.411496
2742,-0.189303
2743,0.0525269
2744,0.295015
2745,0.510061
2746,0.667193
2747,0.752572
2748,0.770228
2749,0.722705
2750,0.603835
2751,0.41612
2752,0.183394
2753,-0.0619059
2754,-0.295876
2755,-0.501469
2756,-0.659911
2757,-0.754395
2758,-0.777408
2759,-0.726911
2760,-0.601749
2761,-0.410328
2762,-0.178654
2763,0.0613199
2764,0.289563
2765,0.495628
2766,0.662191
2767,0.763575
2768,0.782822
2769,0.721669
2770,0.592354
2771,0.408432
2772,0.186187
2773,-0.0535157
2774,-0.28963
2775,-0.502227
2776,-0.668002
2777,-0.763105
2778,-0.776396
2779,-0.715008
2780,-0.592339
2781,-0.415988
2782,-0.19333
2783,0.0557611
2784,0.29972
2785,0.50864
2786,0.663122
2787,0.752834
2788,0.772834
2789,0.722011
2790,0.601912
2791,0.418107
2792,0.186359
2793,-0.0643605
2794,-0.301053
2795,-0.500844
2796,-0.653671
2797,-0.75178
2798,-0.781994
2799,-0.731664
2800,-0.600803
2801,-0.406673
2802,-0.17706
2803,0.0611477
2804,0.28905
2805,0.493549
2806,0.659129
2807,0.764096
2808,0.788258
2809,0.725691
2810,0.58915
2811,0.401663
2812,0.184267
2813,-0.0487154
2814,-0.284192
2815,-0.501594
2816,-0.671634
2817,-0.767237
2818,-0.778014
2819,-0.712917
2820,-0.587793
2821,-0.413001
2822,-0.195533
2823,0.0497701
2824,0.295948
2825,0.511237
2826,0.66941
2827,0.756049
2828,0.769511
2829,0.715664
2830,0.599044
2831,0.421231
2832,0.191852
2833,-0.0617385
2834,-0.302968
2835,-0.50502
2836,-0.65669
2837,-0.751047
2838,-0.777142
2839,-0.726236
2840,-0.60044
2841,-0.412502
2842,-0.182572
2843,0.0627977
2844,0.295912
2845,0.497468
2846,0.656577
2847,0.759251
2848,0.785579
2849,0.725371
2850,0.590619
2851,0.405037
2852,0.186461
2853,-0.0524819
2854,-0.291907
2855,-0.504254
2856,-0.665756
2857,-0.760958
2858,-0.779375
2859,-0.718494
2860,-0.58958
2861,-0.410589
2862,-0.193461
2863,0.0515372
2864,0.299632
2865,0.513446
2866,0.665945
2867,0.751753
2868,0.772484
2869,0.723198
2870,0.600685
2871,0.41553
2872,0.188025
2873,-0.0599372
2874,-0.30232
2875,-0.50885
2876,-0.658728
2877,-0.748429
2878,-0.777101
2879,-0.732679
2880,-0.605323
2881,-0.409213
2882,-0.17743
2883,0.0621073
2884,0.293592
2885,0.500286
2886,0.660423
2887,0.757753
2888,0.784206
2889,0.732401
2890,0.600004
2891,0.404139
2892,0.177359
2893,-0.0557359
2894,-0.285936
2895,-0.50001
2896,-0.669153
2897,-0.766075
2898,-0.782931
2899,-0.724616
2900,-0.596398
2901,-0.408826
2902,-0.184511
2903,0.0525621
2904,0.287488
2905,0.503983
2906,0.672979
2907,0.766584
2908,0.778915
2909,0.720693
2910,0.598891
2911,0.41661
2912,0.189416
2913,-0.0545966
2914,-0.291274
2915,-0.503455
2916,-0.669116
2917,-0.763624
2918,-0.777753
2919,-0.720213
2920,-0.599619
2921,-0.418485
2922,-0.189435
2923,0.0578754
2924,0.293919
2925,0.501548
2926,0.66517
2927,0.762601
2928,0.779132
2929,0.719543
2930,0.596187
2931,0.415569
2932,0.187891
2933,-0.0603562
2934,-0.297361
2935,-0.503242
2936,-0.66504
2937,-0.763467
2938,-0.780852
2939,-0.718434
2940,-0.59159
2941,-0.411488
2942,-0.186165
2943,0.0631835
2944,0.303754
2945,0.510239
2946,0.669212
2947,0.765826
2948,0.783406
2949,0.72004
2950,0.59098
2951,0.410538
2952,0.185986
2953,-0.0657791
2954,-0.31122
2955,-0.518812
2956,-0.673592
2957,-0.766971
2958,-0.786417
2959,-0.725994
2960,-0.596135
2961,-0.412456
2962,-0.185278
2963,0.0689104
2964,0.316795
2965,0.524002
2966,0.675414
2967,0.768131
2968,0.792739
2969,0.737214
2970,0.604905
2971,0.414108
2972,0.183292
2973,-0.0692009
2974,-0.315041
2975,-0.522941
2976,-0.676771
2977,-0.77311
2978,-0.802139
2979,-0.747988
2980,-0.610932
2981,-0.413993
2982,-0.183404
2983,0.0635564
2984,0.307817
2985,0.522099
2986,0.683809
2987,0.782705
2988,0.809901
2989,0.753577
2990,0.615244
2991,0.418251
2992,0.18976
2993,-0.0553991
2994,-0.303435
2995,-0.526621
2996,-0.69405
2997,-0.790383
2998,-0.812571
2999,-0.756816
3000,-0.623341
3001,-0.428256
3002,-0.19634
3003,0.0541227
3004,0.306731
3005,0.533225
3006,0.701267
3007,0.795369
3008,0.816738
3009,0.764824
3010,0.635279
3011,0.437185
3012,0.196791
3013,-0.0591327
3014,-0.310835
3015,-0.535384
3016,-0.705179
3017,-0.80293
3018,-0.826348
3019,-0.774211
3020,-0.642139
3021,-0.438898
3022,-0.19346
3023,0.0630643
3024,0.312009
3025,0.536945
3026,0.712416
3027,0.814773
3028,0.835945
3029,0.777561
3030,0.6416
3031,0.438065
3032,0.192898
3033,-0.064448
3034,-0.315256
3035,-0.54329
3036,-0.721586
3037,-0.82261
3038,-0.837629
3039,-0.773912
3040,-0.638255
3041,-0.437437
3042,-0.191086
3043,0.0712135
3044,0.325006
3045,0.551207
3046,0.725161
3047,0.821931
3048,0.833709
3049,0.768811
3050,0.633942
3051,0.432668
3052,0.182558
3053,-0.0826574
3054,-0.332895
3055,-0.550855
3056,-0.719308
3057,-0.816018
3058,-0.828606
3059,-0.761696
3060,-0.623818
3061,-0.421469
3062,-0.172884
3063,0.0877724
3064,0.33054
3065,0.54217
3066,0.710355
3067,0.810751
3068,0.823434
3069,0.751514
3070,0.611184
3071,0.414468
3072,0.175143
3073,-0.0798477
3074,-0.321599
3075,-0.534206
3076,-0.70434
3077,-0.806465
3078,-0.817981
3079,-0.743502
3080,-0.606043
3081,-0.419357
3082,-0.188102
3083,0.0691487
3084,0.318953
3085,0.535089
3086,0.702832
3087,0.803296
3088,0.816845
3089,0.745601
3090,0.611678
3091,0.428905
3092,0.197589
3093,-0.0672878
3094,-0.325909
3095,-0.542149
3096,-0.703081
3097,-0.801308
3098,-0.820589
3099,-0.753933
3100,-0.617106
3101,-0.428555
3102,-0.193741
3103,0.0739587
3104,0.33527
3105,0.549495
3106,0.703841
3107,0.799213
3108,0.822444
3109,0.757526
3110,0.61369
3111,0.4171
3112,0.182902
3113,-0.0789733
3114,-0.33784
3115,-0.551671
3116,-0.701546
3117,-0.791088
3118,-0.81398
3119,-0.751664
3120,-0.606151
3121,-0.406389
3122,-0.176201
3123,0.0763797
3124,0.330926
3125,0.546276
3126,0.694553
3127,0.778529
3128,0.801761
3129,0.748094
3130,0.609173
3131,0.408605
3132,0.178209
3133,-0.0685899
3134,-0.318685
3135,-0.537036
3136,-0.689945
3137,-0.774878
3138,-0.8011
3139,-0.756393
3140,-0.623246
3141,-0.417259
3142,-0.178642
3143,0.0674713
3144,0.312584
3145,0.534002
3146,0.696812
3147,0.786939
3148,0.811344
3149,0.76478
3150,0.630004
3151,0.417168
3152,0.170526
3153,-0.0745369
3154,-0.312115
3155,-0.533311
3156,-0.705065
3157,-0.798936
3158,-0.814693
3159,-0.758105
3160,-0.622278
3161,-0.412889
3162,-0.167642
3163,0.0749178
3164,0.30685
3165,0.52697
3166,0.705759
3167,0.80405
3168,0.813362
3169,0.749485
3170,0.618696
3171,0.421459
3172,0.180672
3173,-0.0667423
3174,-0.303172
3175,-0.525147
3176,-0.708297
3177,-0.81129
3178,-0.818619
3179,-0.749758
3180,-0.621526
3181,-0.432176
3182,-0.190779
3183,0.0683961
3184,0.314086
3185,0.534397
3186,0.712548
3187,0.814634
3188,0.820944
3189,0.747276
3190,0.616472
3191,0.430253
3192,0.190025
3193,-0.0747123
3194,-0.323572
3195,-0.53618
3196,-0.703291
3197,-0.802979
3198,-0.813664
3199,-0.741792
3200,-0.610595
3201,-0.428576
3202,-0.195245
3203,0.0675106
3204,0.31795
3205,0.528124
3206,0.690578
3207,0.792934
3208,0.813876
3209,0.749463
3210,0.618787
3211,0.437113
3212,0.20691
3213,-0.056485
3214,-0.314017
3215,-0.530223
3216,-0.692932
3217,-0.79573
3218,-0.821968
3219,-0.761631
3220,-0.627483
3221,-0.439016
3222,-0.20539
3223,0.0596889
3224,0.320881
3225,0.538904
3226,0.696907
3227,0.793405
3228,0.819532
3229,0.762867
3230,0.62782
3231,0.433936
3232,0.198459
3233,-0.0620706
3234,-0.317614
3235,-0.532497
3236,-0.688682
3237,-0.785516
3238,-0.817096
3239,-0.767997
3240,-0.634796
3241,-0.436293
3242,-0.198304
3243,0.0578406
3244,0.308573
3245,0.525978
3246,0.690392
3247,0.79419
3248,0.828059
3249,0.776846
3250,0.637769
3251,0.432534
3252,0.192666
3253,-0.0591401
3254,-0.306295
3255,-0.527315
3256,-0.698537
3257,-0.802916
3258,-0.829159
3259,-0.76957
3260,-0.628404
3261,-0.427451
3262,-0.194038
3263,0.0535324
3264,0.301727
3265,0.528421
3266,0.70428
3267,0.806905
3268,0.827367
3269,0.765969
3270,0.630095
3271,0.435323
3272,0.2012
3273,-0.0542845
3274,-0.311124
3275,-0.541053
3276,-0.713469
3277,-0.809247
3278,-0.824475
3279,-0.762281
3280,-0.627824
3281,-0.431726
3282,-0.192317
3283,0.0672617
3284,0.321067
3285,0.541344
3286,0.704298
3287,0.79695
3288,0.815475
3289,0.758308
3290,0.626432
3291,0.430494
3292,0.192086
3293,-0.0634144
3294,-0.31204
3295,-0.530737
3296,-0.698242
3297,-0.798902
3298,-0.823227
3299,-0.766163
3300,-0.630311
3301,-0.43092
3302,-0.192205
3303,0.0624736
3304,0.312978
3305,0.536515
3306,0.707292
3307,0.805362
3308,0.822445
3309,0.759135
3310,0.622295
3311,0.426495
3312,0.192034
3313,-0.0609489
3314,-0.31231
3315,-0.536262
3316,-0.704239
3317,-0.797791
3318,-0.814149
3319,-0.757191
3320,-0.62965
3321,-0.438149
3322,-0.19998
3323,0.0600103
3324,0.315448
3325,0.539252
3326,0.706139
3327,0.801004
3328,0.82129
3329,0.767444
3330,0.63736
3331,0.436472
3332,0.187949
3333,-0.074896
3334,-0.323924
3335,-0.539288
3336,-0.703258
3337,-0.800173
3338,-0.821213
3339,-0.763397
3340,-0.627459
3341,-0.424284
3342,-0.180289
3343,0.07278
3344,0.313148
3345,0.527718
3346,0.698812
3347,0.80286
3348,0.823848
3349,0.760928
3350,0.623068
3351,0.424701
3352,0.187264
3353,-0.0642797
3354,-0.309563
3355,-0.531334
3356,-0.706178
3357,-0.807231
3358,-0.820723
3359,-0.752981
3360,-0.618255
3361,-0.427669
3362,-0.193992
3363,0.0612713
3364,0.312086
3365,0.534252
3366,0.704472
3367,0.801647
3368,0.816432
3369,0.7547
3370,0.62646
3371,0.43757
3372,0.198537
3373,-0.0650751
3374,-0.319759
3375,-0.538683
3376,-0.703977
3377,-0.80083
3378,-0.81905
3379,-0.758569
3380,-0.626513
3381,-0.431807
3382,-0.189819
3383,0.0714695
3384,0.31964
3385,0.532045
3386,0.69573
3387,0.796801
3388,0.820217
3389,0.760787
3390,0.626615
3391,0.431731
3392,0.193163
3393,-0.0650181
3394,-0.314356
3395,-0.53171
3396,-0.700655
3397,-0.804145
3398,-0.825719
3399,-0.761357
3400,-0.623011
3401,-0.427949
3402,-0.191879
3403,0.0653253
3404,0.31629
3405,0.534424
3406,0.700755
3407,0.800468
3408,0.820996
3409,0.759228
3410,0.625008
3411,0.43304
3412,0.197156
3413,-0.0632157
3414,-0.318522
3415,-0.538713
3416,-0.704108
3417,-0.802733
3418,-0.823838
3419,-0.762018
3420,-0.62431
3421,-0.426812
3422,-0.187667
3423,0.0712944
3424,0.321522
3425,0.535486
3426,0.696209
3427,0.793874
3428,0.817522
3429,0.758958
3430,0.623346
3431,0.428326
3432,0.193832
3433,-0.0605464
3434,-0.31075
3435,-0.530366
3436,-0.69887
3437,-0.802212
3438,-0.82754
3439,-0.766785
3440,-0.626657
3441,-0.427499
3442,-0.190952
3443,0.0646213
3444,0.317004
3445,0.538358
3446,0.7047
3447,0.801776
3448,0.821031
3449,0.758428
3450,0.620734
3451,0.425869
3452,0.19324
3453,-0.0604067
3454,-0.313478
3455,-0.536626
3456,-0.703524
3457,-0.800105
3458,-0.820426
3459,-0.761066
3460,-0.625639
3461,-0.429261
3462,-0.192621
3463,0.0641828
3464,0.317927
3465,0.539579
3466,0.703584
3467,0.797325
3468,0.816922
3469,0.759273
3470,0.625641
3471,0.429368
3472,0.19254
3473,-0.0627753
3474,-0.314391
3475,-0.535901
3476,-0.70215
3477,-0.798672
3478,-0.820257
3479,-0.763447
3480,-0.628804
3481,-0.429485
3482,-0.18954
3483,0.0665907
3484,0.317013
3485,0.537375
3486,0.702928
3487,0.797972
3488,0.817483
3489,0.759895
3490,0.626429
3491,0.428955
3492,0.190715
3493,-0.0635356
3494,-0.312557
3495,-0.533723
3496,-0.702313
3497,-0.800346
3498,-0.821156
3499,-0.763619
3500,-0.62942
3501,-0.429837
3502,-0.188493
3503,0.0677392
3504,0.316434
3505,0.536221
3506,0.703673
3507,0.800213
3508,0.81862
3509,0.759203
3510,0.625299
3511,0.427796
3512,0.188941
3513,-0.0649323
3514,-0.311871
3515,-0.53187
3516,-0.701922
3517,-0.801377
3518,-0.820742
3519,-0.760757
3520,-0.626647
3521,-0.42953
3522,-0.190373
3523,0.0647786
3524,0.312996
3525,0.533757
3526,0.704125
3527,0.803022
3528,0.820766
3529,0.759519
3530,0.626096
3531,0.430738
3532,0.191867
3533,-0.0651923
3534,-0.315566
3535,-0.536851
3536,-0.706092
3537,-0.803023
3538,-0.818637
3539,-0.756025
3540,-0.622824
3541,-0.428721
3542,-0.190802
3543,0.0655713
3544,0.314159
3545,0.532552
3546,0.700103
3547,0.798586
3548,0.81841
3549,0.760319
3550,0.629853
3551,0.435545
3552,0.194487
3553,-0.0663296
3554,-0.318229
3555,-0.537725
3556,-0.705022
3557,-0.80266
3558,-0.820422
3559,-0.758581
3560,-0.624096
3561,-0.427908
3562,-0.188358
3563,0.068159
3564,0.314859
3565,0.530786
3566,0.698105
3567,0.799082
3568,0.821031
3569,0.761938
3570,0.628455
3571,0.432249
3572,0.191767
3573,-0.0669045
3574,-0.316532
3575,-0.53494
3576,-0.703124
3577,-0.802666
3578,-0.821094
3579,-0.758125
3580,-0.622958
3581,-0.428358
3582,-0.19127
3583,0.0646202
3584,0.313186
3585,0.53202
3586,0.701645
3587,0.803106
3588,0.823128
3589,0.760896
3590,0.625683
3591,0.430209
3592,0.191065
3593,-0.0675042
3594,-0.317466
3595,-0.535054
3596,-0.701656
3597,-0.800349
3598,-0.819049
3599,-0.757127
3600,-0.623813
3601,-0.431204
3602,-0.194335
3603,0.0637623
3604,0.314766
3605,0.534067
3606,0.702886
3607,0.803949
3608,0.823643
3609,0.760134
3610,0.623675
3611,0.42855
3612,0.190718
3613,-0.0671378
3614,-0.316739
3615,-0.533458
3616,-0.699695
3617,-0.79977
3618,-0.820251
3619,-0.7585
3620,-0.624554
3621,-0.432415
3622,-0.196155
3623,0.0635196
3624,0.31738
3625,0.537524
3626,0.704476
3627,0.803319
3628,0.821774
3629,0.757574
3630,0.621523
3631,0.428754
3632,0.193172
3633,-0.0655472
3634,-0.317838
3635,-0.534744
3636,-0.698215
3637,-0.796914
3638,-0.819679
3639,-0.760964
3640,-0.627728
3641,-0.434304
3642,-0.195867
3643,0.0665378
3644,0.321625
3645,0.538765
3646,0.700587
3647,0.798431
3648,0.821669
3649,0.761937
3650,0.624755
3651,0.427719
3652,0.190054
3653,-0.067562
3654,-0.317595
3655,-0.532237
3656,-0.69491
3657,-0.796621
3658,-0.824496
3659,-0.766377
3660,-0.626716
3661,-0.426982
3662,-0.190163
3663,0.0649539
3664,0.315474
3665,0.534039
3666,0.700027
3667,0.801553
3668,0.826379
3669,0.764189
3670,0.62146
3671,0.422245
3672,0.189967
3673,-0.0609191
3674,-0.312309
3675,-0.535284
3676,-0.703035
3677,-0.801466
3678,-0.822617
3679,-0.760357
3680,-0.620569
3681,-0.424676
3682,-0.194465
3683,0.0570457
3684,0.312372
3685,0.539482
3686,0.706831
3687,0.800837
3688,0.819691
3689,0.760421
3690,0.624495
3691,0.428024
3692,0.193636
3693,-0.061339
3694,-0.317387
3695,-0.54256
3696,-0.705522
3697,-0.794943
3698,-0.813523
3699,-0.759192
3700,-0.627839
3701,-0.430718
3702,-0.193216
3703,0.0617919
3704,0.315069
3705,0.539315
3706,0.704605
3707,0.797032
3708,0.817717
3709,0.76435
3710,0.631063
3711,0.428408
3712,0.186265
3713,-0.0672258
3714,-0.314752
3715,-0.535801
3716,-0.702341
3717,-0.796154
3718,-0.816086
3719,-0.762515
3720,-0.631062
3721,-0.429941
3722,-0.187921
3723,0.0650887
3724,0.312089
3725,0.535529
3726,0.706519
3727,0.801346
3728,0.817136
3729,0.759614
3730,0.628569
3731,0.429456
3732,0.187452
3733,-0.0658885
3734,-0.311181
3735,-0.533049
3736,-0.705147
3737,-0.801702
3738,-0.817354
3739,-0.759782
3740,-0.630662
3741,-0.432243
3742,-0.186759
3743,0.0703874
3744,0.314453
3745,0.53192
3746,0.702353
3747,0.800593
3748,0.817229
3749,0.759144
3750,0.630684
3751,0.433847
3752,0.188131
3753,-0.0702493
3754,-0.313547
3755,-0.529812
3756,-0.702835
3757,-0.805695
3758,-0.822187
3759,-0.758075
3760,-0.624648
3761,-0.428786
3762,-0.187126
3763,0.0682904
3764,0.309953
3765,0.525884
3766,0.701604
3767,0.808747
3768,0.825939
3769,0.758127
3770,0.622669
3771,0.42983
3772,0.190987
3773,-0.067295
3774,-0.314372
3775,-0.531639
3776,-0.703831
3777,-0.806414
3778,-0.820237
3779,-0.75136
3780,-0.619545
3781,-0.434336
3782,-0.200057
3783,0.0621619
3784,0.317043
3785,0.537219
3786,0.706481
3787,0.80648
3788,0.820879
3789,0.752689
3790,0.619683
3791,0.432835
3792,0.197069
3793,-0.066764
3794,-0.320684
3795,-0.534678
3796,-0.696987
3797,-0.79756
3798,-0.820656
3799,-0.760454
3800,-0.627984
3801,-0.436526
3802,-0.196185
3803,0.0706422
3804,0.325826
3805,0.53819
3806,0.69711
3807,0.796408
3808,0.820763
3809,0.759865
3810,0.62333
3811,0.430081
3812,0.194638
3813,-0.0648219
3814,-0.317377
3815,-0.532963
3816,-0.69706
3817,-0.800824
3818,-0.827731
3819,-0.765371
3820,-0.62335
3821,-0.425424
3822,-0.190314
3823,0.066279
3824,0.318263
3825,0.534881
3826,0.697435
3827,0.797347
3828,0.822662
3829,0.762601
3830,0.62394
3831,0.428375
3832,0.194798
3833,-0.0620533
3834,-0.317506
3835,-0.53842
3836,-0.701635
3837,-0.798631
3838,-0.821968
3839,-0.762573
3840,-0.624083
3841,-0.426524
3842,-0.191643
3843,0.0636172
3844,0.316589
3845,0.53653
3846,0.699788
3847,0.797114
3848,0.821975
3849,0.764787
3850,0.626312
3851,0.426075
3852,0.189633
3853,-0.0636254
3854,-0.314088
3855,-0.534822
3856,-0.701002
3857,-0.799649
3858,-0.823458
3859,-0.764672
3860,-0.624947
3861,-0.423971
3862,-0.188354
3863,0.0625861
3864,0.312115
3865,0.535126
3866,0.703782
3867,0.801082
3868,0.820922
3869,0.760518
3870,0.623425
3871,0.426386
3872,0.192721
3873,-0.0590661
3874,-0.311673
3875,-0.538416
3876,-0.708417
3877,-0.802906
3878,-0.818588
3879,-0.757334
3880,-0.622979
3881,-0.427941
3882,-0.192941
3883,0.0612186
3884,0.313968
3885,0.538429
3886,0.705679
3887,0.798831
3888,0.815995
3889,0.759021
3890,0.628617
3891,0.433048
3892,0.193043
3893,-0.0656206
3894,-0.318307
3895,-0.539425
3896,-0.703969
3897,-0.796752
3898,-0.81496
3899,-0.759168
3900,-0.629152
3901,-0.432633
3902,-0.191367
3903,0.066633
3904,0.31651
3905,0.535784
3906,0.702096
3907,0.798688
3908,0.818934
3909,0.761948
3910,0.629162
3911,0.430376
3912,0.188442
3913,-0.0682311
3914,-0.315557
3915,-0.533261
3916,-0.700462
3917,-0.799072
3918,-0.820032
3919,-0.762185
3920,-0.62868
3921,-0.430155
3922,-0.188662
3923,0.0679561
3924,0.315302
3925,0.533124
3926,0.700955
3927,0.800228
3928,0.820813
3929,0.761722
3930,0.627525
3931,0.429493
3932,0.188862
3933,-0.0672607
3934,-0.314393
3935,-0.532371
3936,-0.701137
3937,-0.801555
3938,-0.822039
3939,-0.761324
3940,-0.625653
3941,-0.427876
3942,-0.18889
3943,0.0657082
3944,0.31252
3945,0.531609
3946,0.70234
3947,0.804077
3948,0.823768
3949,0.760611
3950,0.623275
3951,0.426296
3952,0.1895
3953,-0.0638992
3954,-0.31143
3955,-0.532048
3956,-0.703525
3957,-0.804543
3958,-0.82268
3959,-0.758754
3960,-0.622698
3961,-0.428233
3962,-0.192511
3963,0.0629233
3964,0.313995
3965,0.536239
3966,0.705765
3967,0.8029
3968,0.818447
3969,0.755285
3970,0.622768
3971,0.431805
3972,0.19666
3973,-0.0615049
3974,-0.315986
3975,-0.539287
3976,-0.707128
3977,-0.802097
3978,-0.817127
3979,-0.755012
3980,-0.623399
3981,-0.43189
3982,-0.195134
3983,0.0639125
3984,0.316978
3985,0.537079
3986,0.702673
3987,0.798911
3988,0.818323
3989,0.760278
3990,0.628998
3991,0.433674
3992,0.191802
3993,-0.0699036
3994,-0.321326
3995,-0.536858
3996,-0.698455
3997,-0.794061
3998,-0.81607
3999,-0.76126
4000,-0.631426
4001,-0.435517
4002,-0.192547
4003,0.0694649
4004,0.32062
4005,0.536578
4006,0.69999
4007,0.797737
4008,0.81993
4009,0.762046
4010,0.627432
4011,0.428778
4012,0.187903
4013,-0.0681045
4014,-0.313696
4015,-0.528898
4016,-0.697103
4017,-0.801554
4018,-0.827254
4019,-0.767284
4020,-0.627183
4021,-0.424293
4022,-0.183386
4023,0.069517
4024,0.312408
4025,0.527624
4026,0.697514
4027,0.802414
4028,0.82604
4029,0.763573
4030,0.623992
4031,0.425503
4032,0.189545
4033,-0.0626674
4034,-0.310697
4035,-0.533163
4036,-0.706285
4037,-0.807326
4038,-0.823041
4039,-0.755308
4040,-0.617465
4041,-0.425762
4042,-0.195332
4043,0.0572285
4044,0.310275
4045,0.537064
4046,0.709775
4047,0.806732
4048,0.819451
4049,0.753264
4050,0.620003
4051,0.430861
4052,0.197671
4053,-0.0607136
4054,-0.3168
4055,-0.540409
4056,-0.706428
4057,-0.799493
4058,-0.814872
4059,-0.755473
4060,-0.626831
4061,-0.435857
4062,-0.196162
4063,0.0671507
4064,0.321867
4065,0.539296
4066,0.700538
4067,0.794839
4068,0.815933
4069,0.760949
4070,0.631329
4071,0.435315
4072,0.191536
4073,-0.0711409
4074,-0.321433
4075,-0.535229
4076,-0.697257
4077,-0.79569
4078,-0.819619
4079,-0.763056
4080,-0.629273
4081,-0.431158
4082,-0.189707
4083,0.0684869
4084,0.316559
4085,0.532672
4086,0.699655
4087,0.801287
4088,0.823681
4089,0.76214
4090,0.62442
4091,0.426737
4092,0.189114
4093,-0.0656452
4094,-0.3132
4095,-0.531068
4096,-0.699932
4097,-0.802314
4098,-0.824555
4099,-0.762809
4100,-0.625275
4101,-0.427685
4102,-0.189162
4103,0.0674049
4104,0.316055
4105,0.532804
4106,0.699017
4107,0.799569
4108,0.822188
4109,0.762199
4110,0.62622
4111,0.429358
4112,0.190946
4113,-0.0659729
4114,-0.315506
4115,-0.533625
4116,-0.701311
4117,-0.802511
4118,-0.823769
4119,-0.760431
4120,-0.62152
4121,-0.425234
4122,-0.191102
4123,0.0615003
4124,0.310647
4125,0.532508
4126,0.704499
4127,0.806839
4128,0.825421
4129,0.758357
4130,0.618354
4131,0.424693
4132,0.1939
4133,-0.0588095
4134,-0.311873
4135,-0.537011
4136,-0.707335
4137,-0.804168
4138,-0.819027
4139,-0.754196
4140,-0.620767
4141,-0.432051
4142,-0.199677
4143,0.0602745
4144,0.319747
4145,0.544067
4146,0.706734
4147,0.79657
4148,0.812169
4149,0.754894
4150,0.627959
4151,0.438233
4152,0.198717
4153,-0.0671782
4154,-0.325424
4155,-0.542431
4156,-0.698996
4157,-0.790534
4158,-0.814491
4159,-0.76372
4160,-0.63425
4161,-0.435157
4162,-0.189045
4163,0.0738485
4164,0.322492
4165,0.532772
4166,0.69201
4167,0.793098
4168,0.824309
4169,0.771248
4170,0.631904
4171,0.425214
4172,0.181717
4173,-0.0709559
4174,-0.312416
4175,-0.525892
4176,-0.695158
4177,-0.80284
4178,-0.830789
4179,-0.767985
4180,-0.622002
4181,-0.418434
4182,-0.184989
4183,0.0607415
4184,0.305698
4185,0.529712
4186,0.705615
4187,0.809198
4188,0.8268
4189,0.758062
4190,0.616229
4191,0.422416
4192,0.194677
4193,-0.0549532
4194,-0.309649
4195,-0.539519
4196,-0.711187
4197,-0.804551
4198,-0.816601
4199,-0.752842
4200,-0.621211
4201,-0.432271
4202,-0.199469
4203,0.0597164
4204,0.319118
4205,0.544582
4206,0.707125
4207,0.795504
4208,0.811664
4209,0.75695
4210,0.629884
4211,0.436357
4212,0.195075
4213,-0.0673082
4214,-0.321694
4215,-0.539763
4216,-0.700218
4217,-0.793626
4218,-0.816768
4219,-0.764013
4220,-0.631597
4221,-0.430407
4222,-0.187066
4223,0.0691947
4224,0.315417
4225,0.531735
4226,0.698355
4227,0.7992
4228,0.823928
4229,0.766265
4230,0.627704
4231,0.424694
4232,0.185029
4233,-0.0660072
4234,-0.310875
4235,-0.531024
4236,-0.702019
4237,-0.802367
4238,-0.822254
4239,-0.761364
4240,-0.625215
4241,-0.427671
4242,-0.190728
4243,0.0630492
4244,0.313636
4245,0.537432
4246,0.706562
4247,0.800819
4248,0.815956
4249,0.756371
4250,0.626101
4251,0.432719
4252,0.194403
4253,-0.0636198
4254,-0.316288
4255,-0.53862
4256,-0.70545
4257,-0.799424
4258,-0.816537
4259,-0.759022
4260,-0.628176
4261,-0.431025
4262,-0.18914
4263,0.0676834
4264,0.314407
4265,0.531886
4266,0.700248
4267,0.800638
4268,0.822685
4269,0.764445
4270,0.628663
4271,0.426933
4272,0.184431
4273,-0.0688761
4274,-0.311479
4275,-0.52851
4276,-0.700339
4277,-0.80349
4278,-0.82379
4279,-0.761553
4280,-0.625018
4281,-0.427268
4282,-0.189167
4283,0.0641242
4284,0.311396
4285,0.533815
4286,0.706984
4287,0.805574
4288,0.818784
4289,0.753647
4290,0.621828
4291,0.431907
4292,0.196692
4293,-0.0611551
4294,-0.314966
4295,-0.539334
4296,-0.708957
4297,-0.802768
4298,-0.814518
4299,-0.752416
4300,-0.625107
4301,-0.436205
4302,-0.196657
4303,0.066443
4304,0.319958
4305,0.538058
4306,0.702289
4307,0.797651
4308,0.816209
4309,0.759227
4310,0.630687
4311,0.435569
4312,0.190318
4313,-0.0727402
4314,-0.319998
4315,-0.531409
4316,-0.695612
4317,-0.797969
4318,-0.822973
4319,-0.764957
4320,-0.629527
4321,-0.429261
4322,-0.185407
4323,0.0717808
4324,0.314388
4325,0.526529
4326,0.696329
4327,0.803933
4328,0.828197
4329,0.763732
4330,0.623137
4331,0.42492
4332,0.187893
4333,-0.0655021
4334,-0.311191
4335,-0.529486
4336,-0.702195
4337,-0.806882
4338,-0.825081
4339,-0.756956
4340,-0.619166
4341,-0.428377
4342,-0.196023
4343,0.0609407
4344,0.315144
4345,0.537994
4346,0.706889
4347,0.80386
4348,0.81794
4349,0.752268
4350,0.620577
4351,0.434167
4352,0.200765
4353,-0.0616398
4354,-0.320106
4355,-0.541363
4356,-0.70484
4357,-0.7993
4358,-0.81679
4359,-0.756023
4360,-0.624756
4361,-0.43387
4362,-0.195856
4363,0.0668088
4364,0.320662
4365,0.536015
4366,0.697691
4367,0.797125
4368,0.822448
4369,0.764596
4370,0.628104
4371,0.429212
4372,0.18825
4373,-0.0704413
4374,-0.318132
4375,-0.530495
4376,-0.693945
4377,-0.797761
4378,-0.826159
4379,-0.767295
4380,-0.627049
4381,-0.426309
4382,-0.187774
4383,0.067585
4384,0.315829
4385,0.532323
4386,0.698531
4387,0.800471
4388,0.824173
4389,0.762033
4390,0.62274
4391,0.42685
4392,0.193471
4393,-0.0612439
4394,-0.314718
4395,-0.537614
4396,-0.705058
4397,-0.802237
4398,-0.820448
4399,-0.757015
4400,-0.620533
4401,-0.428242
4402,-0.196521
4403,0.0592243
4404,0.315236
4405,0.539611
4406,0.705862
4407,0.800914
4408,0.819304
4409,0.758446
4410,0.623349
4411,0.42897
4412,0.19391
4413,-0.0627348
4414,-0.316411
4415,-0.537405
4416,-0.701827
4417,-0.798066
4418,-0.820213
4419,-0.762761
4420,-0.627261
4421,-0.428717
4422,-0.189951
4423,0.0663361
4424,0.316694
4425,0.535138
4426,0.699551
4427,0.797302
4428,0.820982
4429,0.764223
4430,0.628149
4431,0.428332
4432,0.189196
4433,-0.066015
4434,-0.315608
4435,-0.535167
4436,-0.701237
4437,-0.798705
4438,-0.820247
4439,-0.761992
4440,-0.626532
4441,-0.428518
4442,-0.190867
4443,0.0640079
4444,0.314796
4445,0.536551
4446,0.703847
4447,0.800018
4448,0.81903
4449,0.75986
4450,0.625776
4451,0.429354
4452,0.191885
4453,-0.063617
4454,-0.314776
4455,-0.536655
4456,-0.704043
4457,-0.80005
4458,-0.818847
4459,-0.760033
4460,-0.626468
4461,-0.429508
4462,-0.19067
4463,0.0651043
4464,0.314684
4465,0.534976
4466,0.702667
4467,0.800306
4468,0.820237
4469,0.76133
4470,0.626859
4471,0.42871
4472,0.189183
4473,-0.0658486
4474,-0.31367
4475,-0.533224
4476,-0.702249
4477,-0.801588
4478,-0.821405
4479,-0.760948
4480,-0.625607
4481,-0.428085
4482,-0.18964
4483,0.0648957
4484,0.313026
4485,0.533591
4486,0.703699
4487,0.802861
4488,0.820853
4489,0.758835
4490,0.624332
4491,0.429281
4492,0.192009
4493,-0.0639026
4494,-0.314194
4495,-0.535512
4496,-0.704615
4497,-0.802038
4498,-0.818853
4499,-0.757353
4500,-0.62504
4501,-0.431775
4502,-0.19359
4503,0.0652503
4504,0.31712
4505,0.536812
4506,0.703051
4507,0.799453
4508,0.817762
4509,0.758582
4510,0.627512
4511,0.433457
4512,0.19285
4513,-0.0679792
4514,-0.319109
4515,-0.53575
4516,-0.699993
4517,-0.7978
4518,-0.819157
4519,-0.761143
4520,-0.628418
4521,-0.432034
4522,-0.190671
4523,0.0689104
4524,0.317861
4525,0.533264
4526,0.698799
4527,0.799698
4528,0.822644
4529,0.762424
4530,0.625797
4531,0.428184
4532,0.189601
4533,-0.0662396
4534,-0.314061
4535,-0.531588
4536,-0.700538
4537,-0.803468
4538,-0.825224
4539,-0.761215
4540,-0.621687
4541,-0.425254
4542,-0.190782
4543,0.0625728
4544,0.311996
4545,0.532874
4546,0.703224
4547,0.804778
4548,0.824274
4549,0.759172
4550,0.620614
4551,0.426563
4552,0.193548
4553,-0.0614473
4554,-0.31441
4555,-0.536572
4556,-0.703913
4557,-0.80131
4558,-0.820105
4559,-0.758352
4560,-0.623705
4561,-0.430768
4562,-0.195418
4563,0.0636149
4564,0.319168
4565,0.539798
4566,0.702348
4567,0.796397
4568,0.816893
4569,0.759853
4570,0.627745
4571,0.43313
4572,0.19453
4573,-0.0660802
4574,-0.320815
4575,-0.539362
4576,-0.700282
4577,-0.794836
4578,-0.817894
4579,-0.762569
4580,-0.628673
4581,-0.430496
4582,-0.191096
4583,0.0662708
4584,0.31745
4585,0.535928
4586,0.699928
4587,0.797731
4588,0.821817
4589,0.764467
4590,0.626548
4591,0.425722
4592,0.188203
4593,-0.0641413
4594,-0.31251
4595,-0.533298
4596,-0.701668
4597,-0.801227
4598,-0.823662
4599,-0.763731
4600,-0.624349
4601,-0.423835
4602,-0.188283
4603,0.0620265
4604,0.310806
4605,0.534423
4606,0.70442
4607,0.801945
4608,0.821262
4609,0.761221
4610,0.624662
4611,0.426388
4612,0.19053
4613,-0.0617034
4614,-0.312581
4615,-0.537281
4616,-0.705955
4617,-0.800071
4618,-0.817347
4619,-0.759451
4620,-0.626943
4621,-0.429832
4622,-0.191397
4623,0.0635449
4624,0.31468
4625,0.538075
4626,0.705384
4627,0.798529
4628,0.816002
4629,0.760031
4630,0.629264
4631,0.431046
4632,0.189717
4633,-0.0659358
4634,-0.314626
4635,-0.535882
4636,-0.703859
4637,-0.798868
4638,-0.817152
4639,-0.761086
4640,-0.629895
4641,-0.430463
4642,-0.187804
4643,0.0671834
4644,0.313438
4645,0.533789
4646,0.703755
4647,0.800622
4648,0.818045
4649,0.76019
4650,0.628991
4651,0.430694
4652,0.188397
4653,-0.0667541
4654,-0.312873
4655,-0.533726
4656,-0.705177
4657,-0.802259
4658,-0.81737
4659,-0.757518
4660,-0.627573
4661,-0.432008
4662,-0.190316
4663,0.0662737
4664,0.313288
4665,0.534136
4666,0.706024
4667,0.80341
4668,0.817342
4669,0.756143
4670,0.626811
4671,0.432663
4672,0.190644
4673,-0.0671247
4674,-0.313386
4675,-0.532284
4676,-0.704393
4677,-0.804293
4678,-0.819626
4679,-0.757351
4680,-0.626498
4681,-0.431572
4682,-0.188804
4683,0.0690212
4684,0.313046
4685,0.529098
4686,0.701651
4687,0.805178
4688,0.822733
4689,0.759054
4690,0.626022
4691,0.430673
4692,0.188103
4693,-0.0700097
4694,-0.313533
4695,-0.528074
4696,-0.70034
4697,-0.80527
4698,-0.823235
4699,-0.758173
4700,-0.625024
4701,-0.432116
4702,-0.190982
4703,0.0694356
4704,0.316216
4705,0.531075
4706,0.701191
4707,0.804085
4708,0.820732
4709,0.755262
4710,0.624241
4711,0.43546
4712,0.195845
4713,-0.0683099
4714,-0.31991
4715,-0.535149
4716,-0.701857
4717,-0.802129
4718,-0.818508
4719,-0.753647
4720,-0.623848
4721,-0.437122
4722,-0.19826
4723,0.0680564
4724,0.321921
4725,0.536138
4726,0.700484
4727,0.801277
4728,0.82028
4729,0.755698
4730,0.623218
4731,0.43463
4732,0.196546
4733,-0.0680964
4734,-0.320458
4735,-0.533176
4736,-0.69779
4737,-0.802356
4738,-0.825371
4739,-0.759592
4740,-0.621391
4741,-0.429261
4742,-0.19328
4743,0.0671239
4744,0.31728
4745,0.530114
4746,0.69642
4747,0.804156
4748,0.829558
4749,0.762
4750,0.619208
4751,0.425412
4752,0.19253
4753,-0.0648394
4754,-0.31579
4755,-0.530779
4756,-0.697189
4757,-0.803894
4758,-0.829138
4759,-0.761625
4760,-0.618533
4761,-0.425725
4762,-0.194885
4763,0.0630145
4764,0.317918
4765,0.535239
4766,0.698602
4767,0.800565
4768,0.825063
4769,0.76067
4770,0.620559
4771,0.428872
4772,0.197574
4773,-0.0629213
4774,-0.32164
4775,-0.5397
4776,-0.698663
4777,-0.795942
4778,-0.8212
4779,-0.761393
4780,-0.623739
4781,-0.430789
4782,-0.197574
4783,0.0639287
4784,0.323405
4785,0.541164
4786,0.697819
4787,0.793404
4788,0.820547
4789,0.763765
4790,0.625558
4791,0.429299
4792,0.195155
4793,-0.0637973
4794,-0.321302
4795,-0.539815
4796,-0.697899
4797,-0.794237
4798,-0.822223
4799,-0.765516
4800,-0.624788
4801,-0.425573
4802,-0.192577
4803,0.0617471
4804,0.317068
4805,0.538359
4806,0.700045
4807,0.79695
4808,0.823534
4809,0.765414
4810,0.623075
4811,0.422787
4812,0.191591
4813,-0.0590639
4814,-0.31361
4815,-0.538355
4816,-0.702961
4817,-0.798696
4818,-0.822686
4819,-0.764142
4820,-0.622662
4821,-0.422478
4822,-0.191509
4823,0.0580027
4824,0.312565
4825,0.539348
4826,0.704868
4827,0.798445
4828,0.820489
4829,0.763428
4830,0.624472
4831,0.424048
4832,0.191053
4833,-0.0590794
4834,-0.313024
4835,-0.539778
4836,-0.705067
4837,-0.797054
4838,-0.818379
4839,-0.763611
4840,-0.627227
4841,-0.425812
4842,-0.189716
4843,0.0613031
4844,0.313617
4845,0.539273
4846,0.704607
4847,0.796144
4848,0.817157
4849,0.764015
4850,0.629552
4851,0.427172
4852,0.188321
4853,-0.063247
4854,-0.313604
4855,-0.53821
4856,-0.704337
4857,-0.796146
4858,-0.816479
4859,-0.763824
4860,-0.630806
4861,-0.428116
4862,-0.187294
4863,0.0646676
4864,0.313263
4865,0.537065
4866,0.704456
4867,0.796985
4868,0.816347
4869,0.763268
4870,0.631256
4871,0.428759
4872,0.186634
4873,-0.0655757
4874,-0.312512
4875,-0.5356
4876,-0.704639
4877,-0.79847
4878,-0.816811
4879,-0.762411
4880,-0.630722
4881,-0.428801
4882,-0.186239
4883,0.0658634
4884,0.311389
4885,0.534185
4886,0.705324
4887,0.80073
4888,0.817617
4889,0.760911
4890,0.629194
4891,0.428781
4892,0.186927
4893,-0.0651283
4894,-0.31034
4895,-0.533664
4896,-0.706752
4897,-0.80296
4898,-0.817593
4899,-0.758296
4900,-0.627248
4901,-0.429641
4902,-0.18898
4903,0.0641713
4904,0.310649
4905,0.53464
4906,0.708254
4907,0.803951
4908,0.816409
4909,0.755698
4910,0.626469
4911,0.431866
4912,0.191343
4913,-0.0644488
4914,-0.312612
4915,-0.53578
4916,-0.707968
4917,-0.803019
4918,-0.815253
4919,-0.755016
4920,-0.627469
4921,-0.433972
4922,-0.191767
4923,0.0668325
4924,0.314973
4925,0.535084
4926,0.705223
4927,0.801548
4928,0.816292
4929,0.757183
4930,0.629124
4931,0.434023
4932,0.189635
4933,-0.0698082
4934,-0.315544
4935,-0.531918
4936,-0.701539
4937,-0.801513
4938,-0.819749
4939,-0.760243
4940,-0.629116
4941,-0.431602
4942,-0.186896
4943,0.0709792
4944,0.314021
4945,0.528673
4946,0.699866
4947,0.803571
4948,0.823338
4949,0.76127
4950,0.626844
4951,0.429137
4952,0.186781
4953,-0.0692765
4954,-0.312375
4955,-0.528332
4956,-0.701206
4957,-0.805699
4958,-0.823957
4959,-0.759078
4960,-0.624035
4961,-0.429281
4962,-0.190043
4963,0.0666101
4964,0.313197
4965,0.531564
4966,0.703739
4967,0.80559
4968,0.82136
4969,0.755941
4970,0.623283
4971,0.432279
4972,0.194255
4973,-0.0655585
4974,-0.316395
4975,-0.535433
4976,-0.704413
4977,-0.802999
4978,-0.818313
4979,-0.754894
4980,-0.624825
4981,-0.435151
4982,-0.195919
4983,0.0668937
4984,0.319404
4985,0.536681
4986,0.702539
4987,0.80046
4988,0.818072
4989,0.756851
4990,0.626604
4991,0.435134
4992,0.194369
4993,-0.068599
4994,-0.319628
4995,-0.534736
4996,-0.700009
4997,-0.800177
4998,-0.8207
4999,-0.759581
