0,0
1,0
2,0
3,0
4,0
5,0
6,0
7,0
8,0
9,0
10,0
11,0
12,0
13,0
14,0
15,0
16,0
17,0
18,0
19,0
20,0
21,0
22,0
23,0
24,0
25,0
26,0
27,0
28,0
29,0
30,0
31,0
32,0
33,0
34,0
35,0
36,0
37,0
38,0
39,0
40,0
41,0
42,0
43,0
44,0
45,0
46,0
47,0
48,0
49,0
50,0
51,0
52,0
53,0
54,0
55,0
56,0
57,0
58,0
59,0
60,0
61,0
62,0
63,0
64,0
65,0
66,0
67,0
68,0
69,0
70,0
71,0
72,0
73,0
74,0
75,0
76,0
77,0
78,0
79,0
80,0
81,0
82,0
83,0
84,0
85,0
86,0
87,0
88,0
89,0
90,0
91,0
92,0
93,0
94,0
95,0
96,0
97,0
98,0
99,0
100,0
101,0
102,0
103,0
104,0
105,0
106,0
107,0
108,0
109,0
110,0
111,0
112,0
113,0
114,0
115,0
116,0
117,0
118,0
119,0
120,0
121,0
122,0
123,0
124,0
125,0
126,0
127,0
128,0
129,0
130,0
131,0
132,0
133,0
134,0
135,0
136,0
137,0
138,0
139,0
140,0
141,0
142,0
143,0
144,0
145,0
146,0
147,0
148,0
149,0
150,0
151,0
152,0
153,0
154,0
155,0
156,0
157,0
158,0
159,0
160,0
161,0
162,0
163,0
164,0
165,0
166,0
167,0
168,0
169,0
170,0
171,0
172,0
173,0
174,0
175,0
176,0
177,0
178,0
179,0
180,0
181,0
182,0
183,0
184,0
185,0
186,0
187,0
188,0
189,0
190,0
191,0
192,0
193,0
194,0
195,0
196,0
197,0
198,0
199,0
200,0
201,0
202,0
203,0
204,0
205,0
206,0
207,0
208,0
209,0
210,0
211,0
212,0
213,0
214,0
215,0
216,0
217,0
218,0
219,0
220,0
221,0
222,0
223,0
224,0
225,0
226,0
227,0
228,0
229,0
230,0
231,0
232,0
233,0
234,0
235,0
236,0
237,0
238,0
239,0
240,0
241,0
242,0
243,0
244,0
245,0
246,0
247,0
248,0
249,0
250,0
251,0
252,0
253,0
254,0
255,0
256,0
257,0
258,0
259,0
260,0
261,0
262,0
263,0
264,0
265,0
266,0
267,0
268,0
269,0
270,0
271,0
272,0
273,0
274,0
275,0
276,0
277,0
278,0
279,0
280,0
281,0
282,0
283,0
284,0
285,0
286,0
287,0
288,0
289,0
290,0
291,0
292,0
293,0
294,0
295,0
296,0
297,0
298,0
299,0
300,0
301,0
302,0
303,0
304,0
305,0
306,0
307,0
308,0
309,0
310,0
311,0
312,0
313,0
314,0
315,0
316,0
317,0
318,0
319,0
320,0
321,0
322,0
323,0
324,0
325,0
326,0
327,0
328,0
329,0
330,0
331,0
332,0
333,0
334,0
335,0
336,0
337,0
338,0
339,0
340,0
341,0
342,0
343,0
344,0
345,0
346,0
347,0
348,0
349,0
350,0
351,0
352,0
353,0
354,0
355,0
356,0
357,0
358,0
359,0
360,0
361,0
362,0
363,0
364,0
365,0
366,0
367,0
368,0
369,0
370,0
371,0
372,0
373,0
374,0
375,0
376,0
377,0
378,0
379,0
380,0
381,0
382,0
383,0
384,0
385,0
386,0
387,0
388,0
389,0
390,0
391,0
392,0
393,0
394,0
395,0
396,0
397,0
398,0
399,0
400,0
401,0
402,0
403,0
404,0
405,0
406,0
407,0
408,0
409,0
410,0
411,0
412,0
413,0
414,0
415,0
416,0
417,0
418,0
419,0
420,0
421,0
422,0
423,0
424,0
425,0
426,0
427,0
428,0
429,0
430,0
431,0
432,0
433,0
434,0
435,0
436,0
437,0
438,0
439,0
440,0
441,0
442,0
443,0
444,0
445,0
446,0
447,0
448,0
449,0
450,0
451,0
452,0
453,0
454,0
455,0
456,0
457,0
458,0
459,0
460,0
461,0
462,0
463,0
464,0
465,0
466,0
467,0
468,0
469,0
470,0
471,0
472,0
473,0
474,0
475,0
476,0
477,0
478,0
479,0
480,0
481,0
482,0
483,0
484,0
485,0
486,0
487,0
488,0
489,0
490,0
491,0
492,0
493,0
494,0
495,0
496,0
497,0
498,0
499,0
500,0
501,0
502,0
503,0
504,0
505,0
506,0
507,0
508,0
509,0
510,0
511,0
512,0
513,0
514,0
515,0
516,0
517,0
518,0
519,0
520,0
521,0
522,0
523,0
524,0
525,0
526,0
527,0
528,0
529,0
530,0
531,0
532,0
533,0
534,0
535,0
536,0
537,0
538,0
539,0
540,0
541,0
542,0
543,0
544,0
545,0
546,0
547,0
548,0
549,0
550,0
551,0
552,0
553,0
554,0
555,0
556,0
557,0
558,0
559,0
560,0
561,0
562,0
563,0
564,0
565,0
566,0
567,0
568,0
569,0
570,0
571,0
572,0
573,0
574,0
575,0
576,0
577,0
578,0
579,0
580,0
581,0
582,0
583,0
584,0
585,0
586,0
587,0
588,0
589,0
590,0
591,0
592,0
593,0
594,0
595,0
596,0
597,0
598,0
599,0
600,0
601,0
602,0
603,0
604,0
605,0
606,0
607,0
608,0
609,0
610,0
611,0
612,0
613,0
614,0
615,0
616,0
617,0
618,0
619,0
620,0
621,0
622,0
623,0
624,0
625,0
626,0
627,0
628,0
629,0
630,0
631,0
632,0
633,0
634,0
635,0
636,0
637,0
638,0
639,0
640,0
641,0
642,0
643,0
644,0
645,0
646,0
647,0
648,0
649,0
650,0
651,0
652,0
653,0
654,0
655,0
656,0
657,0
658,0
659,0
660,0
661,0
662,0
663,0
664,0
665,0
666,0
667,0
668,0
669,0
670,0
671,0
672,0
673,0
674,0
675,0
676,0
677,0
678,0
679,0
680,0
681,0
682,0
683,0
684,0
685,0
686,0
687,0
688,0
689,0
690,0
691,0
692,0
693,0
694,0
695,0
696,0
697,0
698,0
699,0
700,5.92879e-323
701,1.45255e-321
702,3.23415e-320
703,7.0936e-319
704,1.52388e-317
705,3.20552e-316
706,6.60531e-315
707,1.33388e-313
708,2.64088e-312
709,5.12808e-311
710,9.77015e-310
711,1.82702e-308
712,3.35454e-307
713,6.04945e-306
714,1.07185e-304
715,1.86646e-303
716,3.19524e-302
717,5.37918e-301
718,8.90793e-300
719,1.45146e-298
720,2.32762e-297
721,3.67463e-296
722,5.71232e-295
723,8.74611e-294
724,1.31923e-292
725,1.96078e-291
726,2.87232e-290
727,4.14786e-289
728,5.90601e-288
729,8.29333e-287
730,1.14872e-285
731,1.56974e-284
732,2.11668e-283
733,2.81689e-282
734,3.70042e-281
735,4.79921e-280
736,6.1461e-279
737,7.77337e-278
738,9.71109e-277
739,1.19851e-275
740,1.46149e-274
741,1.76114e-273
742,2.09748e-272
743,2.46925e-271
744,2.87382e-270
745,3.30701e-269
746,3.76313e-268
747,4.23504e-267
748,4.71425e-266
749,5.1912e-265
750,5.65554e-264
751,6.09653e-263
752,6.50342e-262
753,6.86594e-261
754,7.1747e-260
755,7.42165e-259
756,7.60037e-258
757,7.70639e-257
758,7.73736e-256
759,7.69311e-255
760,7.57567e-254
761,7.38909e-253
762,7.13922e-252
763,6.83346e-251
764,6.48036e-250
765,6.08925e-249
766,5.66986e-248
767,5.23191e-247
768,4.7848e-246
769,4.33728e-245
770,3.89724e-244
771,3.47149e-243
772,3.06568e-242
773,2.68425e-241
774,2.33043e-240
775,2.00631e-239
776,1.71293e-238
777,1.45041e-237
778,1.21809e-236
779,1.01471e-235
780,8.38496e-235
781,6.87365e-234
782,5.59021e-233
783,4.51078e-232
784,3.61148e-231
785,2.86916e-230
786,2.26197e-229
787,1.76973e-228
788,1.37417e-227
789,1.05905e-226
790,8.10124e-226
791,6.15143e-225
792,4.63673e-224
793,3.46963e-223
794,2.57758e-222
795,1.90118e-221
796,1.39232e-220
797,1.01246e-219
798,7.31084e-219
799,5.24234e-218
800,3.73313e-217
801,2.64018e-216
802,1.85449e-215
803,1.2938e-214
804,8.96572e-214
805,6.17154e-213
806,4.22001e-212
807,2.86659e-211
808,1.93449e-210
809,1.29699e-209
810,8.63956e-209
811,5.71812e-208
812,3.76044e-207
813,2.45733e-206
814,1.59569e-205
815,1.02969e-204
816,6.60327e-204
817,4.20843e-203
818,2.66568e-202
819,1.67818e-201
820,1.05009e-200
821,6.53113e-200
822,4.03777e-199
823,2.48142e-198
824,1.51593e-197
825,9.20654e-197
826,5.55858e-196
827,3.33655e-195
828,1.99119e-194
829,1.18147e-193
830,6.97014e-193
831,4.08869e-192
832,2.38487e-191
833,1.38324e-190
834,7.97798e-190
835,4.57581e-189
836,2.60996e-188
837,1.48049e-187
838,8.35207e-187
839,4.68612e-186
840,2.61503e-185
841,1.45143e-184
842,8.01275e-184
843,4.39996e-183
844,2.4033e-182
845,1.30579e-181
846,7.05753e-181
847,3.79456e-180
848,2.02959e-179
849,1.07996e-178
850,5.71703e-178
851,3.01096e-177
852,1.5777e-176
853,8.22511e-176
854,4.26642e-175
855,2.20193e-174
856,1.13076e-173
857,5.77799e-173
858,2.93786e-172
859,1.48643e-171
860,7.48391e-171
861,3.74965e-170
862,1.86957e-169
863,9.27669e-169
864,4.58092e-168
865,2.25129e-167
866,1.10113e-166
867,5.3602e-166
868,2.597e-165
869,1.25233e-164
870,6.01079e-164
871,2.87156e-163
872,1.36549e-162
873,6.46325e-162
874,3.04519e-161
875,1.4282e-160
876,6.66777e-160
877,3.09885e-159
878,1.43369e-158
879,6.60319e-158
880,3.02764e-157
881,1.38203e-156
882,6.28053e-156
883,2.84154e-155
884,1.27996e-154
885,5.74023e-154
886,2.56309e-153
887,1.13948e-152
888,5.04389e-152
889,2.22304e-151
890,9.75575e-151
891,4.26297e-150
892,1.85486e-149
893,8.0364e-149
894,3.46715e-148
895,1.48954e-147
896,6.37245e-147
897,2.71483e-146
898,1.15177e-145
899,4.86618e-145
900,2.04744e-144
901,8.57916e-144
902,3.58009e-143
903,1.48788e-142
904,6.15842e-142
905,2.53868e-141
906,1.04229e-140
907,4.26205e-140
908,1.73582e-139
909,7.04128e-139
910,2.8449e-138
911,1.14487e-137
912,4.58911e-137
913,1.83225e-136
914,7.28678e-136
915,2.88659e-135
916,1.13904e-134
917,4.47716e-134
918,1.753e-133
919,6.83732e-133
920,2.65654e-132
921,1.02821e-131
922,3.96446e-131
923,1.52277e-130
924,5.82683e-130
925,2.2212e-129
926,8.43537e-129
927,3.19144e-128
928,1.20294e-127
929,4.51727e-127
930,1.69002e-126
931,6.29935e-126
932,2.33934e-125
933,8.65543e-125
934,3.19071e-124
935,1.17191e-123
936,4.2886e-123
937,1.56371e-122
938,5.68091e-122
939,2.0564e-121
940,7.41707e-121
941,2.6656e-120
942,9.54551e-120
943,3.40605e-119
944,1.21103e-118
945,4.29058e-118
946,1.51474e-117
947,5.32876e-117
948,1.86803e-116
949,6.52555e-116
950,2.27159e-115
951,7.88e-115
952,2.72402e-114
953,9.38399e-114
954,3.22152e-113
955,1.10214e-112
956,3.75765e-112
957,1.27675e-111
958,4.32323e-111
959,1.45891e-110
960,4.9065e-110
961,1.64452e-109
962,5.49337e-109
963,1.82882e-108
964,6.06795e-108
965,2.00657e-107
966,6.61321e-107
967,2.1723e-106
968,7.11182e-106
969,2.32059e-105
970,7.54707e-105
971,2.44637e-104
972,7.90378e-104
973,2.54519e-103
974,8.1692e-103
975,2.61348e-102
976,8.33378e-102
977,2.64881e-101
978,8.39171e-101
979,2.64999e-100
980,8.34129e-100
981,2.61712e-99
982,8.18499e-99
983,2.55164e-98
984,7.92924e-98
985,2.45617e-97
986,7.58405e-97
987,2.33434e-96
988,7.1623e-96
989,2.19062e-95
990,6.67901e-95
991,2.02997e-94
992,6.15042e-94
993,1.85763e-93
994,5.59314e-93
995,1.6788e-92
996,5.02331e-92
997,1.49842e-91
998,4.45585e-91
999,1.32095e-90
1000,3.90394e-90
1001,1.15022e-89
1002,3.37854e-89
1003,9.89338e-89
1004,2.88824e-88
1005,8.40612e-88
1006,2.43914e-87
1007,7.05597e-87
1008,2.03499e-86
1009,5.85129e-86
1010,1.67738e-85
1011,4.79403e-85
1012,1.36604e-84
1013,3.88084e-84
1014,1.09922e-83
1015,3.10418e-83
1016,8.74003e-83
1017,2.4535e-82
1018,6.86701e-82
1019,1.91629e-81
1020,5.33175e-81
1021,1.47909e-80
1022,4.09109e-80
1023,1.12825e-79
1024,3.10237e-79
1025,8.50569e-79
1026,2.32517e-78
1027,6.33767e-78
1028,1.72241e-77
1029,4.66747e-77
1030,1.26114e-76
1031,3.3977e-76
1032,9.12743e-76
1033,2.44488e-75
1034,6.52997e-75
1035,1.73906e-74
1036,4.61815e-74
1037,1.22286e-73
1038,3.22877e-73
1039,8.50072e-73
1040,2.23169e-72
1041,5.84214e-72
1042,1.52501e-71
1043,3.96954e-71
1044,1.03032e-70
1045,2.66672e-70
1046,6.88257e-70
1047,1.77132e-69
1048,4.54587e-69
1049,1.16336e-68
1050,2.96886e-68
1051,7.5552e-68
1052,1.91727e-67
1053,4.85183e-67
1054,1.22437e-66
1055,3.0811e-66
1056,7.73195e-66
1057,1.93492e-65
1058,4.82869e-65
1059,1.20168e-64
1060,2.98225e-64
1061,7.3807e-64
1062,1.82158e-63
1063,4.48334e-63
1064,1.10041e-62
1065,2.69348e-62
1066,6.57472e-62
1067,1.60047e-61
1068,3.8853e-61
1069,9.40615e-61
1070,2.27097e-60
1071,5.46791e-60
1072,1.31295e-59
1073,3.14403e-59
1074,7.50834e-59
1075,1.78821e-58
1076,4.24731e-58
1077,1.00607e-57
1078,2.37666e-57
1079,5.59922e-57
1080,1.31557e-56
1081,3.08265e-56
1082,7.20381e-56
1083,1.67892e-55
1084,3.90234e-55
1085,9.04591e-55
1086,2.09128e-54
1087,4.82173e-54
1088,1.10874e-53
1089,2.54267e-53
1090,5.81551e-53
1091,1.32655e-52
1092,3.01784e-52
1093,6.84715e-52
1094,1.5494e-51
1095,3.4967e-51
1096,7.87037e-51
1097,1.76675e-50
1098,3.9555e-50
1099,8.83226e-50
1100,1.96693e-49
1101,4.3687e-49
1102,9.67751e-49
1103,2.13808e-48
1104,4.71122e-48
1105,1.03537e-47
1106,2.26937e-47
1107,4.96099e-47
1108,1.08164e-46
1109,2.35209e-46
1110,5.10126e-46
1111,1.10346e-45
1112,2.38062e-45
1113,5.12248e-45
1114,1.09933e-44
1115,2.35305e-44
1116,5.02334e-44
1117,1.06958e-43
1118,2.2714e-43
1119,4.81096e-43
1120,1.01632e-42
1121,2.14137e-42
1122,4.5e-42
1123,9.43181e-42
1124,1.97169e-41
1125,4.11099e-41
1126,8.54902e-41
1127,1.77316e-40
1128,3.66813e-40
1129,7.56842e-40
1130,1.55751e-39
1131,3.19682e-39
1132,6.54442e-39
1133,1.33626e-38
1134,2.72128e-38
1135,5.52741e-38
1136,1.11979e-37
1137,2.26264e-37
1138,4.55996e-37
1139,9.16584e-37
1140,1.83759e-36
1141,3.67445e-36
1142,7.32828e-36
1143,1.45773e-35
1144,2.89214e-35
1145,5.72305e-35
1146,1.12954e-34
1147,2.22352e-34
1148,4.36562e-34
1149,8.54904e-34
1150,1.66976e-33
1151,3.25279e-33
1152,6.32009e-33
1153,1.22477e-32
1154,2.3673e-32
1155,4.56367e-32
1156,8.77486e-32
1157,1.68279e-31
1158,3.21871e-31
1159,6.14042e-31
1160,1.16836e-30
1161,2.21727e-30
1162,4.19682e-30
1163,7.92291e-30
1164,1.4918e-29
1165,2.80153e-29
1166,5.24734e-29
1167,9.80264e-29
1168,1.82644e-28
1169,3.3941e-28
1170,6.29075e-28
1171,1.16288e-27
1172,2.144e-27
1173,3.94247e-27
1174,7.23047e-27
1175,1.32257e-26
1176,2.4128e-26
1177,4.39011e-26
1178,7.96674e-26
1179,1.4419e-25
1180,2.60278e-25
1181,4.68585e-25
1182,8.41366e-25
1183,1.5067e-24
1184,2.69099e-24
1185,4.79337e-24
1186,8.51552e-24
1187,1.50877e-23
1188,2.66607e-23
1189,4.69849e-23
1190,8.25813e-23
1191,1.44757e-22
1192,2.53065e-22
1193,4.4122e-22
1194,7.672e-22
1195,1.33043e-21
1196,2.30091e-21
1197,3.96858e-21
1198,6.82643e-21
1199,1.17105e-20
1200,2.00343e-20
1201,3.41816e-20
1202,5.81604e-20
1203,9.86907e-20
1204,1.67008e-19
1205,2.81844e-19
1206,4.74338e-19
1207,7.9611e-19
1208,1.33248e-18
1209,2.22409e-18
1210,3.70203e-18
1211,6.14505e-18
1212,1.0172e-17
1213,1.6791e-17
1214,2.76398e-17
1215,4.53713e-17
1216,7.42695e-17
1217,1.21233e-16
1218,1.97337e-16
1219,3.2031e-16
1220,5.18448e-16
1221,8.36774e-16
1222,1.34672e-15
1223,2.16127e-15
1224,3.45858e-15
1225,5.51879e-15
1226,8.78096e-15
1227,1.39312e-14
1228,2.20384e-14
1229,3.47626e-14
1230,5.46742e-14
1231,8.57404e-14
1232,1.34066e-13
1233,2.09014e-13
1234,3.24903e-13
1235,5.03558e-13
1236,7.78137e-13
1237,1.19887e-12
1238,1.84157e-12
1239,2.82036e-12
1240,4.30638e-12
1241,6.55555e-12
1242,9.94921e-12
1243,1.50538e-11
1244,2.27077e-11
1245,3.41483e-11
1246,5.11946e-11
1247,7.65128e-11
1248,1.13997e-10
1249,1.69314e-10
1250,2.50685e-10
1251,3.69994e-10
1252,5.44355e-10
1253,7.98334e-10
1254,1.16707e-09
1255,1.70062e-09
1256,2.47008e-09
1257,3.57602e-09
1258,5.16019e-09
1259,7.42164e-09
1260,1.06388e-08
1261,1.51998e-08
1262,2.16434e-08
1263,3.07146e-08
1264,4.34396e-08
1265,6.12265e-08
1266,8.59992e-08
1267,1.20376e-07
1268,1.67906e-07
1269,2.33378e-07
1270,3.23229e-07
1271,4.4607e-07
1272,6.13377e-07
1273,8.40365e-07
1274,1.14713e-06
1275,1.56007e-06
1276,2.11374e-06
1277,2.85309e-06
1278,3.83637e-06
1279,5.13866e-06
1280,6.85624e-06
1281,9.11191e-06
1282,1.20615e-05
1283,1.59016e-05
1284,2.08789e-05
1285,2.73009e-05
1286,3.55491e-05
1287,4.60929e-05
1288,5.95071e-05
1289,7.64901e-05
1290,9.78844e-05
1291,0.000124699
1292,0.000158133
1293,0.000199597
1294,0.000250738
1295,0.000313462
1296,0.000389944
1297,0.000482646
1298,0.000594311
1299,0.000727957
1300,0.000886841
1301,0.00107442
1302,0.00129425
1303,0.00154991
1304,0.00184485
1305,0.00218215
1306,0.00256438
1307,0.00299323
1308,0.00346923
1309,0.00399135
1310,0.00455656
1311,0.00515939
1312,0.00579147
1313,0.00644101
1314,0.00709238
1315,0.00772573
1316,0.00831671
1317,0.00883635
1318,0.00925114
1319,0.00952338
1320,0.00961183
1321,0.00947275
1322,0.00906136
1323,0.00833368
1324,0.00724886
1325,0.00577198
1326,0.00387713
1327,0.00155079
1328,-0.00120457
1329,-0.00436705
1330,-0.00789211
1331,-0.0117099
1332,-0.0157234
1333,-0.019808
1334,-0.0238122
1335,-0.0275604
1336,-0.0308574
1337,-0.033496
1338,-0.0352652
1339,-0.0359621
1340,-0.0354049
1341,-0.0334467
1342,-0.0299907
1343,-0.0250049
1344,-0.0185342
1345,-0.0107116
1346,-0.00176392
1347,0.00798705
1348,0.0181296
1349,0.0281745
1350,0.0375748
1351,0.0457527
1352,0.0521335
1353,0.0561842
1354,0.0574557
1355,0.0556249
1356,0.0505338
1357,0.0422226
1358,0.0309514
1359,0.0172098
1360,0.00170825
1361,-0.0146476
1362,-0.0308025
1363,-0.0456146
1364,-0.0579338
1365,-0.0666906
1366,-0.0709898
1367,-0.0701999
1368,-0.0640323
1369,-0.0525994
1370,-0.0364456
1371,-0.0165431
1372,0.0057491
1373,0.0287659
1374,0.0506525
1375,0.0695096
1376,0.0835582
1377,0.0913088
1378,0.0917202
1379,0.0843316
1380,0.0693517
1381,0.047692
1382,0.0209352
1383,-0.00876376
1384,-0.0388416
1385,-0.0665439
1386,-0.0891782
1387,-0.104382
1388,-0.110375
1389,-0.106177
1390,-0.0917485
1391,-0.0680588
1392,-0.0370421
1393,-0.00145674
1394,0.0353522
1395,0.0697665
1396,0.0982559
1397,0.11775
1398,0.125981
1399,0.12176
1400,0.105148
1401,0.0775014
1402,0.0413787
1403,0.000312686
1404,-0.0415348
1405,-0.0797995
1406,-0.11038
1407,-0.129889
1408,-0.13604
1409,-0.127926
1410,-0.106149
1411,-0.0727903
1412,-0.031209
1413,0.0142968
1414,0.0589445
1415,0.0979799
1416,0.127193
1417,0.14338
1418,0.144695
1419,0.130857
1420,0.103185
1421,0.0644565
1422,0.0186121
1423,-0.0296678
1424,-0.0754596
1425,-0.114116
1426,-0.141746
1427,-0.155615
1428,-0.154404
1429,-0.138333
1430,-0.109108
1431,-0.0697255
1432,-0.0241482
1433,0.0231113
1434,0.0674487
1435,0.104626
1436,0.13118
1437,0.144747
1438,0.144271
1439,0.130081
1440,0.103827
1441,0.0683033
1442,0.0271455
1443,-0.0155311
1444,-0.0555427
1445,-0.0890456
1446,-0.112906
1447,-0.124993
1448,-0.124374
1449,-0.111384
1450,-0.0875706
1451,-0.0555222
1452,-0.0185909
1453,0.0194531
1454,0.0548034
1455,0.0839948
1456,0.10424
1457,0.113689
1458,0.111594
1459,0.098358
1460,0.0754743
1461,0.0453581
1462,0.0110987
1463,-0.0238495
1464,-0.0560032
1465,-0.0821836
1466,-0.0998188
1467,-0.107188
1468,-0.103586
1469,-0.0893987
1470,-0.0660685
1471,-0.0359676
1472,-0.00217153
1473,0.0318418
1474,0.0625429
1475,0.0867181
1476,0.101816
1477,0.106232
1478,0.0994935
1479,0.0823287
1480,0.0565903
1481,0.0250543
1482,-0.00889268
1483,-0.0416373
1484,-0.0697468
1485,-0.0903483
1486,-0.101432
1487,-0.102045
1488,-0.0923538
1489,-0.0735807
1490,-0.0478249
1491,-0.0178056
1492,0.0134397
1493,0.0428638
1494,0.0676927
1495,0.0856622
1496,0.0951938
1497,0.0955069
1498,0.0866664
1499,0.0695681
1500,0.0458637
1501,0.0178253
1502,-0.0118469
1503,-0.0402663
1504,-0.0646366
1505,-0.0825384
1506,-0.0921933
1507,-0.0926694
1508,-0.0839947
1509,-0.0671573
1510,-0.0439858
1511,-0.0169258
1512,0.0112552
1513,0.0377881
1514,0.0601986
1515,0.0765408
1516,0.0855396
1517,0.08664
1518,0.0799754
1519,0.0662839
1520,0.0468008
1521,0.0231528
1522,-0.002737
1523,-0.0287401
1524,-0.0526243
1525,-0.0721882
1526,-0.0854395
1527,-0.090811
1528,-0.0873896
1529,-0.0751139
1530,-0.0548903
1531,-0.028583
1532,0.0011433
1533,0.0311218
1534,0.0580799
1535,0.0790689
1536,0.0918489
1537,0.0951616
1538,0.0888466
1539,0.0737931
1540,0.0517531
1541,0.0250692
1542,-0.00362305
1543,-0.0316633
1544,-0.0565751
1545,-0.0762119
1546,-0.0888584
1547,-0.0933169
1548,-0.0889993
1549,-0.0760293
1550,-0.05533
1551,-0.0286576
1552,0.00146662
1553,0.0319567
1554,0.059495
1555,0.0809592
1556,0.0938686
1557,0.0967604
1558,0.089411
1559,0.0728515
1560,0.0491746
1561,0.0211788
1562,-0.00806465
1563,-0.0356253
1564,-0.0590274
1565,-0.0764202
1566,-0.0866122
1567,-0.0890134
1568,-0.083552
1569,-0.0706246
1570,-0.0511042
1571,-0.0263929
1572,0.00153495
1573,0.0301666
1574,0.0566151
1575,0.0779292
1576,0.0915102
1577,0.0955494
1578,0.0893796
1579,0.0736398
1580,0.0502028
1581,0.0218714
1582,-0.00808112
1583,-0.0364164
1584,-0.0603619
1585,-0.0778836
1586,-0.08777
1587,-0.0895619
1588,-0.0834039
1589,-0.0699055
1590,-0.0500745
1591,-0.0253328
1592,0.0024271
1593,0.0308236
1594,0.0570859
1595,0.0783144
1596,0.0918829
1597,0.0959009
1598,0.0896132
1599,0.0736164
1600,0.049814
1601,0.021106
1602,-0.00910861
1603,-0.0374905
1604,-0.0612352
1605,-0.0783611
1606,-0.0877747
1607,-0.0891542
1608,-0.0827493
1609,-0.0692064
1610,-0.0494962
1611,-0.0249568
1612,0.0026065
1613,0.0308631
1614,0.0570392
1615,0.0781923
1616,0.0916487
1617,0.095506
1618,0.0890531
1619,0.0729749
1620,0.0492657
1621,0.0208664
1622,-0.00887211
1623,-0.0367476
1624,-0.0601383
1625,-0.0772167
1626,-0.086942
1627,-0.0889049
1628,-0.0831465
1629,-0.0700593
1630,-0.0504187
1631,-0.0255159
1632,0.00270829
1633,0.0316471
1634,0.0582187
1635,0.0792709
1636,0.0921191
1637,0.0950694
1638,0.0877663
1639,0.0712546
1640,0.0477376
1641,0.0201132
1642,-0.00856208
1643,-0.0355216
1644,-0.0585418
1645,-0.0759826
1646,-0.0866855
1647,-0.0898523
1648,-0.0850157
1649,-0.0721535
1650,-0.0519038
1651,-0.0257711
1652,0.00381514
1653,0.0336833
1654,0.060352
1655,0.0806155
1656,0.0921197
1657,0.0937564
1658,0.0857647
1659,0.069531
1660,0.047186
1661,0.0211534
1662,-0.00619523
1663,-0.0326967
1664,-0.0563814
1665,-0.0753875
1666,-0.0879373
1667,-0.0924715
1668,-0.087947
1669,-0.0742073
1670,-0.0522684
1671,-0.024371
1672,0.00627681
1673,0.0360263
1674,0.0614384
1675,0.0798624
1676,0.089775
1677,0.0908088
1678,0.0835183
1679,0.0690275
1680,0.0487296
1681,0.0241561
1682,-0.00297199
1683,-0.030603
1684,-0.0562798
1685,-0.0772624
1686,-0.0908952
1687,-0.0951375
1688,-0.0890855
1689,-0.0732874
1690,-0.0497141
1691,-0.0213771
1692,0.00828675
1693,0.0360559
1694,0.0593883
1695,0.0765931
1696,0.0867268
1697,0.089347
1698,0.0843027
1699,0.0716996
1700,0.0520678
1701,0.0266329
1702,-0.00248309
1703,-0.0323016
1704,-0.0593402
1705,-0.0802163
1706,-0.0923209
1707,-0.0943344
1708,-0.0864157
1709,-0.0700158
1710,-0.0474177
1711,-0.0211954
1712,0.00620363
1713,0.0326369
1714,0.0562171
1715,0.0751649
1716,0.087736
1717,0.0923457
1718,0.0879
1719,0.0742127
1720,0.0523196
1721,0.0245163
1722,-0.00594935
1723,-0.0354554
1724,-0.0606718
1725,-0.0790962
1726,-0.0893058
1727,-0.090902
1728,-0.0842489
1729,-0.0701832
1730,-0.0498464
1731,-0.0246983
1732,0.00335618
1733,0.0318741
1734,0.0579654
1735,0.0786314
1736,0.0912881
1737,0.0943062
1738,0.0873671
1739,0.0715035
1740,0.0488128
1741,0.0219704
1742,-0.00626755
1743,-0.033401
1744,-0.0572935
1745,-0.0761117
1746,-0.0882403
1747,-0.0923192
1748,-0.0874633
1749,-0.0736016
1750,-0.0517712
1751,-0.0241895
1752,0.00599628
1753,0.0352446
1754,0.0602717
1755,0.0785985
1756,0.0888199
1757,0.0905492
1758,0.0841418
1759,0.0703837
1760,0.0503227
1761,0.02531
1762,-0.00282024
1763,-0.0316098
1764,-0.0580543
1765,-0.0789813
1766,-0.0916529
1767,-0.0943889
1768,-0.0869644
1769,-0.0706212
1770,-0.0476901
1771,-0.0209908
1772,0.00674369
1773,0.0332038
1774,0.0565288
1775,0.0751171
1776,0.0874305
1777,0.0919929
1778,0.0876665
1779,0.0741135
1780,0.0522203
1781,0.0242409
1782,-0.00647631
1783,-0.0361254
1784,-0.0612256
1785,-0.0792605
1786,-0.0889554
1787,-0.0901496
1788,-0.0834044
1789,-0.0695966
1790,-0.0497208
1791,-0.0249768
1792,0.00295968
1793,0.0317143
1794,0.0582599
1795,0.0793255
1796,0.0920674
1797,0.094754
1798,0.0871836
1799,0.0706668
1800,0.0475945
1801,0.0207982
1802,-0.0070246
1803,-0.0336055
1804,-0.0570803
1805,-0.0757792
1806,-0.0880609
1807,-0.0923816
1808,-0.0876353
1809,-0.0736291
1810,-0.0514488
1811,-0.0234955
1812,0.00688376
1813,0.0360571
1814,0.0608144
1815,0.078862
1816,0.0889636
1817,0.0907645
1818,0.0844812
1819,0.0706758
1820,0.0502426
1821,0.0245826
1822,-0.00420258
1823,-0.0332964
1824,-0.0594548
1825,-0.0795535
1826,-0.0912102
1827,-0.0932429
1828,-0.0857977
1829,-0.0701295
1830,-0.0481791
1831,-0.0221573
1832,0.00569648
1833,0.0331481
1834,0.0579006
1835,0.0775959
1836,0.0900144
1837,0.0934668
1838,0.0872373
1839,0.0718741
1840,0.0491691
1841,0.0218128
1842,-0.00714514
1843,-0.0348126
1844,-0.058773
1845,-0.0771508
1846,-0.0885185
1847,-0.0918149
1848,-0.086415
1849,-0.0723662
1850,-0.0506668
1851,-0.0233945
1852,0.00646237
1853,0.0354791
1854,0.0604238
1855,0.0788098
1856,0.0891749
1857,0.0910364
1858,0.0846292
1859,0.0706341
1860,0.050069
1861,0.0243849
1862,-0.00435165
1863,-0.0333956
1864,-0.0595419
1865,-0.0796404
1866,-0.0912441
1867,-0.0931332
1868,-0.0854946
1869,-0.069699
1870,-0.0478104
1871,-0.0220793
1872,0.00535083
1873,0.0324474
1874,0.0571161
1875,0.0770802
1876,0.0900153
1877,0.0939807
1878,0.0879945
1879,0.0724747
1880,0.0493033
1881,0.0214414
1882,-0.00775607
1883,-0.0352326
1884,-0.0586501
1885,-0.0764227
1886,-0.0874687
1887,-0.0909363
1888,-0.0861506
1889,-0.072868
1890,-0.0517081
1891,-0.0244865
1892,0.00581275
1893,0.03551
1894,0.0610013
1895,0.0795138
1896,0.0895394
1897,0.0908083
1898,0.0839043
1899,0.0697984
1900,0.049583
1901,0.0245328
1902,-0.00361115
1903,-0.0323993
1904,-0.0587379
1905,-0.0793543
1906,-0.0915232
1907,-0.093745
1908,-0.0860698
1909,-0.0699329
1910,-0.047613
1911,-0.0216017
1912,0.00581588
1913,0.0326267
1914,0.056891
1915,0.0765323
1916,0.089371
1917,0.0934955
1918,0.0878394
1919,0.0726745
1920,0.0497437
1921,0.0219302
1922,-0.00740695
1923,-0.0351371
1924,-0.0588105
1925,-0.0767323
1926,-0.0877551
1927,-0.0910319
1928,-0.0859704
1929,-0.0724615
1930,-0.0512559
1931,-0.0242285
1932,0.00569479
1933,0.0350026
1934,0.0602965
1935,0.0789388
1936,0.0893971
1937,0.0912069
1938,0.084674
1939,0.0705558
1940,0.0499267
1941,0.0242705
1942,-0.00433461
1943,-0.0331606
1944,-0.0590638
1945,-0.0790011
1946,-0.0906421
1947,-0.092825
1948,-0.0856723
1949,-0.0703606
1950,-0.0487082
1951,-0.0228046
1952,0.00516435
1953,0.0329028
1954,0.0579516
1955,0.0777749
1956,0.0900704
1957,0.0932307
1958,0.0867559
1959,0.0714177
1960,0.0490877
1961,0.0223128
1962,-0.0061644
1963,-0.0337467
1964,-0.0581076
1965,-0.077174
1966,-0.0891275
1967,-0.0925542
1968,-0.0867443
1969,-0.0720072
1970,-0.0498114
1971,-0.0226243
1972,0.0065217
1973,0.0345689
1974,0.0588693
1975,0.0773823
1976,0.0886552
1977,0.0917288
1978,0.0861342
1979,0.0720436
1980,0.050497
1981,0.0235237
1982,-0.00599903
1983,-0.0347768
1984,-0.0596821
1985,-0.0782663
1986,-0.0890126
1987,-0.0912939
1988,-0.0851591
1989,-0.0711465
1990,-0.0502635
1991,-0.0241173
1992,0.00495967
1993,0.0339854
1994,0.0596997
1995,0.0791478
1996,0.0902528
1997,0.0921363
1998,0.0850782
1999,0.0701944
2000,0.0490525
2001,0.0234403
2002,-0.00463559
2003,-0.0328278
2004,-0.058418
2005,-0.0785502
2006,-0.090729
2007,-0.0933986
2008,-0.0863314
2009,-0.0706342
2010,-0.0483786
2011,-0.0220552
2012,0.00587394
2013,0.0331491
2014,0.0576334
2015,0.0771797
2016,0.0896759
2017,0.0933738
2018,0.0873931
2019,0.072141
2020,0.0493908
2021,0.0219334
2022,-0.00705468
2023,-0.0346373
2024,-0.0584723
2025,-0.0768152
2026,-0.0883135
2027,-0.091854
2028,-0.0866607
2029,-0.0726444
2030,-0.0507939
2031,-0.0233266
2032,0.0065777
2033,0.0354023
2034,0.0600169
2035,0.0781829
2036,0.0886633
2037,0.0909953
2038,0.0851721
2039,0.0715003
2040,0.0507393
2041,0.0244004
2042,-0.00506433
2043,-0.0344199
2044,-0.0601917
2045,-0.0793934
2046,-0.0901189
2047,-0.0917456
2048,-0.0847185
2049,-0.0701165
2050,-0.0492941
2051,-0.0237995
2052,0.0044592
2053,0.0330204
2054,0.0589148
2055,0.0790712
2056,0.0909664
2057,0.0932286
2058,0.0859025
2059,0.0702687
2060,0.0483502
2061,0.022396
2062,-0.00540204
2063,-0.0328917
2064,-0.057799
2065,-0.0776811
2066,-0.0901742
2067,-0.0935025
2068,-0.0870148
2069,-0.0714575
2070,-0.0488239
2071,-0.0218461
2072,0.00661005
2073,0.0339694
2074,0.0580554
2075,0.0769712
2076,0.0889842
2077,0.0926231
2078,0.0870228
2079,0.0723462
2080,0.0500184
2081,0.0225878
2082,-0.00676857
2083,-0.034882
2084,-0.0590918
2085,-0.0774375
2086,-0.0885735
2087,-0.0916039
2088,-0.086048
2089,-0.0720189
2090,-0.0505036
2091,-0.0235215
2092,0.0060235
2093,0.0348115
2094,0.0597209
2095,0.0783335
2096,0.0891494
2097,0.0915105
2098,0.0853938
2099,0.0712793
2100,0.0501904
2101,0.0238414
2102,-0.00529457
2103,-0.0341618
2104,-0.0595661
2105,-0.0787409
2106,-0.0898052
2107,-0.0919436
2108,-0.0852988
2109,-0.0707158
2110,-0.0495315
2111,-0.0235127
2112,0.0051022
2113,0.0336119
2114,0.0590538
2115,0.0786189
2116,0.0901495
2117,0.0925152
2118,0.0857183
2119,0.0707264
2120,0.0491663
2121,0.0230576
2122,-0.00531609
2123,-0.0334366
2124,-0.0586166
2125,-0.0782202
2126,-0.0900453
2127,-0.0927405
2128,-0.086073
2129,-0.0709274
2130,-0.0490531
2131,-0.0227037
2132,0.00566236
2133,0.0335357
2134,0.0584118
2135,0.0778775
2136,0.0898322
2137,0.0928325
2138,0.086427
2139,0.0713125
2140,0.0492161
2141,0.0225502
2142,-0.00600055
2143,-0.0337952
2144,-0.0583858
2145,-0.0775636
2146,-0.0894339
2147,-0.092614
2148,-0.0865252
2149,-0.0716397
2150,-0.0495235
2151,-0.0226059
2152,0.00624632
2153,0.0341758
2154,0.0586391
2155,0.0775212
2156,0.089143
2157,0.0923033
2158,0.0864396
2159,0.071862
2160,0.0499118
2161,0.0228935
2162,-0.00625896
2163,-0.0344742
2164,-0.0590003
2165,-0.0776699
2166,-0.0889489
2167,-0.0918783
2168,-0.0860631
2169,-0.0717851
2170,-0.0501772
2171,-0.0233009
2172,0.00601569
2173,0.0345922
2174,0.0594266
2175,0.0781348
2176,0.0891523
2177,0.0916991
2178,0.0856447
2179,0.0714355
2180,0.0501538
2181,0.0236305
2182,-0.00555469
2183,-0.0343126
2184,-0.0595115
2185,-0.078509
2186,-0.0895364
2187,-0.091808
2188,-0.0853899
2189,-0.0709868
2190,-0.0498177
2191,-0.0236308
2192,0.00523649
2193,0.0339246
2194,0.0593538
2195,0.0787178
2196,0.0899851
2197,0.0921958
2198,0.0854557
2199,0.0706976
2200,0.0493946
2201,0.0233945
2202,-0.00509412
2203,-0.0334787
2204,-0.0588971
2205,-0.0785561
2206,-0.0902213
2207,-0.092656
2208,-0.0858098
2209,-0.0706895
2210,-0.0490211
2211,-0.022906
2212,0.00537055
2213,0.0333692
2214,0.0585013
2215,0.0781738
2216,0.0901392
2217,0.0929457
2218,0.0862796
2219,0.0710235
2220,0.0490044
2221,0.0225757
2222,-0.00575478
2223,-0.0335134
2224,-0.0582876
2225,-0.0777437
2226,-0.0897901
2227,-0.0929165
2228,-0.0865789
2229,-0.0714231
2230,-0.0492029
2231,-0.0224143
2232,0.00617881
2233,0.0339158
2234,0.0584
2235,0.0775049
2236,0.0893892
2237,0.0926576
2238,0.0866647
2239,0.0718109
2240,0.0496354
2241,0.0226025
2242,-0.00635161
2243,-0.0343126
2244,-0.0587287
2245,-0.077525
2246,-0.0890798
2247,-0.0922286
2248,-0.0864052
2249,-0.0718849
2250,-0.0499691
2251,-0.0229411
2252,0.00626034
2253,0.0345415
2254,0.0591243
2255,0.0778219
2256,0.0890907
2257,0.091974
2258,0.0860924
2259,0.071755
2260,0.0501241
2261,0.0232755
2262,-0.00597804
2263,-0.034499
2264,-0.0593318
2265,-0.0781087
2266,-0.0892323
2267,-0.0918547
2268,-0.0857862
2269,-0.0714683
2270,-0.0500444
2271,-0.0234375
2272,0.0057137
2273,0.0343414
2274,0.0594072
2275,0.0783718
2276,0.0895023
2277,0.0919492
2278,0.0856524
2279,0.071219
2280,0.0498736
2281,0.0234796
2282,-0.00547898
2283,-0.0340707
2284,-0.0592784
2285,-0.0784561
2286,-0.0897164
2287,-0.0921191
2288,-0.0856405
2289,-0.0710209
2290,-0.0496176
2291,-0.023331
2292,0.00543616
2293,0.0338897
2294,0.0591061
2295,0.0784245
2296,0.0898506
2297,0.0923253
2298,0.0857804
2299,0.0710136
2300,0.0494941
2301,0.0232049
2302,-0.00545645
2303,-0.0337806
2304,-0.0589417
2305,-0.0783166
2306,-0.0898629
2307,-0.0924274
2308,-0.0858737
2309,-0.071008
2310,-0.0493771
2311,-0.0230497
2312,0.00554693
2313,0.0337522
2314,0.0588298
2315,0.0782194
2316,0.0898679
2317,0.0925461
2318,0.0860335
2319,0.0711065
2320,0.0493572
2321,0.0229413
2322,-0.00565067
2323,-0.0337635
2324,-0.0587292
2325,-0.0780677
2326,-0.0897596
2327,-0.0925406
2328,-0.0861144
2329,-0.0711966
2330,-0.0493768
2331,-0.022865
2332,0.00577821
2333,0.0338631
2334,0.0587459
2335,0.078009
2336,0.0896868
2337,0.0925216
2338,0.0861733
2339,0.0712987
2340,0.0494574
2341,0.0228799
2342,-0.00582017
2343,-0.033909
2344,-0.0587419
2345,-0.0779425
2346,-0.0895952
2347,-0.0924613
2348,-0.0861753
2349,-0.0713445
2350,-0.0494952
2351,-0.0228651
2352,0.00589089
2353,0.0339963
2354,0.0587939
2355,0.077933
2356,0.0895423
2357,0.0924137
2358,0.0861784
2359,0.0714097
2360,0.0495919
2361,0.0229416
2362,-0.0058724
2363,-0.0340341
2364,-0.0588474
2365,-0.0779512
2366,-0.0895003
2367,-0.0923307
2368,-0.0861027
2369,-0.0713815
2370,-0.0496136
2371,-0.0229783
2372,0.00586294
2373,0.0340685
2374,0.0589081
2375,0.0780057
2376,0.0895285
2377,0.0923364
2378,0.086103
2379,0.0713899
2380,0.0496322
2381,0.0230031
2382,-0.0058356
2383,-0.0340416
2384,-0.0588865
2385,-0.0779942
2386,-0.0895251
2387,-0.0923309
2388,-0.0860851
2389,-0.0713601
2390,-0.0496023
2391,-0.0229839
2392,0.00584618
2393,0.0340556
2394,0.0589113
2395,0.0780231
2396,0.0895451
2397,0.0923389
2398,0.0860937
2399,0.0713846
2400,0.0496425
2401,0.0230217
2402,-0.00583028
2403,-0.0340624
2404,-0.0589206
2405,-0.0780109
2406,-0.0895054
2407,-0.0922891
2408,-0.0860597
2409,-0.0713784
2410,-0.0496517
2411,-0.0230207
2412,0.0058556
2413,0.0341012
2414,0.058948
2415,0.0780158
2416,0.0895032
2417,0.0923049
2418,0.086098
2419,0.0714156
2420,0.0496645
2421,0.0230169
2422,-0.00584473
2423,-0.034061
2424,-0.0589033
2425,-0.0780014
2426,-0.0895167
2427,-0.092304
2428,-0.0860547
2429,-0.0713593
2430,-0.049652
2431,-0.0230571
2432,0.00581397
2433,0.0341043
2434,0.0590053
2435,0.0780752
2436,0.0895012
2437,0.0922357
2438,0.0860248
2439,0.0714099
2440,0.0497361
2441,0.0231041
2442,-0.00581733
2443,-0.0341155
2444,-0.0589919
2445,-0.0780502
2446,-0.0894899
2447,-0.0922327
2448,-0.0860047
2449,-0.0713689
2450,-0.0496986
2451,-0.0230904
2452,0.00581251
2453,0.0341077
2454,0.058991
2455,0.0780695
2456,0.0895454
2457,0.0923105
2458,0.0860459
2459,0.0713285
2460,0.0496235
2461,0.0230899
2462,-0.00570376
2463,-0.0339979
2464,-0.059006
2465,-0.0781743
2466,-0.0895703
2467,-0.0921805
2468,-0.0859063
2469,-0.0713598
2470,-0.0497774
2471,-0.0231308
2472,0.00587009
2473,0.0341683
2474,0.0589523
2475,0.0779861
2476,0.0895532
2477,0.0924123
2478,0.0860866
2479,0.0712247
2480,0.0495122
2481,0.0231476
2482,-0.00553296
2483,-0.0339521
2484,-0.0591667
2485,-0.0783275
2486,-0.089501
2487,-0.0919945
2488,-0.0858868
2489,-0.0715394
2490,-0.0498652
2491,-0.0229487
2492,0.0060767
2493,0.0340579
2494,0.0586243
2495,0.077904
2496,0.0898824
2497,0.0927201
2498,0.0859211
2499,0.0707924
2500,0.0494311
2501,0.0235511
2502,-0.00523897
2503,-0.0342396
2504,-0.0596411
2505,-0.078249
2506,-0.0889055
2507,-0.0917409
2508,-0.0864287
2509,-0.0721656
2510,-0.0496376
2511,-0.0221025
2512,0.00635283
2513,0.0333052
2514,0.0578701
2515,0.0782628
2516,0.0909046
2517,0.0929373
2518,0.0849508
2519,0.069984
2520,0.0499849
2521,0.0247343
2522,-0.00512457
2523,-0.0354091
2524,-0.0604389
2525,-0.0775004
2526,-0.0876598
2527,-0.091806
2528,-0.087738
2529,-0.0728258
2530,-0.0486713
2531,-0.0209048
2532,0.0060302
2533,0.0319327
2534,0.0574662
2535,0.079415
2536,0.0918906
2537,0.0922887
2538,0.0836582
2539,0.0700151
2540,0.0513012
2541,0.0253166
2542,-0.00621206
2543,-0.0365357
2544,-0.0598402
2545,-0.076015
2546,-0.0875496
2547,-0.093317
2548,-0.0886186
2549,-0.0716868
2550,-0.0471751
2551,-0.0213454
2552,0.00424055
2553,0.0314985
2554,0.0591368
2555,0.0807248
2556,0.0907928
2557,0.09033
2558,0.0837913
2559,0.0721475
2560,0.0522917
2561,0.0236217
2562,-0.0081314
2563,-0.035795
2564,-0.0574765
2565,-0.0755339
2566,-0.0897026
2567,-0.094906
2568,-0.0872315
2569,-0.0693424
2570,-0.0473571
2571,-0.0237872
2572,0.00319678
2573,0.0334457
2574,0.0612113
2575,0.0798891
2576,0.0883754
2577,0.0900076
2578,0.086071
2579,0.0736589
2580,0.0509027
2581,0.0216087
2582,-0.00760192
2583,-0.033451
2584,-0.0567368
2585,-0.0772594
2586,-0.0909592
2587,-0.0935415
2588,-0.0851488
2589,-0.0694683
2590,-0.0490878
2591,-0.0239838
2592,0.00526717
2593,0.0349634
2594,0.0602462
2595,0.0784668
2596,0.0893219
2597,0.0924712
2598,0.0867753
2599,0.0720246
2600,0.0500347
2601,0.023486
2602,-0.00530479
2603,-0.0338637
2604,-0.0589242
2605,-0.077575
2606,-0.0886742
2607,-0.0920896
2608,-0.0869548
2609,-0.072229
2610,-0.0492562
2611,-0.0221944
2612,0.00511641
2613,0.0315886
2614,0.0568705
2615,0.0778926
2616,0.0897214
2617,0.0902317
2618,0.0819558
2619,0.0681587
2620,0.0487734
2621,0.022298
2622,-0.00909437
2623,-0.0390556
2624,-0.0624117
2625,-0.0789417
2626,-0.0903913
2627,-0.0954257
2628,-0.0901205
2629,-0.0732898
2630,-0.0488704
2631,-0.0220303
2632,0.00529596
2633,0.0334019
2634,0.0605603
2635,0.0821204
2636,0.0941337
2637,0.0962243
2638,0.0901581
2639,0.0769451
2640,0.0566519
2641,0.0304145
2642,0.00121949
2643,-0.0274001
2644,-0.0525557
2645,-0.0719429
2646,-0.083757
2647,-0.0872281
2648,-0.0825915
2649,-0.0701412
2650,-0.0501153
2651,-0.024182
2652,0.00378209
2653,0.0296339
2654,0.0514747
2655,0.0690905
2656,0.0810495
2657,0.0840927
2658,0.0763469
2659,0.0599114
2660,0.0388164
2661,0.0150947
2662,-0.0113635
2663,-0.0391291
2664,-0.0635321
2665,-0.07986
2666,-0.0870426
2667,-0.0867161
2668,-0.0794535
2669,-0.0639303
2670,-0.040047
2671,-0.0110784
2672,0.0183394
2673,0.0453069
2674,0.0686321
2675,0.0865874
2676,0.0964182
2677,0.0962758
2678,0.0864636
2679,0.0684385
2680,0.0436729
2681,0.0141287
2682,-0.0171036
2683,-0.0466972
2684,-0.0722498
2685,-0.0917979
2686,-0.102804
2687,-0.103058
2688,-0.0927152
2689,-0.0742045
2690,-0.0496881
2691,-0.0198619
2692,0.0138662
2693,0.0472315
2694,0.0748811
2695,0.0940863
2696,0.105178
2697,0.108231
2698,0.101234
2699,0.0827143
2700,0.0549362
2701,0.0227856
2702,-0.0100948
2703,-0.0424235
2704,-0.0725659
2705,-0.0966419
2706,-0.110522
2707,-0.112783
2708,-0.104593
2709,-0.0873655
2710,-0.0619247
2711,-0.0298648
2712,0.00561616
2713,0.0407041
2714,0.0720054
2715,0.0964231
2716,0.111191
2717,0.114933
2718,0.108093
2719,0.0916152
2720,0.0659043
2721,0.0322244
2722,-0.00543949
2723,-0.0415708
2724,-0.0724862
2725,-0.0971878
2726,-0.114457
2727,-0.120896
2728,-0.113521
2729,-0.0934627
2730,-0.0651781
2731,-0.032149
2732,0.0046647
2733,0.0436081
2734,0.0796908
2735,0.10693
2736,0.122445
2737,0.126606
2738,0.119809
2739,0.101286
2740,0.0715259
2741,0.0340004
2742,-0.00662414
2743,-0.0467866
2744,-0.0834435
2745,-0.112494
2746,-0.129843
2747,-0.133955
2748,-0.125783
2749,-0.106184
2750,-0.0753109
2751,-0.0352871
2752,0.00835654
2753,0.0495844
2754,0.085273
2755,0.114144
2756,0.133228
2757,0.138017
2758,0.126771
2759,0.102656
2760,0.0703715
2761,0.032266
2762,-0.0104763
2763,-0.0539641
2764,-0.0915315
2765,-0.117926
2766,-0.131783
2767,-0.133453
2768,-0.122394
2769,-0.0982944
2770,-0.0636266
2771,-0.02319
2772,0.0186243
2773,0.0586093
2774,0.0930837
2775,0.117567
2776,0.12907
2777,0.127534
2778,0.114172
2779,0.0896727
2780,0.0554065
2781,0.015475
2782,-0.0244308
2783,-0.0603055
2784,-0.0904798
2785,-0.11292
2786,-0.123924
2787,-0.120858
2788,-0.105041
2789,-0.0803816
2790,-0.0497663
2791,-0.0144334
2792,0.0233229
2793,0.058851
2794,0.0874282
2795,0.106698
2796,0.116041
2797,0.114753
2798,0.102289
2799,0.0798593
2800,0.0503398
2801,0.0165785
2802,-0.0190693
2803,-0.0535016
2804,-0.0826484
2805,-0.103301
2806,-0.114319
2807,-0.11537
2808,-0.105544
2809,-0.0845211
2810,-0.0545836
2811,-0.0199886
2812,0.0157674
2813,0.0507876
2814,0.0826825
2815,0.107227
2816,0.120321
2817,0.120629
2818,0.10932
2819,0.0878627
2820,0.0574458
2821,0.0204397
2822,-0.0190596
2823,-0.0566908
2824,-0.0889807
2825,-0.112777
2826,-0.124868
2827,-0.123398
2828,-0.109186
2829,-0.0847263
2830,-0.0522669
2831,-0.0139731
2832,0.0263698
2833,0.0634367
2834,0.0928126
2835,0.112485
2836,0.121514
2837,0.118535
2838,0.102882
2839,0.0765882
2840,0.0438385
2841,0.00840238
2842,-0.0273099
2843,-0.0606973
2844,-0.0880312
2845,-0.105969
2846,-0.113219
2847,-0.109998
2848,-0.0966847
2849,-0.0741579
2850,-0.0449306
2851,-0.0125361
2852,0.0203327
2853,0.0519826
2854,0.0799244
2855,0.100354
2856,0.110328
2857,0.109622
2858,0.0995547
2859,0.0808029
2860,0.0536899
2861,0.020276
2862,-0.0153836
2863,-0.0493753
2864,-0.0791642
2865,-0.102374
2866,-0.115805
2867,-0.116947
2868,-0.105895
2869,-0.0847315
2870,-0.0555208
2871,-0.0201522
2872,0.0180954
2873,0.0544492
2874,0.0847193
2875,0.10655
2876,0.118269
2877,0.117914
2878,0.104707
2879,0.0807995
2880,0.0501633
2881,0.0159124
2882,-0.0200631
2883,-0.0549696
2884,-0.0843523
2885,-0.104333
2886,-0.113636
2887,-0.112642
2888,-0.101488
2889,-0.0804319
2890,-0.0515063
2891,-0.0182556
2892,0.0162747
2893,0.0500319
2894,0.0802785
2895,0.102974
2896,0.114868
2897,0.115389
2898,0.105567
2899,0.0859479
2900,0.0569803
2901,0.0211128
2902,-0.0170896
2903,-0.0532636
2904,-0.0845447
2905,-0.108291
2906,-0.121112
2907,-0.120531
2908,-0.107031
2909,-0.0833188
2910,-0.0520124
2911,-0.0152746
2912,0.0235301
2913,0.0595154
2914,0.0883598
2915,0.107853
2916,0.116947
2917,0.114529
2918,0.100342
2919,0.0764899
2920,0.0466152
2921,0.0136245
2922,-0.0206856
2923,-0.0538052
2924,-0.0817986
2925,-0.101197
2926,-0.110762
2927,-0.110682
2928,-0.100882
2929,-0.0813057
2930,-0.0534515
2931,-0.0203982
2932,0.0147615
2933,0.0494709
2934,0.0805896
2935,0.104053
2936,0.116597
2937,0.117304
2938,0.106854
2939,0.0859797
2940,0.0557346
2941,0.0189753
2942,-0.0196963
2943,-0.0558069
2944,-0.0861511
2945,-0.108079
2946,-0.118939
2947,-0.117185
2948,-0.10357
2949,-0.0804391
2950,-0.050167
2951,-0.0150309
2952,0.0217384
2953,0.0559788
2954,0.084096
2955,0.103971
2956,0.114263
2957,0.113748
2958,0.102056
2959,0.0805427
2960,0.0517102
2961,0.0180016
2962,-0.0181373
2963,-0.0532981
2964,-0.0832772
2965,-0.104636
2966,-0.115656
2967,-0.115691
2968,-0.104426
2969,-0.0824347
2970,-0.0519934
2971,-0.0166199
2972,0.0201243
2973,0.054948
2974,0.0843794
2975,0.105067
2976,0.114965
2977,0.113798
2978,0.102203
2979,0.0810096
2980,0.0517531
2981,0.0173501
2982,-0.0184742
2983,-0.05236
2984,-0.0815512
2985,-0.103343
2986,-0.115196
2987,-0.115706
2988,-0.105024
2989,-0.0841994
2990,-0.0547052
2991,-0.0189757
2992,0.0191298
2993,0.0551442
2994,0.0853286
2995,0.107015
2996,0.11811
2997,0.117164
2998,0.10418
2999,0.0808956
3000,0.0500251
3001,0.0145664
3002,-0.022071
3003,-0.0560029
3004,-0.0837227
3005,-0.103036
3006,-0.112875
3007,-0.112486
3008,-0.101456
3009,-0.0805629
3010,-0.0520299
3011,-0.0187075
3012,0.016621
3013,0.050997
3014,0.0809976
3015,0.103352
3016,0.115807
3017,0.117163
3018,0.106855
3019,0.0852316
3020,0.0543397
3021,0.0178487
3022,-0.0201072
3023,-0.0558383
3024,-0.0859887
3025,-0.107356
3026,-0.117561
3027,-0.115845
3028,-0.1029
3029,-0.080153
3030,-0.0496869
3031,-0.0146478
3032,0.0210869
3033,0.0540587
3034,0.08182
3035,0.102361
3036,0.113579
3037,0.113864
3038,0.103021
3039,0.0822459
3040,0.0534307
3041,0.0190009
3042,-0.0177333
3043,-0.0528358
3044,-0.0827506
3045,-0.104844
3046,-0.117
3047,-0.117413
3048,-0.105448
3049,-0.0825179
3050,-0.0516612
3051,-0.0162849
3052,0.0203842
3053,0.0549703
3054,0.0839823
3055,0.104613
3056,0.115232
3057,0.11499
3058,0.10352
3059,0.0815601
3060,0.0515601
3061,0.0170436
3062,-0.0186817
3063,-0.0528686
3064,-0.0826262
3065,-0.104678
3066,-0.116276
3067,-0.116144
3068,-0.104427
3069,-0.0822541
3070,-0.0518159
3071,-0.0164997
3072,0.0198187
3073,0.0538284
3074,0.0829118
3075,0.10445
3076,0.115781
3077,0.115296
3078,0.103307
3079,0.0815777
3080,0.0523105
3081,0.0179537
3082,-0.0183848
3083,-0.0530901
3084,-0.0828255
3085,-0.104894
3086,-0.116951
3087,-0.117112
3088,-0.104902
3089,-0.0819259
3090,-0.0512387
3091,-0.016134
3092,0.0202854
3093,0.0547607
3094,0.0838691
3095,0.104676
3096,0.115232
3097,0.114517
3098,0.102476
3099,0.0804316
3100,0.0510943
3101,0.0176203
3102,-0.0173519
3103,-0.0514891
3104,-0.0818247
3105,-0.104676
3106,-0.116857
3107,-0.116899
3108,-0.105113
3109,-0.0829523
3110,-0.0526405
3111,-0.0171531
3112,0.0200093
3113,0.0552598
3114,0.0851357
3115,0.106393
3116,0.116541
3117,0.114674
3118,0.101688
3119,0.0795519
3120,0.0504802
3121,0.0168544
3122,-0.0184627
3123,-0.0522461
3124,-0.0814282
3125,-0.103328
3126,-0.115545
3127,-0.116226
3128,-0.104893
3129,-0.0829322
3130,-0.0530387
3131,-0.0181998
3132,0.0186819
3133,0.0543933
3134,0.0851577
3135,0.107185
3136,0.117699
3137,0.115712
3138,0.102154
3139,0.0793457
3140,0.0500581
3141,0.0167281
3142,-0.0184808
3143,-0.0528783
3144,-0.0827956
3145,-0.104383
3146,-0.115108
3147,-0.114464
3148,-0.10329
3149,-0.0827064
3150,-0.0539372
3151,-0.0190209
3152,0.0186717
3153,0.0548378
3154,0.0852428
3155,0.106588
3156,0.1169
3157,0.115534
3158,0.102982
3159,0.0806616
3160,0.0507845
3161,0.0162492
3162,-0.0196453
3163,-0.0536251
3164,-0.0826966
3165,-0.104108
3166,-0.115425
3167,-0.115111
3168,-0.10326
3169,-0.0816066
3170,-0.0526269
3171,-0.0186683
3172,0.0179188
3173,0.0539335
3174,0.0850659
3175,0.106977
3176,0.116973
3177,0.114814
3178,0.102053
3179,0.0806335
3180,0.0521014
3181,0.0180276
3182,-0.0189419
3183,-0.0546803
3184,-0.0845318
3185,-0.105001
3186,-0.114729
3187,-0.113948
3188,-0.103186
3189,-0.0827343
3190,-0.053446
3191,-0.0178251
3192,0.0199562
3193,0.0552716
3194,0.0843765
3195,0.104852
3196,0.115245
3197,0.114717
3198,0.103164
3199,0.0815647
3200,0.0520395
3201,0.0174946
3202,-0.0188457
3203,-0.0536652
3204,-0.0835641
3205,-0.105244
3206,-0.116149
3207,-0.115239
3208,-0.103175
3209,-0.081651
3210,-0.0525471
3211,-0.017871
3212,0.0194955
3213,0.0553572
3214,0.0850428
3215,0.105087
3216,0.114266
3217,0.113081
3218,0.102355
3219,0.0824564
3220,0.0539159
3221,0.0187097
3222,-0.0192226
3223,-0.0549312
3224,-0.0841925
3225,-0.104594
3226,-0.115195
3227,-0.115435
3228,-0.10467
3229,-0.082944
3230,-0.0520981
3231,-0.0158948
3232,0.0211389
3233,0.0551004
3234,0.0832261
3235,0.103512
3236,0.114285
3237,0.114337
3238,0.103389
3239,0.0823492
3240,0.0531483
3241,0.0184348
3242,-0.0185794
3243,-0.0541733
3244,-0.0844057
3245,-0.105827
3246,-0.1163
3247,-0.115307
3248,-0.103477
3249,-0.0818958
3250,-0.0520506
3251,-0.0164671
3252,0.0209001
3253,0.0554279
3254,0.0833676
3255,0.102801
3256,0.113166
3257,0.114023
3258,0.104501
3259,0.0840832
3260,0.0539598
3261,0.0175681
3262,-0.0202976
3263,-0.0551413
3264,-0.0838717
3265,-0.104629
3266,-0.115877
3267,-0.116031
3268,-0.10421
3269,-0.0813615
3270,-0.050468
3271,-0.0154866
3272,0.0199844
3273,0.0531771
3274,0.0817063
3275,0.103094
3276,0.11495
3277,0.115632
3278,0.104757
3279,0.083271
3280,0.0532361
3281,0.0176109
3282,-0.0199276
3283,-0.0553125
3284,-0.0847073
3285,-0.105236
3286,-0.115357
3287,-0.114622
3288,-0.103161
3289,-0.081617
3290,-0.0516789
3291,-0.0164939
3292,0.0198381
3293,0.053498
3294,0.0818109
3295,0.102996
3296,0.115309
3297,0.116759
3298,0.105947
3299,0.0833401
3300,0.0517649
3301,0.0155719
3302,-0.0209303
3303,-0.0545374
3304,-0.083001
3305,-0.104171
3306,-0.115634
3307,-0.115448
3308,-0.103314
3309,-0.0809454
3310,-0.0512699
3311,-0.0173039
3312,0.0182743
3313,0.05273
3314,0.0828409
3315,0.105143
3316,0.116789
3317,0.116374
3318,0.104161
3319,0.0817262
3320,0.0514692
3321,0.0163609
3322,-0.0201416
3323,-0.0543863
3324,-0.0830985
3325,-0.103828
3326,-0.114911
3327,-0.115202
3328,-0.104155
3329,-0.0823942
3330,-0.0521448
3331,-0.0169063
3332,0.019499
3333,0.0537304
3334,0.0830293
3335,0.104829
3336,0.116593
3337,0.116387
3338,0.103871
3339,0.0808268
3340,0.0505441
3341,0.0164649
3342,-0.0187046
3343,-0.0526677
3344,-0.0826158
3345,-0.105028
3346,-0.116679
3347,-0.115988
3348,-0.103498
3349,-0.0812318
3350,-0.0516916
3351,-0.0173767
3352,0.0189921
3353,0.0540631
3354,0.0839723
3355,0.105204
3356,0.115606
3357,0.114694
3358,0.103084
3359,0.0818445
3360,0.0525323
3361,0.0176784
3362,-0.0191664
3363,-0.0541039
3364,-0.0836583
3365,-0.105053
3366,-0.116177
3367,-0.115741
3368,-0.103657
3369,-0.081273
3370,-0.0511664
3371,-0.0165926
3372,0.0191655
3373,0.0531709
3374,0.0826756
3375,0.104747
3376,0.116474
3377,0.116022
3378,0.103621
3379,0.0813357
3380,0.051837
3381,0.0175606
3382,-0.0189445
3383,-0.0542993
3384,-0.084427
3385,-0.10563
3386,-0.115686
3387,-0.114203
3388,-0.102189
3389,-0.0812086
3390,-0.0527899
3391,-0.0186482
3392,0.0184416
3393,0.0543029
3394,0.0843905
3395,0.105402
3396,0.115852
3397,0.115326
3398,0.103784
3399,0.0818921
3400,0.05169
3401,0.0164742
3402,-0.0200141
3403,-0.0542244
3404,-0.0830199
3405,-0.103856
3406,-0.11494
3407,-0.115171
3408,-0.104127
3409,-0.0825096
3410,-0.0525423
3411,-0.0175057
3412,0.0192259
3413,0.0544447
3414,0.0846117
3415,0.105996
3416,0.116011
3417,0.114288
3418,0.102093
3419,0.0809484
3420,0.0522501
3421,0.0180291
3422,-0.0185622
3423,-0.0536955
3424,-0.0835777
3425,-0.104969
3426,-0.115748
3427,-0.115302
3428,-0.10409
3429,-0.0828252
3430,-0.0526595
3431,-0.0164022
3432,0.0212429
3433,0.0554554
3434,0.0832306
3435,0.103233
3436,0.114262
3437,0.114774
3438,0.103955
3439,0.0826077
3440,0.0528701
3441,0.0176849
3442,-0.0193321
3443,-0.054274
3444,-0.0837778
3445,-0.105302
3446,-0.116617
3447,-0.115917
3448,-0.103085
3449,-0.0803469
3450,-0.0509149
3451,-0.0172696
3452,0.0185583
3453,0.0534674
3454,0.0832606
3455,0.104441
3456,0.115348
3457,0.115442
3458,0.104462
3459,0.0828923
3460,0.0526857
3461,0.0169739
3462,-0.0205487
3463,-0.0557311
3464,-0.084434
3465,-0.103955
3466,-0.113745
3467,-0.113997
3468,-0.103999
3469,-0.0829886
3470,-0.052535
3471,-0.0168664
3472,0.0194946
3473,0.0535312
3474,0.0829673
3475,0.104976
3476,0.116662
3477,0.116399
3478,0.104159
3479,0.0812297
3480,0.0503871
3481,0.0156486
3482,-0.0193224
3483,-0.0524304
3484,-0.081963
3485,-0.104688
3486,-0.116593
3487,-0.115764
3488,-0.103422
3489,-0.0818591
3490,-0.0526549
3491,-0.0176111
3492,0.01977
3493,0.0549793
3494,0.0842641
3495,0.105023
3496,0.115303
3497,0.114203
3498,0.102504
3499,0.0817907
3500,0.0532055
3501,0.0182292
3502,-0.0195019
3503,-0.0547442
3504,-0.0834968
3505,-0.104202
3506,-0.115825
3507,-0.116354
3508,-0.104401
3509,-0.0813792
3510,-0.050853
3511,-0.0162871
3512,0.0195316
3513,0.0535528
3514,0.0825048
3515,0.103887
3516,0.115861
3517,0.116457
3518,0.104466
3519,0.081396
3520,0.0511491
3521,0.0172268
3522,-0.0185297
3523,-0.0538837
3524,-0.0844895
3525,-0.10571
3526,-0.115477
3527,-0.114228
3528,-0.102769
3529,-0.0816831
3530,-0.0525183
3531,-0.0180657
3532,0.018612
3533,0.0542556
3534,0.0846773
3535,0.105667
3536,0.115301
3537,0.114251
3538,0.103403
3539,0.0825699
3540,0.0524557
3541,0.0165954
3542,-0.0200756
3543,-0.0539352
3544,-0.082828
3545,-0.10435
3546,-0.115742
3547,-0.115534
3548,-0.104049
3549,-0.0823458
3550,-0.0520513
3551,-0.0163859
3552,0.0201715
3553,0.0539395
3554,0.0827896
3555,0.104535
3556,0.116089
3557,0.115368
3558,0.103099
3559,0.081616
3560,0.052699
3561,0.0179216
3562,-0.0194886
3563,-0.0548194
3564,-0.084047
3565,-0.104813
3566,-0.115494
3567,-0.114851
3568,-0.103024
3569,-0.0816709
3570,-0.0526886
3571,-0.017896
3572,0.0195612
3573,0.0548614
3574,0.08369
3575,0.104074
3576,0.115272
3577,0.115883
3578,0.104519
3579,0.0819607
3580,0.0513639
3581,0.0163884
3582,-0.019804
3583,-0.0539782
3584,-0.0827778
3585,-0.103718
3586,-0.115319
3587,-0.116118
3588,-0.104839
3589,-0.0821743
3590,-0.0514135
3591,-0.0165472
3592,0.0194872
3593,0.0541053
3594,0.0837832
3595,0.10485
3596,0.115281
3597,0.114774
3598,0.1035
3599,0.0819999
3600,0.052211
3601,0.017429
3602,-0.018959
3603,-0.0538944
3604,-0.0839228
3605,-0.105383
3606,-0.115931
3607,-0.115175
3608,-0.103568
3609,-0.081726
3610,-0.0514395
3611,-0.0163473
3612,0.0194609
3613,0.0530784
3614,0.0823417
3615,0.104478
3616,0.116403
3617,0.116327
3618,0.104375
3619,0.0819242
3620,0.0513257
3621,0.016075
3622,-0.019922
3623,-0.0536249
3624,-0.082766
3625,-0.104601
3626,-0.115975
3627,-0.115199
3628,-0.103082
3629,-0.0816425
3630,-0.0526436
3631,-0.0180213
3632,0.0190334
3633,0.0544215
3634,0.0843463
3635,0.105728
3636,0.116181
3637,0.114703
3638,0.102265
3639,0.0808925
3640,0.05228
3641,0.0180833
3642,-0.0187062
3643,-0.0538237
3644,-0.083417
3645,-0.104932
3646,-0.116398
3647,-0.116125
3648,-0.103811
3649,-0.0812338
3650,-0.0512576
3651,-0.0166809
3652,0.0195506
3653,0.0538934
3654,0.0829024
3655,0.104082
3656,0.115573
3657,0.115723
3658,0.103973
3659,0.0818646
3660,0.0522583
3661,0.0177641
3662,-0.019168
3663,-0.0549194
3664,-0.084858
3665,-0.105352
3666,-0.115014
3667,-0.1139
3668,-0.102457
3669,-0.0816159
3670,-0.0530478
3671,-0.0188224
3672,0.0184586
3673,0.0548041
3674,0.085165
3675,0.105679
3676,0.115259
3677,0.114426
3678,0.103343
3679,0.0820278
3680,0.0520643
3681,0.0168824
3682,-0.0196402
3683,-0.054051
3684,-0.08311
3685,-0.103998
3686,-0.115066
3687,-0.115621
3688,-0.105002
3689,-0.0830453
3690,-0.0518084
3691,-0.0157284
3692,0.0206241
3693,0.0542604
3694,0.0829629
3695,0.104035
3696,0.114982
3697,0.114829
3698,0.103873
3699,0.0827461
3700,0.0528426
3701,0.0172767
3702,-0.0197602
3703,-0.0545637
3704,-0.0841164
3705,-0.105324
3706,-0.115576
3707,-0.114276
3708,-0.102656
3709,-0.0819315
3710,-0.0528756
3711,-0.0175917
3712,0.0196621
3713,0.054299
3714,0.0832556
3715,0.104494
3716,0.115877
3717,0.115747
3718,0.104076
3719,0.0821569
3720,0.0518432
3721,0.0160705
3722,-0.0206874
3723,-0.0540651
3724,-0.0818124
3725,-0.10302
3726,-0.115707
3727,-0.116837
3728,-0.105037
3729,-0.0820807
3730,-0.0513553
3731,-0.016151
3732,0.0202114
3733,0.0541211
3734,0.0826356
3735,0.103875
3736,0.115849
3737,0.116122
3738,0.103823
3739,0.0811321
3740,0.0516048
3741,0.0177335
3742,-0.0185973
3743,-0.0540589
3744,-0.0840998
3745,-0.105245
3746,-0.115934
3747,-0.115369
3748,-0.103251
3749,-0.0809626
3750,-0.0514919
3751,-0.0176445
3752,0.01846
3753,0.0537786
3754,0.0838593
3755,0.104977
3756,0.115712
3757,0.115695
3758,0.104253
3759,0.0817093
3760,0.0509946
3761,0.0163501
3762,-0.0191006
3763,-0.0532147
3764,-0.0829979
3765,-0.104731
3766,-0.115923
3767,-0.115818
3768,-0.104253
3769,-0.0817868
3770,-0.051086
3771,-0.0164107
3772,0.0189029
3773,0.0530473
3774,0.0834458
3775,0.105737
3776,0.116325
3777,0.114796
3778,0.102757
3779,0.0815267
3780,0.0523351
3781,0.0177562
3782,-0.018693
3783,-0.0538265
3784,-0.0843685
3785,-0.106196
3786,-0.116046
3787,-0.113903
3788,-0.102047
3789,-0.0818551
3790,-0.0533582
3791,-0.0181039
3792,0.0195428
3793,0.0546888
3794,0.0840193
3795,0.105126
3796,0.11568
3797,0.11462
3798,0.102935
3799,0.0820974
3800,0.0529448
3801,0.0173677
3802,-0.0201682
3803,-0.0545798
3804,-0.0829868
3805,-0.104123
3806,-0.115921
3807,-0.115868
3808,-0.103651
3809,-0.0815226
3810,-0.0520391
3811,-0.0172491
3812,0.019725
3813,0.0544204
3814,0.0831942
3815,0.104205
3816,0.11578
3817,0.115751
3818,0.103545
3819,0.081411
3820,0.0523076
3821,0.0180021
3822,-0.019348
3823,-0.055217
3824,-0.0844367
3825,-0.104337
3826,-0.114577
3827,-0.114664
3828,-0.103696
3829,-0.0822961
3830,-0.0528591
3831,-0.0179528
3832,0.019677
3833,0.0556143
3834,0.084668
3835,0.104063
3836,0.114044
3837,0.114752
3838,0.104573
3839,0.0827637
3840,0.0519642
3841,0.01663
3842,-0.019693
3843,-0.0541808
3844,-0.0833918
3845,-0.104174
3846,-0.115179
3847,-0.115857
3848,-0.10496
3849,-0.0821603
3850,-0.0506138
3851,-0.0156256
3852,0.0192202
3853,0.052642
3854,0.082555
3855,0.104895
3856,0.116282
3857,0.115929
3858,0.104295
3859,0.0819784
3860,0.0511282
3861,0.0160056
3862,-0.0194202
3863,-0.0531142
3864,-0.0830011
3865,-0.105137
3866,-0.115874
3867,-0.114766
3868,-0.103431
3869,-0.0826344
3870,-0.0528039
3871,-0.0168169
3872,0.0202784
3873,0.0544117
3874,0.0833742
3875,0.104757
3876,0.115576
3877,0.114625
3878,0.103125
3879,0.0823894
3880,0.0529787
3881,0.0171372
3882,-0.0201558
3883,-0.0541599
3884,-0.0827865
3885,-0.104656
3886,-0.116706
3887,-0.116029
3888,-0.10304
3889,-0.0807202
3890,-0.0515508
3891,-0.0172881
3892,0.0190062
3893,0.0532389
3894,0.0825004
3895,0.104893
3896,0.11743
3897,0.116844
3898,0.103121
3899,0.0799907
3900,0.0510848
3901,0.0177218
3902,-0.0186011
3903,-0.0538666
3904,-0.0834156
3905,-0.104578
3906,-0.115955
3907,-0.11586
3908,-0.10362
3909,-0.0812932
3910,-0.0520838
3911,-0.0179354
3912,0.0193024
3913,0.0553073
3914,0.0845612
3915,0.104163
3916,0.114228
3917,0.114669
3918,0.104104
3919,0.0824932
3920,0.0525471
3921,0.0176971
3922,-0.0193326
3923,-0.0550796
3924,-0.084755
3925,-0.104793
3926,-0.114602
3927,-0.114528
3928,-0.103751
3929,-0.0819811
3930,-0.0518199
3931,-0.0173985
3932,0.0184327
3933,0.0535753
3934,0.0842939
3935,0.105917
3936,0.115988
3937,0.114837
3938,0.103202
3939,0.0814748
3940,0.0515251
3941,0.0170572
3942,-0.0185785
3943,-0.053161
3944,-0.0836446
3945,-0.105601
3946,-0.115964
3947,-0.114858
3948,-0.103584
3949,-0.0824613
3950,-0.052257
3951,-0.0163825
3952,0.0202937
3953,0.0541699
3954,0.0829787
3955,0.104134
3956,0.115071
3957,0.114946
3958,0.104291
3959,0.0833733
3960,0.052877
3961,0.0161791
3962,-0.0211544
3963,-0.0547372
3964,-0.0827475
3965,-0.103763
3966,-0.115253
3967,-0.115207
3968,-0.103794
3969,-0.0824355
3970,-0.0526752
3971,-0.0170855
3972,0.0200357
3973,0.0543776
3974,0.0832984
3975,0.104823
3976,0.116225
3977,0.115345
3978,0.102755
3979,0.0810247
3980,0.052279
3981,0.0180373
3982,-0.0188735
3983,-0.0540956
3984,-0.0837092
3985,-0.10516
3986,-0.116345
3987,-0.115576
3988,-0.103044
3989,-0.0809882
3990,-0.051863
3991,-0.0175388
3992,0.0192407
3993,0.0541639
3994,0.0831959
3995,0.104164
3996,0.11575
3997,0.116198
3998,0.104425
3999,0.0817497
4000,0.0513467
4001,0.0164627
4002,-0.0198495
4003,-0.0540517
4004,-0.0827139
4005,-0.103657
4006,-0.115455
4007,-0.116273
4008,-0.104717
4009,-0.0818919
4010,-0.0513215
4011,-0.0166538
4012,0.0194309
4013,0.054063
4014,0.0835396
4015,0.104596
4016,0.115448
4017,0.115242
4018,0.103648
4019,0.0817018
4020,0.0520695
4021,0.0177325
4022,-0.0187937
4023,-0.0543736
4024,-0.0845855
4025,-0.105428
4026,-0.115279
4027,-0.114374
4028,-0.103086
4029,-0.0818681
4030,-0.0524267
4031,-0.0177352
4032,0.0189639
4033,0.0542752
4034,0.0842375
4035,0.105221
4036,0.115464
4037,0.114894
4038,0.103642
4039,0.0819728
4040,0.0517717
4041,0.0167611
4042,-0.0192569
4043,-0.0534648
4044,-0.0831229
4045,-0.104924
4046,-0.116129
4047,-0.115697
4048,-0.10388
4049,-0.0816657
4050,-0.0513163
4051,-0.0164839
4052,0.0192103
4053,0.0532098
4054,0.0830173
4055,0.10513
4056,0.11627
4057,0.115362
4058,0.103394
4059,0.0817974
4060,0.0521445
4061,0.0171244
4062,-0.0195112
4063,-0.0541462
4064,-0.0836611
4065,-0.104949
4066,-0.11547
4067,-0.114569
4068,-0.103241
4069,-0.082483
4070,-0.0530788
4071,-0.0173401
4072,0.0202554
4073,0.0549737
4074,0.0836515
4075,0.104292
4076,0.115088
4077,0.114844
4078,0.103679
4079,0.0825351
4080,0.0527632
4081,0.0170223
4082,-0.02026
4083,-0.0545586
4084,-0.0830853
4085,-0.104197
4086,-0.115778
4087,-0.115687
4088,-0.103649
4089,-0.0815465
4090,-0.0518976
4091,-0.0171992
4092,0.0193546
4093,0.0539227
4094,0.0832186
4095,0.104816
4096,0.116338
4097,0.115779
4098,0.10319
4099,0.0809585
4100,0.0518478
4101,0.0177887
4102,-0.0188707
4103,-0.054188
4104,-0.083838
4105,-0.104897
4106,-0.115765
4107,-0.115326
4108,-0.103404
4109,-0.08152
4110,-0.0521361
4111,-0.0175737
4112,0.0194031
4113,0.0546473
4114,0.0837723
4115,0.104204
4116,0.115082
4117,0.115502
4118,0.104366
4119,0.0821854
4120,0.0517485
4121,0.0166624
4122,-0.0197822
4123,-0.0542157
4124,-0.0831274
4125,-0.103941
4126,-0.115306
4127,-0.115976
4128,-0.104689
4129,-0.0819832
4130,-0.0511395
4131,-0.0163533
4132,0.0193299
4133,0.0535434
4134,0.0831553
4135,0.104685
4136,0.115825
4137,0.115653
4138,0.103963
4139,0.0816612
4140,0.0514742
4141,0.0170029
4142,-0.0188707
4143,-0.0536774
4144,-0.0838963
4145,-0.105395
4146,-0.115683
4147,-0.114684
4148,-0.103204
4149,-0.0819336
4150,-0.0523715
4151,-0.0174988
4152,0.0191477
4153,0.0542461
4154,0.0842238
4155,0.105361
4156,0.115398
4157,0.114364
4158,0.103165
4159,0.0822609
4160,0.0526502
4161,0.0173105
4162,-0.0195351
4163,-0.0541924
4164,-0.0837022
4165,-0.105065
4166,-0.115747
4167,-0.114931
4168,-0.103315
4169,-0.0819142
4170,-0.0521644
4171,-0.0170116
4172,0.0194557
4173,0.0537015
4174,0.0831518
4175,0.105044
4176,0.116361
4177,0.115529
4178,0.103278
4179,0.081433
4180,0.0518644
4181,0.0170759
4182,-0.0193271
4183,-0.0536634
4184,-0.0830639
4185,-0.104879
4186,-0.116291
4187,-0.115598
4188,-0.103375
4189,-0.0815704
4190,-0.0520889
4191,-0.0171414
4192,0.019724
4193,0.0542733
4194,0.0831993
4195,0.104308
4196,0.115602
4197,0.115469
4198,0.103829
4199,0.0821541
4200,0.0524203
4201,0.017056
4202,-0.0202113
4203,-0.0548343
4204,-0.0833089
4205,-0.103829
4206,-0.115042
4207,-0.115364
4208,-0.104098
4209,-0.0823658
4210,-0.0524617
4211,-0.0171214
4212,0.0201131
4213,0.0549121
4214,0.0835781
4215,0.104058
4216,0.115097
4217,0.115278
4218,0.103855
4219,0.0819853
4220,0.0522643
4221,0.0174702
4222,-0.0194083
4223,-0.054532
4224,-0.0838971
4225,-0.104727
4226,-0.115531
4227,-0.115235
4228,-0.103425
4229,-0.0813953
4230,-0.0518847
4231,-0.0176652
4232,0.0187333
4233,0.053991
4234,0.0839694
4235,0.105239
4236,0.115987
4237,0.115403
4238,0.10335
4239,0.0811092
4240,0.051472
4241,0.0174347
4242,-0.0185319
4243,-0.0535411
4244,-0.0836733
4245,-0.105223
4246,-0.11611
4247,-0.115619
4248,-0.103678
4249,-0.0813269
4250,-0.0512703
4251,-0.0169042
4252,0.0189182
4253,0.0534921
4254,0.0833272
4255,0.10483
4256,0.115824
4257,0.115636
4258,0.104146
4259,0.0819758
4260,0.0515014
4261,0.0164735
4262,-0.0195805
4263,-0.0538156
4264,-0.0831752
4265,-0.104398
4266,-0.115325
4267,-0.115326
4268,-0.104324
4269,-0.0825969
4270,-0.0520246
4271,-0.0164242
4272,0.0200648
4273,0.0542623
4274,0.0833687
4275,0.104381
4276,0.115071
4277,0.114848
4278,0.103969
4279,0.0827609
4280,0.0525931
4281,0.0168785
4282,-0.0200142
4283,-0.0545011
4284,-0.0837449
4285,-0.104797
4286,-0.115234
4287,-0.114455
4288,-0.103251
4289,-0.0823959
4290,-0.0528961
4291,-0.0174588
4292,0.0196624
4293,0.0544744
4294,0.0839524
4295,0.105226
4296,0.115707
4297,0.114541
4298,0.102793
4299,0.0818375
4300,0.0527368
4301,0.0176731
4302,-0.0193618
4303,-0.0541478
4304,-0.0836213
4305,-0.105216
4306,-0.11625
4307,-0.115215
4308,-0.102907
4309,-0.0812988
4310,-0.0520956
4311,-0.0173812
4312,0.0192628
4313,0.0537219
4314,0.0830039
4315,0.10487
4316,0.116636
4317,0.116068
4318,0.103375
4319,0.0809903
4320,0.0514929
4321,0.0170664
4322,-0.019263
4323,-0.0535903
4324,-0.0827064
4325,-0.104454
4326,-0.116479
4327,-0.116376
4328,-0.103796
4329,-0.0811205
4330,-0.051424
4331,-0.0170155
4332,0.0194558
4333,0.0540621
4334,0.0830176
4335,0.104087
4336,0.115709
4337,0.11602
4338,0.104155
4339,0.0817468
4340,0.0518449
4341,0.017105
4342,-0.0197598
4343,-0.0547281
4344,-0.0835449
4345,-0.103845
4346,-0.114847
4347,-0.115443
4348,-0.104375
4349,-0.0823143
4350,-0.0521499
4351,-0.0171334
4352,0.0198024
4353,0.0549345
4354,0.0839634
4355,0.104098
4356,0.114629
4357,0.11504
4358,0.104214
4359,0.0823375
4360,0.0521442
4361,0.0172813
4362,-0.0193137
4363,-0.054548
4364,-0.0842715
4365,-0.10487
4366,-0.115011
4367,-0.114693
4368,-0.103616
4369,-0.081986
4370,-0.0520975
4371,-0.0175184
4372,0.0187897
4373,0.0541023
4374,0.084451
4375,0.105576
4376,0.11546
4377,0.114468
4378,0.103186
4379,0.0818742
4380,0.0521573
4381,0.017439
4382,-0.0188255
4383,-0.0538171
4384,-0.084091
4385,-0.105559
4386,-0.115728
4387,-0.114701
4388,-0.103347
4389,-0.0820061
4390,-0.0519833
4391,-0.0168131
4392,0.0193309
4393,0.0534992
4394,0.0831955
4395,0.105079
4396,0.116118
4397,0.115433
4398,0.103755
4399,0.0819494
4400,0.0515949
4401,0.0162675
4402,-0.0196296
4403,-0.0531454
4404,-0.0824609
4405,-0.104787
4406,-0.116557
4407,-0.115944
4408,-0.103721
4409,-0.0816257
4410,-0.0515306
4411,-0.0164307
4412,0.0196199
4413,0.053318
4414,0.0825726
4415,0.1048
4416,0.116529
4417,0.115743
4418,0.103361
4419,0.0815875
4420,0.0521318
4421,0.0171076
4422,-0.019727
4423,-0.0541532
4424,-0.083191
4425,-0.104599
4426,-0.115849
4427,-0.115215
4428,-0.103275
4429,-0.0819576
4430,-0.0527801
4431,-0.0175061
4432,0.020084
4433,0.0549847
4434,0.0835769
4435,0.10415
4436,0.115212
4437,0.115119
4438,0.103613
4439,0.0822015
4440,0.0527939
4441,0.0174796
4442,-0.0201231
4443,-0.0550837
4444,-0.0835814
4445,-0.103987
4446,-0.115169
4447,-0.11538
4448,-0.103793
4449,-0.0818854
4450,-0.0523032
4451,-0.0174909
4452,0.0195914
4453,0.0546954
4454,0.083733
4455,0.104405
4456,0.115465
4457,0.115444
4458,0.103601
4459,0.0814663
4460,0.0520052
4461,0.0177341
4462,-0.0189913
4463,-0.0544406
4464,-0.0840894
4465,-0.104839
4466,-0.115463
4467,-0.115183
4468,-0.103493
4469,-0.0815109
4470,-0.0519907
4471,-0.017691
4472,0.0189485
4473,0.0544152
4474,0.0841595
4475,0.104812
4476,0.115258
4477,0.115144
4478,0.103863
4479,0.0818854
4480,0.0518159
4481,0.0171274
4482,-0.0192109
4483,-0.0541039
4484,-0.0836744
4485,-0.104591
4486,-0.115377
4487,-0.1155
4488,-0.104261
4489,-0.0819449
4490,-0.0513242
4491,-0.0165251
4492,0.0192082
4493,0.0534783
4494,0.0831952
4495,0.104786
4496,0.115904
4497,0.115754
4498,0.104122
4499,0.0816676
4500,0.0511128
4501,0.0165195
4502,-0.0189145
4503,-0.0531143
4504,-0.0832358
4505,-0.105273
4506,-0.116214
4507,-0.115425
4508,-0.10356
4509,-0.0815834
4510,-0.0515455
4511,-0.0168999
4512,0.018944
4513,0.0534212
4514,0.0835689
4515,0.105434
4516,0.116003
4517,0.114909
4518,0.103281
4519,0.0819825
4520,0.0522382
4521,0.0170581
4522,-0.0194829
4523,-0.0539665
4524,-0.0835486
4525,-0.105018
4526,-0.115648
4527,-0.114809
4528,-0.103447
4529,-0.0823642
4530,-0.0525295
4531,-0.0168628
4532,0.0200376
4533,0.0542213
4534,0.0831975
4535,0.104566
4536,0.11566
4537,0.115139
4538,0.10361
4539,0.0822892
4540,0.0524675
4541,0.0168547
4542,-0.0200999
4543,-0.0542381
4544,-0.08305
4545,-0.104464
4546,-0.115823
4547,-0.115314
4548,-0.103435
4549,-0.0819661
4550,-0.0525093
4551,-0.0172388
4552,0.0199291
4553,0.0545056
4554,0.0833668
4555,0.10449
4556,0.115672
4557,0.115172
4558,0.103302
4559,0.0819285
4560,0.0527593
4561,0.0176096
4562,-0.0199324
4563,-0.0549528
4564,-0.0836703
4565,-0.104242
4566,-0.115247
4567,-0.115123
4568,-0.103567
4569,-0.0820813
4570,-0.0526938
4571,-0.0175088
4572,0.0200199
4573,0.0550419
4574,0.0835981
4575,0.103967
4576,0.115149
4577,0.115492
4578,0.103997
4579,0.0819461
4580,0.0521073
4581,0.0172196
4582,-0.0196729
4583,-0.054505
4584,-0.0834008
4585,-0.104172
4586,-0.115558
4587,-0.115867
4588,-0.103996
4589,-0.0813815
4590,-0.0514375
4591,-0.017233
4592,0.0189014
4593,0.0538476
4594,0.0835828
4595,0.104896
4596,0.116035
4597,0.115778
4598,0.103573
4599,0.0809443
4600,0.0512654
4601,0.0175487
4602,-0.0182835
4603,-0.0535746
4604,-0.0840038
4605,-0.105495
4606,-0.116081
4607,-0.115318
4608,-0.103254
4609,-0.0810516
4610,-0.0514858
4611,-0.0176106
4612,0.018319
4613,0.0536471
4614,0.0841456
4615,0.105555
4616,0.115864
4617,0.115055
4618,0.1034
4619,0.0815307
4620,0.0516698
4621,0.0172264
4622,-0.0187756
4623,-0.0536439
4624,-0.0837876
4625,-0.10525
4626,-0.115765
4627,-0.115139
4628,-0.103702
4629,-0.0818991
4630,-0.0516783
4631,-0.0167384
4632,0.01925
4633,0.0535748
4634,0.0833453
4635,0.104981
4636,0.115814
4637,0.115266
4638,0.103837
4639,0.0821381
4640,0.0518523
4641,0.0165522
4642,-0.0196652
4643,-0.0537489
4644,-0.0831329
4645,-0.104688
4646,-0.115657
4647,-0.115186
4648,-0.103876
4649,-0.082461
4650,-0.052265
4651,-0.0165302
4652,0.020223
4653,0.0542502
4654,0.0830507
4655,0.104208
4656,0.115299
4657,0.115159
4658,0.104094
4659,0.0828291
4660,0.0525842
4661,0.0164561
4662,-0.0207192
4663,-0.054636
4664,-0.0828625
4665,-0.103713
4666,-0.115108
4667,-0.115377
4668,-0.104308
4669,-0.0828074
4670,-0.0524956
4671,-0.0164417
4672,0.0207239
4673,0.0546381
4674,0.0827949
4675,0.103701
4676,0.11533
4677,0.115624
4678,0.10415
4679,0.0822983
4680,0.0522594
4681,0.0168409
4682,-0.0201073
4683,-0.0544473
4684,-0.0831505
4685,-0.104234
4686,-0.115647
4687,-0.115496
4688,-0.103571
4689,-0.0816663
4690,-0.052214
4691,-0.0175427
4692,0.0193376
4693,0.0544135
4694,0.0838413
4695,0.10492
4696,0.115766
4697,0.115098
4698,0.103022
4699,0.0813254
4700,0.0523413
4701,0.0181104
4702,-0.0188021
4703,-0.0544354
4704,-0.0843669
4705,-0.105366
4706,-0.115748
4707,-0.114792
4708,-0.102761
4709,-0.0811988
4710,-0.0523281
4711,-0.0182651
4712,0.0185314
4713,0.0543094
4714,0.0845324
4715,0.105622
4716,0.115836
4717,0.11474
4718,0.102721
4719,0.0811507
4720,0.0521993
4721,0.0181774
4722,-0.0184153
4723,-0.0540889
4724,-0.084448
4725,-0.105699
4726,-0.115909
4727,-0.11477
4728,-0.102812
4729,-0.0812558
4730,-0.0521178
4731,-0.0178937
4732,0.0186333
4733,0.0540216
4734,0.0841678
4735,0.105427
4736,0.115816
4737,0.114958
4738,0.103251
4739,0.0816387
4740,0.0520223
4741,0.017288
4742,-0.0192038
4743,-0.0539655
4744,-0.0835016
4745,-0.104754
4746,-0.115715
4747,-0.115496
4748,-0.103987
4749,-0.0819667
4750,-0.0516176
4751,-0.0164386
4752,0.0197448
4753,0.0536686
4754,0.0826436
4755,0.104169
4756,0.115932
4757,0.116244
4758,0.104555
4759,0.0819112
4760,0.0510768
4761,0.0159171
4762,-0.0198125
4763,-0.0532576
4764,-0.0821572
4765,-0.104064
4766,-0.116254
4767,-0.116588
4768,-0.104552
4769,-0.0816429
4770,-0.0509124
4771,-0.0160269
4772,0.0196275
4773,0.0532662
4774,0.082372
4775,0.104254
4776,0.116199
4777,0.116299
4778,0.104288
4779,0.0817019
4780,0.0513246
4781,0.0164377
4782,-0.0196509
4783,-0.0537541
4784,-0.0828599
4785,-0.104251
4786,-0.115703
4787,-0.115776
4788,-0.104191
4789,-0.082072
4790,-0.0518214
4791,-0.0166537
4792,0.0198807
4793,0.0542354
4794,0.0831917
4795,0.10417
4796,0.115323
4797,0.115454
4798,0.10416
4799,0.0822776
4800,0.0520791
4801,0.0168435
4802,-0.0198259
4803,-0.0543819
4804,-0.0835047
4805,-0.104425
4806,-0.115267
4807,-0.115078
4808,-0.103749
4809,-0.082165
4810,-0.0523813
4811,-0.0173592
4812,0.0195122
4813,0.0546024
4814,0.0841563
4815,0.104941
4816,0.11512
4817,0.114369
4818,0.103164
4819,0.0822738
4820,0.0530632
4821,0.0179648
4822,-0.0195129
4823,-0.0551697
4824,-0.0847597
4825,-0.105023
4826,-0.114593
4827,-0.113743
4828,-0.103075
4829,-0.0828008
4830,-0.0536068
4831,-0.0179237
4832,0.0200542
4833,0.0555789
4834,0.0846085
4835,0.104525
4836,0.114306
4837,0.11398
4838,0.103619
4839,0.0831018
4840,0.0532932
4841,0.0172392
4842,-0.0203822
4843,-0.0550923
4844,-0.0837282
4845,-0.104186
4846,-0.114921
4847,-0.114943
4848,-0.103952
4849,-0.0824657
4850,-0.0522792
4851,-0.0167786
4852,0.0198479
4853,0.0540132
4854,0.0831084
4855,0.104676
4856,0.116104
4857,0.115662
4858,0.103493
4859,0.0813217
4860,0.0516006
4861,0.0171649
4862,-0.0188534
4863,-0.0533466
4864,-0.0833072
4865,-0.105496
4866,-0.116782
4867,-0.115573
4868,-0.10274
4869,-0.0806713
4870,-0.0516919
4871,-0.0178135
4872,0.0183978
4873,0.0535084
4874,0.0837854
4875,0.105751
4876,0.116646
4877,0.115288
4878,0.102607
4879,0.0808005
4880,0.0519489
4881,0.0179137
4882,-0.018608
4883,-0.0538018
4884,-0.0837612
4885,-0.10537
4886,-0.116351
4887,-0.115449
4888,-0.103032
4889,-0.081
4890,-0.0517354
4891,-0.0175413
4892,0.0188008
4893,0.0536897
4894,0.0834526
4895,0.105124
4896,0.116414
4897,0.115788
4898,0.103293
4899,0.080905
4900,0.0514479
4901,0.0174382
4902,-0.0186501
4903,-0.0535614
4904,-0.0835124
4905,-0.105213
4906,-0.116346
4907,-0.115627
4908,-0.10323
4909,-0.0810204
4910,-0.0516693
4911,-0.0175899
4912,0.0187736
4913,0.0539745
4914,0.0838552
4915,0.105039
4916,0.115719
4917,0.115195
4918,0.103514
4919,0.081778
4920,0.0521453
4921,0.0173239
4922,-0.0195261
4923,-0.0545265
4924,-0.083684
4925,-0.104239
4926,-0.115001
4927,-0.115292
4928,-0.104394
4929,-0.0825574
4930,-0.0519997
4931,-0.016409
4932,0.0202588
4933,0.0543806
4934,0.0828837
4935,0.103588
4936,0.115084
4937,0.116005
4938,0.105071
4939,0.0825431
4940,0.0512933
4941,0.0157396
4942,-0.0201661
4943,-0.0536271
4944,-0.0822982
4945,-0.103777
4946,-0.115784
4947,-0.116452
4948,-0.104833
4949,-0.0818894
4950,-0.0508706
4951,-0.0159683
4952,0.0194948
4953,0.0532047
4954,0.082615
4955,0.104536
4956,0.116166
4957,0.116043
4958,0.104096
4959,0.0816121
4960,0.0512956
4961,0.0166322
4962,-0.0192084
4963,-0.053517
4964,-0.0832328
4965,-0.1049
4966,-0.115908
4967,-0.115371
4968,-0.103672
4969,-0.0818696
4970,-0.0519454
4971,-0.0169881
4972,0.0194655
4973,0.054063
4974,0.0835354
4975,0.104745
4976,0.115506
4977,0.115105
4978,0.103766
4979,0.0821963
4980,0.0521555
4981,0.016907
4982,-0.0196465
4983,-0.0540945
4984,-0.0834711
4985,-0.104788
4986,-0.115605
4987,-0.115014
4988,-0.103495
4989,-0.082083
4990,-0.0523829
4991,-0.017218
4992,0.0196037
4993,0.0543353
4994,0.0837399
4995,0.104885
4996,0.115494
4997,0.114759
4998,0.103269
4999,0.0821198
